149.300 -0.000000 34.000 1.0000e+00   -2.108e+02   0.2569696   0.007  0.1451096  0.1118601
149.300 -0.000000 34.100 1.0000e+00   -2.023e+02   0.2512827   0.005  0.1432532  0.1080293
149.300 -0.000000 34.200 1.0000e+00   -1.990e+02   0.2489523   0.003  0.1426113  0.1063410
149.300 -0.000000 34.300 1.0000e+00   -1.959e+02   0.2466953   0.003  0.1417906  0.1049042
149.300 -0.000000 34.400 1.0000e+00   -1.955e+02   0.2462027   0.003  0.1418503  0.1043524
149.900 -0.000000 36.000 1.0000e+00   -1.991e+02   0.2483338   0.003  0.1431092  0.1052246
149.900 -0.000000 36.100 1.0000e+00   -2.045e+02   0.2514226   0.003  0.1446437  0.1067796
149.900 -0.000000 36.200 9.9997e-01   -2.120e+02   0.2557462   0.004  0.1466792  0.1090669
149.900 -0.000000 36.300 1.0000e+00   -2.241e+02   0.2627397   0.007  0.1496019  0.1131375
149.900 -0.000000 36.400 1.0000e+00   -2.413e+02   0.2724054   0.012  0.1530803  0.1193250
149.900 -0.000000 36.500 1.0000e+00   -2.599e+02   0.2823509   0.019  0.1562405  0.1261103
149.900 -0.000000 36.600 1.0000e+00   -2.899e+02   0.2976095   0.039  0.1599992  0.1376103
149.900 -0.000000 36.700 9.9999e-01   -3.315e+02   0.3176599   0.085  0.1644626  0.1531973
149.900 -0.000000 36.800 1.0000e+00   -4.133e+02   0.3542599   0.453  0.1735960  0.1806642
149.900 -0.000000 36.900 1.0361e+00   -4.401e+02   0.3656287   0.703  0.1775939  0.1880345
149.900 -0.000000 37.000 1.0767e+00   -4.458e+02   0.3678445   0.702  0.1786547  0.1891900
149.900 -0.000000 37.100 1.1257e+00   -4.535e+02   0.3710071   0.701  0.1800964  0.1909104
149.900 -0.000000 37.200 1.1793e+00   -4.613e+02   0.3743659   0.702  0.1815954  0.1927712
149.900 -0.000000 37.300 1.2350e+00   -4.700e+02   0.3779369   0.700  0.1831878  0.1947493
149.900 -0.000000 37.400 1.2959e+00   -4.781e+02   0.3816197   0.702  0.1848662  0.1967545
149.900 -0.000000 37.500 1.3571e+00   -4.855e+02   0.3851754   0.702  0.1864565  0.1987191
149.900 -0.000000 37.600 1.4282e+00   -4.927e+02   0.3882589   0.700  0.1877896  0.2004694
149.900 -0.000000 37.700 1.5008e+00   -5.016e+02   0.3920442   0.701  0.1894585  0.2025862
149.900 -0.000000 37.800 1.5759e+00   -5.125e+02   0.3966434   0.704  0.1914721  0.2051712
149.900 -0.000000 37.900 1.6574e+00   -5.233e+02   0.4012288   0.706  0.1934593  0.2077694
149.950 -0.000000 34.000 1.7388e+00   -5.328e+02   0.4049906   0.705  0.1950818  0.2099083
149.950 -0.000000 34.100 1.8364e+00   -5.440e+02   0.4096944   0.707  0.1971048  0.2125894
149.950 -0.000000 34.200 1.9268e+00   -5.566e+02   0.4145478   0.709  0.1991466  0.2154011
149.950 -0.000000 34.300 2.0252e+00   -5.690e+02   0.4195678   0.710  0.2012689  0.2182989
149.950 -0.000000 34.400 2.1314e+00   -5.823e+02   0.4247340   0.710  0.2034278  0.2213060
149.950 -0.000000 34.500 2.2335e+00   -5.962e+02   0.4298860   0.710  0.2055534  0.2243326
149.950 -0.000000 34.600 2.3433e+00   -6.115e+02   0.4353253   0.712  0.2077846  0.2275410
149.950 -0.000000 34.700 2.4632e+00   -6.265e+02   0.4406791   0.713  0.2099522  0.2307267
149.950 -0.000000 34.800 2.5835e+00   -6.424e+02   0.4464028   0.712  0.2122647  0.2341381
149.950 -0.000000 34.900 2.6987e+00   -6.610e+02   0.4527453   0.714  0.2147613  0.2379841
149.950 -0.000000 35.000 2.8284e+00   -6.780e+02   0.4584256   0.713  0.2169501  0.2414751
149.950 -0.000000 35.100 2.9686e+00   -6.966e+02   0.4646511   0.709  0.2193698  0.2452806
149.950 -0.000000 35.200 3.1080e+00   -7.147e+02   0.4704739   0.709  0.2215967  0.2488780
149.950 -0.000000 35.300 3.2480e+00   -7.310e+02   0.4758676   0.708  0.2236607  0.2522070
149.950 -0.000000 35.400 3.3957e+00   -7.493e+02   0.4818575   0.705  0.2258372  0.2560197
149.950 -0.000000 35.500 1.0000e+00   -2.123e+02   0.2579352   0.007  0.1455944  0.1123409
149.950 -0.000000 35.600 1.0000e+00   -2.032e+02   0.2518972   0.005  0.1435528  0.1083438
149.950 -0.000000 35.700 1.0001e+00   -2.004e+02   0.2499538   0.004  0.1429878  0.1069659
149.950 -0.000000 35.800 1.0000e+00   -1.961e+02   0.2468418   0.003  0.1419105  0.1049311
149.950 -0.000000 35.900 1.0000e+00   -1.967e+02   0.2470127   0.003  0.1422726  0.1047404
149.950 -0.000000 36.000 1.0000e+00   -1.993e+02   0.2483900   0.003  0.1431484  0.1052414
149.950 -0.000000 36.100 1.0001e+00   -2.045e+02   0.2514833   0.003  0.1447103  0.1067731
149.950 -0.000000 36.200 1.0000e+00   -2.138e+02   0.2568537   0.005  0.1471843  0.1096691
149.950 -0.000000 36.300 1.0000e+00   -2.254e+02   0.2635418   0.007  0.1498978  0.1136436
149.950 -0.000000 36.400 1.0000e+00   -2.410e+02   0.2722517   0.011  0.1531084  0.1191432
149.950 -0.000000 36.500 1.0000e+00   -2.612e+02   0.2830332   0.020  0.1565025  0.1265306
149.950 -0.000000 36.600 1.0000e+00   -2.884e+02   0.2968675   0.037  0.1599158  0.1369516
149.950 -0.000000 36.700 9.9999e-01   -3.302e+02   0.3170162   0.085  0.1644294  0.1525868
149.950 -0.000000 36.800 1.0000e+00   -4.113e+02   0.3533811   0.414  0.1733224  0.1800592
149.950 -0.000000 36.900 1.0338e+00   -4.404e+02   0.3657641   0.703  0.1775732  0.1881910
149.350 -0.000000 35.000 1.3556e+00   -5.038e+02   0.3900835   0.710  0.1873528  0.2027296
149.350 -0.000000 35.100 1.4216e+00   -5.133e+02   0.3945558   0.710  0.1893419  0.2052134
149.350 -0.000000 35.200 1.4956e+00   -5.215e+02   0.3980766   0.710  0.1908890  0.2071879
149.350 -0.000000 35.300 1.5667e+00   -5.300e+02   0.4013637   0.710  0.1923297  0.2090346
149.350 -0.000000 35.400 1.6474e+00   -5.396e+02   0.4050934   0.709  0.1939279  0.2111656
149.950 -0.000000 37.000 1.7227e+00   -5.483e+02   0.4082862   0.710  0.1953170  0.2129694
149.950 -0.000000 37.100 1.8133e+00   -5.600e+02   0.4129471   0.711  0.1973303  0.2156167
149.950 -0.000000 37.200 1.9094e+00   -5.718e+02   0.4175634   0.713  0.1992487  0.2183143
149.950 -0.000000 37.300 2.0063e+00   -5.837e+02   0.4220239   0.714  0.2011148  0.2209092
149.950 -0.000000 37.400 2.1073e+00   -5.952e+02   0.4263016   0.712  0.2029095  0.2233923
149.950 -0.000000 37.500 2.2171e+00   -6.081e+02   0.4309769   0.713  0.2048379  0.2261393
149.950 -0.000000 37.600 2.3312e+00   -6.218e+02   0.4358329   0.713  0.2068033  0.2290291
149.950 -0.000000 37.700 2.4512e+00   -6.373e+02   0.4413188   0.715  0.2089943  0.2323247
149.950 -0.000000 37.800 2.5703e+00   -6.527e+02   0.4468528   0.715  0.2112029  0.2356500
149.950 -0.000000 37.900 2.7058e+00   -6.703e+02   0.4530403   0.712  0.2136819  0.2393579
150.000 -0.000000 34.000 2.8229e+00   -6.871e+02   0.4586576   0.712  0.2158314  0.2428267
150.000 -0.000000 34.100 2.9555e+00   -7.042e+02   0.4645076   0.712  0.2180736  0.2464337
150.000 -0.000000 34.200 3.1035e+00   -7.212e+02   0.4699375   0.710  0.2201077  0.2498303
150.000 -0.000000 34.300 3.2528e+00   -7.370e+02   0.4749734   0.709  0.2219527  0.2530210
150.000 -0.000000 34.400 3.3888e+00   -7.578e+02   0.4817424   0.707  0.2245039  0.2572391
150.000 -0.000000 34.500 1.0000e+00   -2.339e+02   0.2714276   0.012  0.1514584  0.1199694
150.000 -0.000000 34.600 1.0000e+00   -2.222e+02   0.2638891   0.008  0.1490569  0.1148321
150.000 -0.000000 34.700 9.9998e-01   -2.151e+02   0.2591685   0.006  0.1475539  0.1116147
150.000 -0.000000 34.800 1.0000e+00   -2.131e+02   0.2576889   0.005  0.1471580  0.1105309
150.000 -0.000000 34.900 1.0000e+00   -2.112e+02   0.2561840   0.004  0.1468430  0.1093409
150.000 -0.000000 35.000 1.0001e+00   -2.123e+02   0.2565368   0.004  0.1472524  0.1092844
150.000 -0.000000 35.100 9.9996e-01   -2.173e+02   0.2593559   0.005  0.1485508  0.1108054
150.000 -0.000000 35.200 1.0001e+00   -2.243e+02   0.2632924   0.006  0.1503785  0.1129139
150.000 -0.000000 35.300 1.0000e+00   -2.367e+02   0.2701950   0.009  0.1531696  0.1170258
150.000 -0.000000 35.400 1.0000e+00   -2.508e+02   0.2779323   0.013  0.1560832  0.1218490
150.000 -0.000000 35.500 9.9998e-01   -2.736e+02   0.2898937   0.023  0.1595058  0.1303878
150.000 -0.000000 35.600 1.0001e+00   -3.052e+02   0.3058911   0.048  0.1633835  0.1425077
150.000 -0.000000 35.700 1.0000e+00   -3.488e+02   0.3263896   0.096  0.1678652  0.1585238
150.000 -0.000000 35.800 1.0000e+00   -4.371e+02   0.3649682   0.476  0.1772491  0.1877189
150.000 -0.000000 35.900 1.0348e+00   -4.635e+02   0.3756159   0.714  0.1808160  0.1948002
150.000 -0.000000 36.000 1.0781e+00   -4.687e+02   0.3771478   0.714  0.1815373  0.1956107
150.000 -0.000000 36.100 1.1261e+00   -4.755e+02   0.3794060   0.714  0.1825690  0.1968369
150.000 -0.000000 36.200 1.1736e+00   -4.836e+02   0.3822859   0.711  0.1838637  0.1984221
150.000 -0.000000 36.300 1.2289e+00   -4.912e+02   0.3850577   0.711  0.1850621  0.1999956
150.000 -0.000000 36.400 1.2901e+00   -4.987e+02   0.3878428   0.711  0.1862738  0.2015687
150.000 -0.000000 36.500 1.3524e+00   -5.064e+02   0.3911542   0.711  0.1877513  0.2034032
150.000 -0.000000 36.600 1.4211e+00   -5.154e+02   0.3952284   0.712  0.1895405  0.2056885
150.000 -0.000000 36.700 1.4942e+00   -5.233e+02   0.3986001   0.711  0.1910234  0.2075762
150.000 -0.000000 36.800 1.5635e+00   -5.324e+02   0.4020469   0.712  0.1925322  0.2095150
150.000 -0.000000 36.900 1.6394e+00   -5.416e+02   0.4056513   0.713  0.1941027  0.2115487
150.000 -0.000000 37.000 1.7231e+00   -5.506e+02   0.4089999   0.712  0.1955449  0.2134553
150.000 -0.000000 37.100 1.8132e+00   -5.620e+02   0.4134364   0.713  0.1974410  0.2159946
150.000 -0.000000 37.200 1.9075e+00   -5.736e+02   0.4179376   0.713  0.1993336  0.2186041
150.000 -0.000000 37.300 2.0044e+00   -5.855e+02   0.4224362   0.714  0.2012004  0.2212361
150.000 -0.000000 37.400 2.1068e+00   -5.971e+02   0.4267887   0.712  0.2030300  0.2237591
150.000 -0.000000 37.500 1.0747e+00   -4.475e+02   0.3684722   0.702  0.1788244  0.1896477
150.000 -0.000000 37.600 1.1260e+00   -4.553e+02   0.3716805   0.703  0.1802835  0.1913966
150.000 -0.000000 37.700 1.1784e+00   -4.634e+02   0.3749841   0.702  0.1817666  0.1932173
150.000 -0.000000 37.800 1.2342e+00   -4.716e+02   0.3784123   0.701  0.1832789  0.1951329
150.000 -0.000000 37.900 1.2961e+00   -4.798e+02   0.3821928   0.704  0.1850013  0.1971916
149.350 -0.000000 35.500 2.2192e+00   -6.098e+02   0.4313686   0.713  0.2049091  0.2264594
149.350 -0.000000 35.600 2.3290e+00   -6.232e+02   0.4361036   0.713  0.2068237  0.2292807
149.350 -0.000000 35.700 2.4466e+00   -6.383e+02   0.4413467   0.714  0.2089132  0.2324343
149.350 -0.000000 35.800 2.5695e+00   -6.537e+02   0.4468996   0.715  0.2111367  0.2357628
149.350 -0.000000 35.900 2.7047e+00   -6.713e+02   0.4531843   0.711  0.2136524  0.2395326
150.050 -0.000000 34.000 2.8242e+00   -6.884e+02   0.4588664   0.711  0.2158492  0.2430177
150.050 -0.000000 34.100 2.9547e+00   -7.053e+02   0.4646474   0.713  0.2180543  0.2465935
150.050 -0.000000 34.200 3.1045e+00   -7.219e+02   0.4698155   0.709  0.2199674  0.2498486
150.050 -0.000000 34.300 3.2398e+00   -7.389e+02   0.4752880   0.708  0.2220072  0.2532806
150.050 -0.000000 34.400 3.3927e+00   -7.588e+02   0.4817919   0.707  0.2244240  0.2573681
150.050 -0.000000 34.500 1.0000e+00   -2.368e+02   0.2731696   0.014  0.1520295  0.1211401
150.050 -0.000000 34.600 1.0000e+00   -2.252e+02   0.2658322   0.009  0.1500027  0.1158299
150.050 -0.000000 34.700 1.0000e+00   -2.174e+02   0.2605828   0.006  0.1482430  0.1123401
150.050 -0.000000 34.800 1.0000e+00   -2.154e+02   0.2590826   0.006  0.1478093  0.1112741
150.050 -0.000000 34.900 1.0001e+00   -2.129e+02   0.2572306   0.004  0.1473599  0.1098702
150.050 -0.000000 35.000 1.0000e+00   -2.143e+02   0.2578041   0.004  0.1478197  0.1099848
150.050 -0.000000 35.100 1.0000e+00   -2.188e+02   0.2602575   0.005  0.1489901  0.1112670
150.050 -0.000000 35.200 1.0000e+00   -2.255e+02   0.2639606   0.006  0.1507239  0.1132361
150.050 -0.000000 35.300 1.0000e+00   -2.382e+02   0.2710610   0.009  0.1535731  0.1174878
150.050 -0.000000 35.400 1.0000e+00   -2.525e+02   0.2788421   0.013  0.1564664  0.1223752
150.050 -0.000000 35.500 1.0000e+00   -2.755e+02   0.2909822   0.025  0.1598213  0.1311606
150.050 -0.000000 35.600 1.0000e+00   -3.070e+02   0.3068120   0.049  0.1637526  0.1430589
150.050 -0.000000 35.700 1.0000e+00   -3.520e+02   0.3279412   0.099  0.1683442  0.1595965
150.050 -0.000000 35.800 9.9998e-01   -4.344e+02   0.3639269   0.424  0.1770111  0.1869156
150.050 -0.000000 35.900 1.0349e+00   -4.654e+02   0.3764211   0.718  0.1810779  0.1953434
150.050 -0.000000 36.000 1.0780e+00   -4.705e+02   0.3779582   0.716  0.1818186  0.1961394
150.050 -0.000000 36.100 1.1255e+00   -4.783e+02   0.3806012   0.714  0.1830107  0.1975899
150.050 -0.000000 36.200 1.1739e+00   -4.858e+02   0.3830800   0.713  0.1841230  0.1989571
150.050 -0.000000 36.300 1.2298e+00   -4.925e+02   0.3854540   0.710  0.1851757  0.2002784
150.050 -0.000000 36.400 1.2906e+00   -5.010e+02   0.3886885   0.713  0.1865581  0.2021305
150.050 -0.000000 36.500 1.3505e+00   -5.086e+02   0.3918808   0.713  0.1879852  0.2038964
150.050 -0.000000 36.600 1.4207e+00   -5.175e+02   0.3958745   0.712  0.1897220  0.2061531
150.050 -0.000000 36.700 1.4931e+00   -5.253e+02   0.3991276   0.711  0.1911641  0.2079633
150.050 -0.000000 36.800 1.5663e+00   -5.344e+02   0.4027307   0.713  0.1927397  0.2099914
150.050 -0.000000 36.900 1.6375e+00   -5.425e+02   0.4058284   0.712  0.1941079  0.2117210
150.050 -0.000000 37.000 1.7248e+00   -5.527e+02   0.4095851   0.712  0.1957023  0.2138822
150.050 -0.000000 37.100 1.8141e+00   -5.642e+02   0.4139706   0.713  0.1975829  0.2163877
150.050 -0.000000 37.200 1.9061e+00   -5.757e+02   0.4184477   0.715  0.1994675  0.2189800
150.050 -0.000000 37.300 2.0033e+00   -5.858e+02   0.4223943   0.714  0.2011175  0.2212771
150.050 -0.000000 37.400 2.1087e+00   -5.989e+02   0.4271988   0.713  0.2031086  0.2240897
150.050 -0.000000 37.500 2.2177e+00   -6.119e+02   0.4320013   0.714  0.2050888  0.2269127
150.050 -0.000000 37.600 2.3292e+00   -6.255e+02   0.4367278   0.713  0.2070065  0.2297211
150.050 -0.000000 37.700 2.4441e+00   -6.400e+02   0.4417048   0.715  0.2090007  0.2327037
150.050 -0.000000 37.800 2.5724e+00   -6.546e+02   0.4469367   0.714  0.2110649  0.2358713
150.050 -0.000000 37.900 2.7005e+00   -6.731e+02   0.4536662   0.710  0.2137844  0.2398823
150.100 -0.000000 34.000 2.8241e+00   -6.893e+02   0.4589607   0.710  0.2158104  0.2431503
150.100 -0.000000 34.100 2.9563e+00   -7.054e+02   0.4642373   0.710  0.2177863  0.2464511
150.100 -0.000000 34.200 3.1044e+00   -7.224e+02   0.4698671   0.709  0.2199075  0.2499599
150.100 -0.000000 34.300 3.2416e+00   -7.402e+02   0.4755540   0.708  0.2220109  0.2535434
150.100 -0.000000 34.400 3.3915e+00   -7.593e+02   0.4817599   0.706  0.2243297  0.2574294
150.100 -0.000000 34.500 1.3598e+00   -4.869e+02   0.3856121   0.703  0.1865374  0.1990752
150.100 -0.000000 34.600 1.4266e+00   -4.934e+02   0.3883086   0.702  0.1877200  0.2005883
150.100 -0.000000 34.700 1.4996e+00   -5.032e+02   0.3924924   0.702  0.1895495  0.2029432
150.100 -0.000000 34.800 1.5782e+00   -5.134e+02   0.3968052   0.704  0.1914404  0.2053645
150.100 -0.000000 34.900 1.6573e+00   -5.236e+02   0.4010159   0.705  0.1932680  0.2077483
149.350 -0.000000 36.000 1.0001e+00   -2.399e+02   0.2749897   0.015  0.1527273  0.1222625
149.350 -0.000000 36.100 1.0000e+00   -2.279e+02   0.2674506   0.009  0.1506388  0.1168116
149.350 -0.000000 36.200 1.0000e+00   -2.195e+02   0.2619328   0.006  0.1488414  0.1130916
149.350 -0.000000 36.300 1.0001e+00   -2.182e+02   0.2608343   0.006  0.1486358  0.1121981
149.350 -0.000000 36.400 1.0000e+00   -2.141e+02   0.2580053   0.005  0.1477225  0.1102828
150.100 -0.000000 35.000 1.0000e+00   -2.158e+02   0.2587444   0.005  0.1482362  0.1105079
150.100 -0.000000 35.100 1.0000e+00   -2.201e+02   0.2610625   0.006  0.1494082  0.1116543
150.100 -0.000000 35.200 1.0000e+00   -2.273e+02   0.2650779   0.007  0.1513292  0.1137488
150.100 -0.000000 35.300 1.0000e+00   -2.381e+02   0.2710360   0.009  0.1536696  0.1173661
150.100 -0.000000 35.400 1.0001e+00   -2.555e+02   0.2804964   0.014  0.1569858  0.1235109
150.100 -0.000000 35.500 1.0000e+00   -2.775e+02   0.2920793   0.026  0.1602812  0.1317984
150.100 -0.000000 35.600 1.0000e+00   -3.095e+02   0.3080852   0.049  0.1642548  0.1438304
150.100 -0.000000 35.700 1.0000e+00   -3.558e+02   0.3297931   0.106  0.1688994  0.1608941
150.100 -0.000000 35.800 9.9997e-01   -4.339e+02   0.3638814   0.410  0.1770468  0.1868346
150.100 -0.000000 35.900 1.0354e+00   -4.675e+02   0.3773190   0.717  0.1813980  0.1959211
150.100 -0.000000 36.000 1.0779e+00   -4.734e+02   0.3791601   0.715  0.1822475  0.1969128
150.100 -0.000000 36.100 1.1255e+00   -4.810e+02   0.3817183   0.715  0.1834150  0.1983040
150.100 -0.000000 36.200 1.1741e+00   -4.876e+02   0.3837202   0.714  0.1843271  0.1993923
150.100 -0.000000 36.300 1.2296e+00   -4.952e+02   0.3864872   0.713  0.1855561  0.2009313
150.100 -0.000000 36.400 1.2845e+00   -5.029e+02   0.3895065   0.713  0.1868367  0.2026697
150.100 -0.000000 36.500 1.3520e+00   -5.109e+02   0.3925988   0.713  0.1882019  0.2043968
150.100 -0.000000 36.600 1.4215e+00   -5.193e+02   0.3964674   0.714  0.1898974  0.2065702
150.100 -0.000000 36.700 1.4898e+00   -5.271e+02   0.3996546   0.714  0.1913218  0.2083322
150.100 -0.000000 36.800 1.5594e+00   -5.358e+02   0.4030550   0.713  0.1927906  0.2102643
150.100 -0.000000 36.900 1.6374e+00   -5.446e+02   0.4064338   0.712  0.1942878  0.2121458
150.100 -0.000000 37.000 1.7242e+00   -5.557e+02   0.4107122   0.713  0.1961162  0.2145966
150.100 -0.000000 37.100 1.8124e+00   -5.660e+02   0.4143988   0.712  0.1976882  0.2167109
150.100 -0.000000 37.200 1.9048e+00   -5.771e+02   0.4186843   0.714  0.1994844  0.2192010
150.100 -0.000000 37.300 2.0004e+00   -5.875e+02   0.4226831   0.714  0.2011644  0.2215187
150.100 -0.000000 37.400 2.1118e+00   -6.002e+02   0.4274581   0.713  0.2031356  0.2243226
150.100 -0.000000 37.500 2.2157e+00   -6.135e+02   0.4322863   0.715  0.2051245  0.2271620
150.100 -0.000000 37.600 2.3318e+00   -6.277e+02   0.4372231   0.713  0.2071016  0.2301214
150.100 -0.000000 37.700 2.4482e+00   -6.419e+02   0.4423035   0.714  0.2091694  0.2331336
150.100 -0.000000 37.800 2.5703e+00   -6.560e+02   0.4471739   0.715  0.2110888  0.2360849
150.100 -0.000000 37.900 2.7010e+00   -6.748e+02   0.4539992   0.711  0.2138351  0.2401638
150.150 -0.000000 34.000 2.8235e+00   -6.913e+02   0.4594147   0.709  0.2159266  0.2434879
150.150 -0.000000 34.100 2.9664e+00   -7.066e+02   0.4642562   0.710  0.2176894  0.2465665
150.150 -0.000000 34.200 3.0917e+00   -7.246e+02   0.4703696   0.709  0.2200455  0.2503239
150.150 -0.000000 34.300 3.2392e+00   -7.417e+02   0.4758174   0.707  0.2220527  0.2537647
150.150 -0.000000 34.400 3.3894e+00   -7.596e+02   0.4815919   0.706  0.2241891  0.2574025
150.150 -0.000000 34.500 9.9997e-01   -2.424e+02   0.2764622   0.016  0.1533491  0.1231129
150.150 -0.000000 34.600 1.0001e+00   -2.298e+02   0.2685905   0.010  0.1510415  0.1175484
150.150 -0.000000 34.700 1.0000e+00   -2.229e+02   0.2640216   0.007  0.1496529  0.1143688
150.150 -0.000000 34.800 1.0001e+00   -2.208e+02   0.2625321   0.006  0.1495364  0.1129953
150.150 -0.000000 34.900 1.0000e+00   -2.168e+02   0.2596876   0.005  0.1484727  0.1112150
150.150 -0.000000 35.000 1.0000e+00   -2.172e+02   0.2596014   0.005  0.1486675  0.1109338
150.150 -0.000000 35.100 1.0000e+00   -2.218e+02   0.2621031   0.006  0.1499012  0.1122021
150.150 -0.000000 35.200 9.9999e-01   -2.294e+02   0.2663384   0.007  0.1519226  0.1144160
150.150 -0.000000 35.300 1.0001e+00   -2.400e+02   0.2721666   0.010  0.1541879  0.1179786
150.150 -0.000000 35.400 1.0001e+00   -2.583e+02   0.2820496   0.016  0.1575124  0.1245367
150.150 -0.000000 35.500 1.7388e+00   -5.339e+02   0.4053046   0.706  0.1951139  0.2101903
150.150 -0.000000 35.600 1.8281e+00   -5.454e+02   0.4100260   0.708  0.1971561  0.2128691
150.150 -0.000000 35.700 1.9244e+00   -5.574e+02   0.4145740   0.708  0.1990525  0.2155216
150.150 -0.000000 35.800 2.0248e+00   -5.699e+02   0.4196432   0.709  0.2011893  0.2184540
150.150 -0.000000 35.900 2.1236e+00   -5.827e+02   0.4246145   0.709  0.2032633  0.2213516
149.350 -0.000000 36.500 9.9998e-01   -2.790e+02   0.2929431   0.026  0.1607072  0.1322361
149.350 -0.000000 36.600 1.0000e+00   -3.095e+02   0.3081831   0.049  0.1645529  0.1436305
149.350 -0.000000 36.700 1.0000e+00   -3.562e+02   0.3300743   0.104  0.1691132  0.1609605
149.350 -0.000000 36.800 9.9999e-01   -4.429e+02   0.3677596   0.482  0.1782767  0.1894831
149.350 -0.000000 36.900 1.0348e+00   -4.701e+02   0.3784839   0.721  0.1818358  0.1966483
150.150 -0.000000 36.000 1.0774e+00   -4.766e+02   0.3805373   0.718  0.1827686  0.1977692
150.150 -0.000000 36.100 1.1268e+00   -4.835e+02   0.3827453   0.717  0.1837824  0.1989628
150.150 -0.000000 36.200 1.1732e+00   -4.901e+02   0.3847095   0.714  0.1846765  0.2000336
150.150 -0.000000 36.300 1.2297e+00   -4.974e+02   0.3873390   0.715  0.1858570  0.2014820
150.150 -0.000000 36.400 1.2838e+00   -5.047e+02   0.3901062   0.714  0.1870422  0.2030642
150.150 -0.000000 36.500 1.3541e+00   -5.135e+02   0.3935531   0.714  0.1885246  0.2050283
150.150 -0.000000 36.600 1.4192e+00   -5.212e+02   0.3970262   0.714  0.1900739  0.2069519
150.150 -0.000000 36.700 1.4894e+00   -5.293e+02   0.4003085   0.715  0.1915179  0.2087904
150.150 -0.000000 36.800 1.5597e+00   -5.381e+02   0.4037412   0.715  0.1929980  0.2107423
150.150 -0.000000 36.900 1.6388e+00   -5.464e+02   0.4068967   0.714  0.1943988  0.2124981
150.150 -0.000000 37.000 1.7256e+00   -5.576e+02   0.4112231   0.714  0.1962381  0.2149847
150.150 -0.000000 37.100 1.8135e+00   -5.679e+02   0.4149267   0.714  0.1978206  0.2171058
150.150 -0.000000 37.200 1.9042e+00   -5.792e+02   0.4191988   0.714  0.1996336  0.2195657
150.150 -0.000000 37.300 2.0038e+00   -5.893e+02   0.4231630   0.713  0.2012708  0.2218915
150.150 -0.000000 37.400 2.1114e+00   -6.024e+02   0.4280629   0.713  0.2033112  0.2247517
150.150 -0.000000 37.500 2.2200e+00   -6.155e+02   0.4327984   0.715  0.2052399  0.2275580
150.150 -0.000000 37.600 2.3283e+00   -6.301e+02   0.4379655   0.714  0.2073502  0.2306152
150.150 -0.000000 37.700 2.4493e+00   -6.437e+02   0.4426569   0.714  0.2092325  0.2334245
150.150 -0.000000 37.800 2.5680e+00   -6.576e+02   0.4475769   0.713  0.2111924  0.2363845
150.150 -0.000000 37.900 2.7023e+00   -6.763e+02   0.4542359   0.710  0.2138460  0.2403907
150.200 -0.000000 34.000 2.8290e+00   -6.920e+02   0.4594220   0.710  0.2158513  0.2435709
150.200 -0.000000 34.100 2.9658e+00   -7.081e+02   0.4646014   0.710  0.2177612  0.2468393
150.200 -0.000000 34.200 3.0921e+00   -7.259e+02   0.4705749   0.708  0.2200496  0.2505249
150.200 -0.000000 34.300 3.2411e+00   -7.429e+02   0.4759916   0.706  0.2220153  0.2539760
150.200 -0.000000 34.400 3.3881e+00   -7.606e+02   0.4817223   0.703  0.2241677  0.2575546
150.200 -0.000000 34.500 1.0000e+00   -2.455e+02   0.2783417   0.016  0.1542241  0.1241181
150.200 -0.000000 34.600 1.0001e+00   -2.325e+02   0.2701769   0.011  0.1516099  0.1185672
150.200 -0.000000 34.700 1.0001e+00   -2.255e+02   0.2656019   0.008  0.1503514  0.1152505
150.200 -0.000000 34.800 1.0000e+00   -2.222e+02   0.2633557   0.006  0.1499498  0.1134058
150.200 -0.000000 34.900 1.0000e+00   -2.194e+02   0.2612889   0.006  0.1492207  0.1120683
150.200 -0.000000 35.000 1.0001e+00   -2.191e+02   0.2607506   0.005  0.1491852  0.1115651
150.200 -0.000000 35.100 1.0000e+00   -2.234e+02   0.2630463   0.006  0.1503584  0.1126883
150.200 -0.000000 35.200 9.9997e-01   -2.308e+02   0.2671579   0.007  0.1523534  0.1148044
150.200 -0.000000 35.300 1.0000e+00   -2.412e+02   0.2728693   0.010  0.1545607  0.1183083
150.200 -0.000000 35.400 1.0000e+00   -2.593e+02   0.2826372   0.017  0.1578237  0.1248136
150.200 -0.000000 35.500 1.0000e+00   -2.808e+02   0.2939280   0.027  0.1612082  0.1327194
150.200 -0.000000 35.600 1.0000e+00   -3.124e+02   0.3096785   0.051  0.1650788  0.1445993
150.200 -0.000000 35.700 1.0000e+00   -3.588e+02   0.3313250   0.108  0.1694919  0.1618329
150.200 -0.000000 35.800 9.9999e-01   -4.494e+02   0.3706581   0.529  0.1792200  0.1914375
150.200 -0.000000 35.900 1.0342e+00   -4.725e+02   0.3795854   0.722  0.1822449  0.1973407
150.200 -0.000000 36.000 1.0774e+00   -4.794e+02   0.3817193   0.720  0.1832141  0.1985051
150.200 -0.000000 36.100 1.1263e+00   -4.860e+02   0.3837383   0.717  0.1841386  0.1996000
150.200 -0.000000 36.200 1.1730e+00   -4.926e+02   0.3857429   0.716  0.1850496  0.2006933
150.200 -0.000000 36.300 1.2257e+00   -5.001e+02   0.3884354   0.715  0.1862573  0.2021789
150.200 -0.000000 36.400 1.2859e+00   -5.071e+02   0.3910194   0.715  0.1873772  0.2036426
150.200 -0.000000 36.500 2.2286e+00   -5.975e+02   0.4300275   0.712  0.2055076  0.2245198
150.200 -0.000000 36.600 2.3414e+00   -6.119e+02   0.4352411   0.712  0.2076265  0.2276150
150.200 -0.000000 36.700 2.4621e+00   -6.266e+02   0.4405217   0.713  0.2097762  0.2307449
150.200 -0.000000 36.800 2.5788e+00   -6.428e+02   0.4461956   0.713  0.2120661  0.2341296
150.200 -0.000000 36.900 2.6960e+00   -6.610e+02   0.4525039   0.713  0.2145431  0.2379606
149.350 -0.000000 37.000 1.3533e+00   -5.157e+02   0.3942944   0.714  0.1887651  0.2055294
149.350 -0.000000 37.100 1.4185e+00   -5.239e+02   0.3979341   0.715  0.1903761  0.2075582
149.350 -0.000000 37.200 1.4873e+00   -5.313e+02   0.4008500   0.715  0.1916636  0.2091868
149.350 -0.000000 37.300 1.5590e+00   -5.397e+02   0.4041815   0.714  0.1931224  0.2110590
149.350 -0.000000 37.400 1.6374e+00   -5.486e+02   0.4075663   0.714  0.1946015  0.2129646
150.200 -0.000000 37.000 1.7225e+00   -5.599e+02   0.4118603   0.715  0.1964406  0.2154204
150.200 -0.000000 37.100 1.8118e+00   -5.698e+02   0.4154094   0.713  0.1979513  0.2174580
150.200 -0.000000 37.200 1.9051e+00   -5.806e+02   0.4194957   0.713  0.1997018  0.2197945
150.200 -0.000000 37.300 2.0049e+00   -5.910e+02   0.4235330   0.714  0.2013409  0.2221923
150.200 -0.000000 37.400 2.1080e+00   -6.042e+02   0.4284941   0.713  0.2034354  0.2250598
150.200 -0.000000 37.500 2.2190e+00   -6.178e+02   0.4333627   0.714  0.2054244  0.2279380
150.200 -0.000000 37.600 2.3305e+00   -6.320e+02   0.4385015   0.714  0.2074929  0.2310085
150.200 -0.000000 37.700 2.4482e+00   -6.450e+02   0.4428842   0.713  0.2092538  0.2336306
150.200 -0.000000 37.800 2.5686e+00   -6.597e+02   0.4481152   0.713  0.2113381  0.2367772
150.200 -0.000000 37.900 2.7036e+00   -6.776e+02   0.4544286   0.709  0.2138552  0.2405730
150.250 -0.000000 34.000 2.8359e+00   -6.934e+02   0.4596454   0.709  0.2158399  0.2438061
150.250 -0.000000 34.100 2.9595e+00   -7.098e+02   0.4648004   0.709  0.2177889  0.2470123
150.250 -0.000000 34.200 3.0982e+00   -7.265e+02   0.4704106   0.708  0.2198755  0.2505349
150.250 -0.000000 34.300 3.2395e+00   -7.444e+02   0.4762233   0.707  0.2220534  0.2541692
150.250 -0.000000 34.400 3.3848e+00   -7.612e+02   0.4816722   0.704  0.2240578  0.2576149
150.250 -0.000000 34.500 1.0000e+00   -2.491e+02   0.2804317   0.018  0.1549126  0.1255189
150.250 -0.000000 34.600 1.0000e+00   -2.348e+02   0.2715475   0.012  0.1521962  0.1193516
150.250 -0.000000 34.700 9.9999e-01   -2.270e+02   0.2665153   0.009  0.1508320  0.1156832
150.250 -0.000000 34.800 1.0000e+00   -2.263e+02   0.2658766   0.008  0.1508292  0.1150467
150.250 -0.000000 34.900 1.0000e+00   -2.218e+02   0.2628047   0.006  0.1499382  0.1128667
150.250 -0.000000 35.000 1.0001e+00   -2.207e+02   0.2617283   0.006  0.1496997  0.1120288
150.250 -0.000000 35.100 1.0000e+00   -2.256e+02   0.2643832   0.007  0.1509983  0.1133848
150.250 -0.000000 35.200 1.0001e+00   -2.329e+02   0.2684449   0.007  0.1529019  0.1155431
150.250 -0.000000 35.300 9.9999e-01   -2.441e+02   0.2745418   0.010  0.1553209  0.1192210
150.250 -0.000000 35.400 1.0000e+00   -2.600e+02   0.2830395   0.016  0.1580271  0.1250129
150.250 -0.000000 35.500 1.0001e+00   -2.838e+02   0.2955278   0.029  0.1617810  0.1337466
150.250 -0.000000 35.600 1.0000e+00   -3.136e+02   0.3103340   0.051  0.1653784  0.1449558
150.250 -0.000000 35.700 1.0000e+00   -3.634e+02   0.3336025   0.118  0.1701868  0.1634152
150.250 -0.000000 35.800 1.0000e+00   -4.541e+02   0.3727321   0.551  0.1799518  0.1927807
150.250 -0.000000 35.900 1.0354e+00   -4.752e+02   0.3807098   0.723  0.1826529  0.1980571
150.250 -0.000000 36.000 1.0779e+00   -4.827e+02   0.3830961   0.721  0.1837373  0.1993591
150.250 -0.000000 36.100 1.1260e+00   -4.886e+02   0.3847516   0.719  0.1844972  0.2002546
150.250 -0.000000 36.200 1.1726e+00   -4.957e+02   0.3869526   0.718  0.1855088  0.2014440
150.250 -0.000000 36.300 1.2259e+00   -5.027e+02   0.3894919   0.717  0.1866551  0.2028373
150.250 -0.000000 36.400 1.2877e+00   -5.090e+02   0.3917404   0.715  0.1876010  0.2041396
150.250 -0.000000 36.500 1.3517e+00   -5.175e+02   0.3949439   0.715  0.1889864  0.2059567
150.250 -0.000000 36.600 1.4191e+00   -5.261e+02   0.3986911   0.716  0.1906293  0.2080617
150.250 -0.000000 36.700 1.4825e+00   -5.338e+02   0.4016660   0.716  0.1919672  0.2096986
150.250 -0.000000 36.800 1.5600e+00   -5.423e+02   0.4049923   0.715  0.1933936  0.2115993
150.250 -0.000000 36.900 1.6374e+00   -5.508e+02   0.4081213   0.715  0.1947540  0.2133679
150.250 -0.000000 37.000 1.7240e+00   -5.621e+02   0.4125235   0.715  0.1966433  0.2158808
150.250 -0.000000 37.100 1.8136e+00   -5.726e+02   0.4164095   0.714  0.1983052  0.2181040
150.250 -0.000000 37.200 1.9067e+00   -5.827e+02   0.4201046   0.713  0.1998926  0.2202120
150.250 -0.000000 37.300 2.0059e+00   -5.930e+02   0.4240019   0.713  0.2014639  0.2225377
150.250 -0.000000 37.400 2.1079e+00   -6.067e+02   0.4291797   0.713  0.2036509  0.2255283
150.250 -0.000000 37.500 2.8336e+00   -6.795e+02   0.4588118   0.712  0.2170065  0.2418050
150.250 -0.000000 37.600 2.9667e+00   -6.972e+02   0.4646251   0.710  0.2192401  0.2453848
150.250 -0.000000 37.700 3.1062e+00   -7.156e+02   0.4706002   0.710  0.2215118  0.2490875
150.250 -0.000000 37.800 3.2510e+00   -7.316e+02   0.4758199   0.708  0.2235007  0.2523198
150.250 -0.000000 37.900 3.3922e+00   -7.481e+02   0.4811176   0.706  0.2254515  0.2556650
149.350 -0.000000 37.500 2.2169e+00   -6.203e+02   0.4339605   0.713  0.2055881  0.2283722
149.350 -0.000000 37.600 2.3365e+00   -6.338e+02   0.4388984   0.713  0.2075667  0.2313324
149.350 -0.000000 37.700 2.4473e+00   -6.468e+02   0.4434281   0.713  0.2094030  0.2340248
149.350 -0.000000 37.800 2.5712e+00   -6.638e+02   0.4494968   0.711  0.2118557  0.2376413
149.350 -0.000000 37.900 2.7018e+00   -6.791e+02   0.4546254   0.707  0.2138515  0.2407741
149.400 -0.000000 34.000 2.8350e+00   -6.949e+02   0.4598222   0.707  0.2158448  0.2439766
149.400 -0.000000 34.100 2.9560e+00   -7.114e+02   0.4650692   0.709  0.2178029  0.2472666
149.400 -0.000000 34.200 3.0967e+00   -7.276e+02   0.4705176   0.706  0.2198651  0.2506528
149.400 -0.000000 34.300 3.2372e+00   -7.451e+02   0.4762174   0.705  0.2219821  0.2542351
149.400 -0.000000 34.400 3.3859e+00   -7.620e+02   0.4817642   0.704  0.2240123  0.2577515
149.400 -0.000000 34.500 1.0000e+00   -2.531e+02   0.2827546   0.021  0.1556718  0.1270831
149.400 -0.000000 34.600 1.0000e+00   -2.380e+02   0.2735183   0.013  0.1530739  0.1204450
149.400 -0.000000 34.700 1.0001e+00   -2.281e+02   0.2672287   0.009  0.1511811  0.1160478
149.400 -0.000000 34.800 1.0000e+00   -2.288e+02   0.2674019   0.008  0.1515016  0.1159002
149.400 -0.000000 34.900 9.9998e-01   -2.244e+02   0.2643642   0.007  0.1507271  0.1136372
149.400 -0.000000 35.000 1.0000e+00   -2.228e+02   0.2630554   0.006  0.1503225  0.1127325
149.400 -0.000000 35.100 1.0001e+00   -2.265e+02   0.2649497   0.007  0.1513431  0.1136066
149.400 -0.000000 35.200 1.0000e+00   -2.354e+02   0.2698596   0.008  0.1534466  0.1164133
149.400 -0.000000 35.300 1.0000e+00   -2.462e+02   0.2757155   0.011  0.1557868  0.1199287
149.400 -0.000000 35.400 1.0001e+00   -2.628e+02   0.2846166   0.017  0.1587295  0.1258870
149.400 -0.000000 35.500 1.0000e+00   -2.860e+02   0.2967490   0.030  0.1622797  0.1344695
149.400 -0.000000 35.600 1.0000e+00   -3.141e+02   0.3106507   0.051  0.1656495  0.1450014
149.400 -0.000000 35.700 1.0000e+00   -3.617e+02   0.3329258   0.108  0.1702122  0.1627138
149.400 -0.000000 35.800 1.0000e+00   -4.536e+02   0.3726029   0.526  0.1800035  0.1925999
149.400 -0.000000 35.900 1.0343e+00   -4.782e+02   0.3820788   0.724  0.1831765  0.1989018
149.300 -0.000000 34.500 1.0796e+00   -4.851e+02   0.3841316   0.723  0.1841265  0.2000047
149.300 -0.000000 34.600 1.1248e+00   -4.913e+02   0.3858811   0.721  0.1849158  0.2009651
149.300 -0.000000 34.700 1.1689e+00   -4.989e+02   0.3883286   0.718  0.1860487  0.2022792
149.300 -0.000000 34.800 1.2264e+00   -5.054e+02   0.3905526   0.717  0.1870237  0.2035288
149.300 -0.000000 34.900 1.2901e+00   -5.113e+02   0.3926231   0.716  0.1879431  0.2046802
149.400 -0.000000 36.000 1.3495e+00   -5.194e+02   0.3956406   0.716  0.1892432  0.2063979
149.400 -0.000000 36.100 1.4150e+00   -5.284e+02   0.3993509   0.717  0.1908472  0.2085035
149.400 -0.000000 36.200 1.4825e+00   -5.366e+02   0.4024513   0.717  0.1922156  0.2102353
149.400 -0.000000 36.300 1.5581e+00   -5.444e+02   0.4056182   0.716  0.1936005  0.2120166
149.400 -0.000000 36.400 1.6348e+00   -5.535e+02   0.4088752   0.717  0.1949909  0.2138850
149.400 -0.000000 36.500 1.7232e+00   -5.637e+02   0.4127962   0.716  0.1966964  0.2161000
149.400 -0.000000 36.600 1.8126e+00   -5.749e+02   0.4170563   0.715  0.1985131  0.2185427
149.400 -0.000000 36.700 1.9091e+00   -5.847e+02   0.4206661   0.714  0.2000567  0.2206088
149.400 -0.000000 36.800 2.0054e+00   -5.955e+02   0.4246626   0.713  0.2016847  0.2229776
149.400 -0.000000 36.900 2.1058e+00   -6.077e+02   0.4291241   0.714  0.2035377  0.2255864
149.400 -0.000000 37.000 2.2190e+00   -6.225e+02   0.4346596   0.713  0.2058153  0.2288440
149.400 -0.000000 37.100 2.3344e+00   -6.358e+02   0.4393221   0.713  0.2076714  0.2316507
149.400 -0.000000 37.200 2.4429e+00   -6.497e+02   0.4443146   0.712  0.2097049  0.2346097
149.400 -0.000000 37.300 2.5712e+00   -6.654e+02   0.4497271   0.708  0.2118747  0.2378530
149.400 -0.000000 37.400 2.7103e+00   -6.809e+02   0.4549676   0.708  0.2139091  0.2410577
149.400 -0.000000 37.500 2.8279e+00   -6.962e+02   0.4598814   0.709  0.2157931  0.2440890
149.400 -0.000000 37.600 2.9566e+00   -7.139e+02   0.4657374   0.708  0.2180437  0.2476944
149.400 -0.000000 37.700 3.0973e+00   -7.291e+02   0.4707262   0.705  0.2198633  0.2508622
149.400 -0.000000 37.800 3.2321e+00   -7.457e+02   0.4762315   0.703  0.2219197  0.2543118
149.400 -0.000000 37.900 3.3835e+00   -7.631e+02   0.4818750   0.703  0.2239675  0.2579081
149.450 -0.000000 34.000 1.0001e+00   -2.139e+02   0.2589877   0.007  0.1460619  0.1129260
149.450 -0.000000 34.100 1.0000e+00   -2.033e+02   0.2519965   0.005  0.1436305  0.1083660
149.450 -0.000000 34.200 1.0001e+00   -2.006e+02   0.2500200   0.004  0.1430873  0.1069323
149.450 -0.000000 34.300 1.0001e+00   -1.971e+02   0.2474824   0.003  0.1422274  0.1052550
149.450 -0.000000 34.400 1.0001e+00   -1.978e+02   0.2477186   0.003  0.1426094  0.1051093
149.450 -0.000000 34.500 1.0000e+00   -2.002e+02   0.2489777   0.003  0.1434517  0.1055258
149.450 -0.000000 34.600 1.0001e+00   -2.054e+02   0.2520384   0.003  0.1449900  0.1070490
149.450 -0.000000 34.700 1.0001e+00   -2.141e+02   0.2570496   0.005  0.1473032  0.1097464
149.450 -0.000000 34.800 1.0000e+00   -2.260e+02   0.2639252   0.008  0.1500802  0.1138449
149.450 -0.000000 34.900 1.0001e+00   -2.413e+02   0.2724073   0.012  0.1532115  0.1191957
149.450 -0.000000 35.000 1.0000e+00   -2.640e+02   0.2844835   0.021  0.1568472  0.1276361
149.450 -0.000000 35.100 1.0000e+00   -2.875e+02   0.2964091   0.037  0.1598550  0.1365539
149.450 -0.000000 35.200 9.9999e-01   -3.327e+02   0.3182283   0.087  0.1647171  0.1535112
149.450 -0.000000 35.300 1.0000e+00   -4.175e+02   0.3561061   0.467  0.1741835  0.1819224
149.450 -0.000000 35.400 1.0350e+00   -4.416e+02   0.3661805   0.702  0.1776740  0.1885067
149.450 -0.000000 35.500 1.0743e+00   -4.492e+02   0.3691062   0.703  0.1789984  0.1901080
149.450 -0.000000 35.600 1.1250e+00   -4.570e+02   0.3722186   0.704  0.1804058  0.1918125
149.450 -0.000000 35.700 1.1780e+00   -4.649e+02   0.3754271   0.702  0.1818535  0.1935730
149.450 -0.000000 35.800 1.2361e+00   -4.722e+02   0.3785938   0.703  0.1832954  0.1952989
149.450 -0.000000 35.900 1.2928e+00   -4.799e+02   0.3820494   0.702  0.1848347  0.1972151
149.450 -0.000000 36.000 1.3612e+00   -4.885e+02   0.3859974   0.703  0.1865822  0.1994154
149.450 -0.000000 36.100 1.4241e+00   -4.949e+02   0.3886623   0.702  0.1877550  0.2009077
149.450 -0.000000 36.200 1.5005e+00   -5.049e+02   0.3930128   0.702  0.1896592  0.2033529
149.450 -0.000000 36.300 1.5792e+00   -5.146e+02   0.3970256   0.704  0.1914203  0.2056047
149.450 -0.000000 36.400 1.6524e+00   -5.244e+02   0.4010792   0.705  0.1931817  0.2078976
149.450 -0.000000 36.500 1.7387e+00   -5.349e+02   0.4054699   0.707  0.1950790  0.2103907
149.450 -0.000000 36.600 1.8265e+00   -5.466e+02   0.4101991   0.707  0.1971065  0.2130931
149.450 -0.000000 36.700 1.9271e+00   -5.588e+02   0.4151034   0.709  0.1991720  0.2159315
149.450 -0.000000 36.800 2.0248e+00   -5.709e+02   0.4197466   0.709  0.2011250  0.2186218
149.450 -0.000000 36.900 2.1198e+00   -5.831e+02   0.4244442   0.709  0.2030889  0.2213558
149.300 -0.000000 35.000 2.2285e+00   -5.980e+02   0.4299479   0.712  0.2053678  0.2245798
149.300 -0.000000 35.100 2.3417e+00   -6.127e+02   0.4352236   0.714  0.2075133  0.2277101
149.300 -0.000000 35.200 2.4614e+00   -6.269e+02   0.4403704   0.713  0.2096147  0.2307559
149.300 -0.000000 35.300 2.5768e+00   -6.433e+02   0.4461281   0.713  0.2119250  0.2342024
149.300 -0.000000 35.400 2.6959e+00   -6.610e+02   0.4521731   0.713  0.2142970  0.2378761
149.450 -0.000000 37.000 2.8329e+00   -6.798e+02   0.4586703   0.713  0.2168246  0.2418455
149.450 -0.000000 37.100 2.9701e+00   -6.978e+02   0.4646112   0.712  0.2191132  0.2454978
149.450 -0.000000 37.200 3.1006e+00   -7.154e+02   0.4702904   0.710  0.2212991  0.2489919
149.450 -0.000000 37.300 3.2461e+00   -7.315e+02   0.4755078   0.710  0.2232630  0.2522445
149.450 -0.000000 37.400 3.3947e+00   -7.482e+02   0.4808816   0.706  0.2252218  0.2556595
149.450 -0.000000 37.500 1.0000e+00   -2.151e+02   0.2598081   0.008  0.1464224  0.1133859
149.450 -0.000000 37.600 1.0000e+00   -2.046e+02   0.2528193   0.005  0.1440199  0.1087993
149.450 -0.000000 37.700 1.0000e+00   -2.012e+02   0.2504345   0.004  0.1433111  0.1071236
149.450 -0.000000 37.800 9.9998e-01   -1.985e+02   0.2484389   0.003  0.1426794  0.1057599
149.450 -0.000000 37.900 1.0000e+00   -1.980e+02   0.2478088   0.003  0.1426881  0.1051210
149.500 -0.000000 34.000 1.0000e+00   -2.012e+02   0.2496110   0.003  0.1437461  0.1058650
149.500 -0.000000 34.100 1.0000e+00   -2.068e+02   0.2529609   0.003  0.1454572  0.1075037
149.500 -0.000000 34.200 9.9999e-01   -2.154e+02   0.2578774   0.005  0.1476009  0.1102763
149.500 -0.000000 34.300 1.0000e+00   -2.267e+02   0.2643609   0.008  0.1502721  0.1140888
149.500 -0.000000 34.400 1.0000e+00   -2.418e+02   0.2727153   0.012  0.1533803  0.1193351
149.500 -0.000000 34.500 1.0001e+00   -2.621e+02   0.2835045   0.020  0.1567186  0.1267860
149.500 -0.000000 34.600 1.0000e+00   -2.878e+02   0.2965917   0.037  0.1600203  0.1365710
149.500 -0.000000 34.700 1.0000e+00   -3.329e+02   0.3182996   0.088  0.1648068  0.1534929
149.500 -0.000000 34.800 9.9996e-01   -4.115e+02   0.3535333   0.389  0.1733851  0.1801479
149.500 -0.000000 34.900 1.0337e+00   -4.435e+02   0.3669767   0.704  0.1779299  0.1890463
149.500 -0.000000 35.000 1.0748e+00   -4.503e+02   0.3695756   0.704  0.1791157  0.1904591
149.500 -0.000000 35.100 1.1225e+00   -4.585e+02   0.3727837   0.704  0.1805528  0.1922314
149.500 -0.000000 35.200 1.1785e+00   -4.665e+02   0.3759293   0.703  0.1819710  0.1939588
149.500 -0.000000 35.300 1.2375e+00   -4.739e+02   0.3791772   0.704  0.1834471  0.1957294
149.500 -0.000000 35.400 1.2936e+00   -4.814e+02   0.3824724   0.704  0.1849116  0.1975608
149.500 -0.000000 35.500 1.3586e+00   -4.892e+02   0.3859775   0.704  0.1864648  0.1995125
149.500 -0.000000 35.600 1.4237e+00   -4.964e+02   0.3890719   0.703  0.1878355  0.2012364
149.500 -0.000000 35.700 1.5012e+00   -5.063e+02   0.3933528   0.703  0.1897026  0.2036497
149.500 -0.000000 35.800 1.5753e+00   -5.159e+02   0.3973134   0.706  0.1914481  0.2058651
149.500 -0.000000 35.900 1.6538e+00   -5.261e+02   0.4016005   0.706  0.1933035  0.2082971
149.500 -0.000000 36.000 1.7347e+00   -5.365e+02   0.4060242   0.708  0.1952334  0.2107915
149.500 -0.000000 36.100 1.8247e+00   -5.476e+02   0.4103073   0.708  0.1970645  0.2132428
149.500 -0.000000 36.200 1.9233e+00   -5.598e+02   0.4152058   0.710  0.1991117  0.2160938
149.500 -0.000000 36.300 2.0228e+00   -5.719e+02   0.4198824   0.710  0.2010778  0.2188043
149.500 -0.000000 36.400 2.1148e+00   -5.842e+02   0.4244505   0.711  0.2029865  0.2214634
149.500 -0.000000 36.500 2.2272e+00   -5.989e+02   0.4300019   0.711  0.2052762  0.2247257
149.500 -0.000000 36.600 2.3418e+00   -6.132e+02   0.4351911   0.713  0.2073957  0.2277954
149.500 -0.000000 36.700 2.4566e+00   -6.272e+02   0.4401788   0.712  0.2094377  0.2307410
149.500 -0.000000 36.800 2.5743e+00   -6.431e+02   0.4457412   0.713  0.2116502  0.2340910
149.500 -0.000000 36.900 2.7005e+00   -6.605e+02   0.4517195   0.714  0.2140060  0.2377133
149.500 -0.000000 37.000 2.8336e+00   -6.813e+02   0.4590176   0.712  0.2168689  0.2421489
149.500 -0.000000 37.100 2.9668e+00   -6.990e+02   0.4648779   0.712  0.2191019  0.2457753
149.500 -0.000000 37.200 3.1038e+00   -7.155e+02   0.4701717   0.710  0.2211309  0.2490404
149.500 -0.000000 37.300 3.2460e+00   -7.322e+02   0.4755177   0.710  0.2231496  0.2523683
149.500 -0.000000 37.400 3.3902e+00   -7.484e+02   0.4808269   0.705  0.2251361  0.2556915
149.500 -0.000000 37.500 1.0000e+00   -2.146e+02   0.2595134   0.007  0.1464425  0.1130708
149.500 -0.000000 37.600 1.0000e+00   -2.070e+02   0.2544345   0.005  0.1447787  0.1096552
149.500 -0.000000 37.700 1.0001e+00   -2.031e+02   0.2516942   0.004  0.1438726  0.1078216
149.500 -0.000000 37.800 1.0000e+00   -1.990e+02   0.2487714   0.003  0.1428866  0.1058851
149.500 -0.000000 37.900 1.0000e+00   -1.986e+02   0.2481603   0.003  0.1428989  0.1052615
149.300 -0.000000 35.500 1.0000e+00   -2.026e+02   0.2505238   0.003  0.1441582  0.1063654
149.300 -0.000000 35.600 1.0001e+00   -2.078e+02   0.2535108   0.004  0.1457679  0.1077427
149.300 -0.000000 35.700 1.0001e+00   -2.157e+02   0.2581440   0.005  0.1477973  0.1103466
149.300 -0.000000 35.800 9.9998e-01   -2.272e+02   0.2647207   0.008  0.1505170  0.1142035
149.300 -0.000000 35.900 1.0000e+00   -2.432e+02   0.2734957   0.012  0.1537491  0.1197469
149.550 -0.000000 34.000 1.0000e+00   -2.637e+02   0.2843758   0.020  0.1569599  0.1274159
149.550 -0.000000 34.100 9.9999e-01   -2.915e+02   0.2985210   0.038  0.1605866  0.1379343
149.550 -0.000000 34.200 1.0000e+00   -3.336e+02   0.3186626   0.088  0.1650016  0.1536608
149.550 -0.000000 34.300 1.0000e+00   -4.165e+02   0.3557201   0.427  0.1740424  0.1816781
149.550 -0.000000 34.400 1.0365e+00   -4.452e+02   0.3677069   0.705  0.1781414  0.1895651
149.550 -0.000000 34.500 1.0748e+00   -4.517e+02   0.3701034   0.703  0.1792538  0.1908495
149.550 -0.000000 34.600 1.1215e+00   -4.607e+02   0.3734957   0.704  0.1807584  0.1927367
149.550 -0.000000 34.700 1.1779e+00   -4.682e+02   0.3764530   0.704  0.1820917  0.1943612
149.550 -0.000000 34.800 1.2339e+00   -4.744e+02   0.3792720   0.703  0.1833858  0.1958857
149.550 -0.000000 34.900 1.2951e+00   -4.831e+02   0.3829475   0.705  0.1850111  0.1979367
149.550 -0.000000 35.000 1.3585e+00   -4.910e+02   0.3865213   0.705  0.1865949  0.1999268
149.550 -0.000000 35.100 1.4246e+00   -4.984e+02   0.3897786   0.704  0.1880445  0.2017343
149.550 -0.000000 35.200 1.4999e+00   -5.080e+02   0.3938413   0.704  0.1897986  0.2040429
149.550 -0.000000 35.300 1.5728e+00   -5.168e+02   0.3973851   0.705  0.1913710  0.2060141
149.550 -0.000000 35.400 1.6559e+00   -5.270e+02   0.4017819   0.707  0.1932840  0.2084979
149.550 -0.000000 35.500 1.7349e+00   -5.378e+02   0.4062980   0.707  0.1952328  0.2110651
149.550 -0.000000 35.600 1.8243e+00   -5.492e+02   0.4107654   0.709  0.1971461  0.2136196
149.550 -0.000000 35.700 1.9196e+00   -5.598e+02   0.4149597   0.709  0.1989195  0.2160397
149.550 -0.000000 35.800 2.0188e+00   -5.722e+02   0.4197340   0.710  0.2009077  0.2188263
149.550 -0.000000 35.900 2.1158e+00   -5.853e+02   0.4246062   0.710  0.2029351  0.2216699
149.550 -0.000000 36.000 2.2249e+00   -5.995e+02   0.4299084   0.712  0.2051253  0.2247832
149.550 -0.000000 36.100 2.3402e+00   -6.138e+02   0.4351655   0.714  0.2072838  0.2278820
149.550 -0.000000 36.200 2.4576e+00   -6.283e+02   0.4403430   0.713  0.2093940  0.2309490
149.550 -0.000000 36.300 2.5730e+00   -6.439e+02   0.4457344   0.714  0.2115559  0.2341790
149.550 -0.000000 36.400 2.7018e+00   -6.612e+02   0.4517647   0.715  0.2139007  0.2378635
149.550 -0.000000 36.500 2.8354e+00   -6.816e+02   0.4588251   0.712  0.2166796  0.2421457
149.550 -0.000000 36.600 2.9609e+00   -6.994e+02   0.4647455   0.713  0.2189397  0.2458052
149.550 -0.000000 36.700 3.1072e+00   -7.160e+02   0.4701358   0.710  0.2210112  0.2491240
149.550 -0.000000 36.800 3.2440e+00   -7.325e+02   0.4753637   0.710  0.2229801  0.2523848
149.550 -0.000000 36.900 3.3891e+00   -7.491e+02   0.4807806   0.705  0.2249971  0.2557834
149.550 -0.000000 37.000 1.0000e+00   -2.158e+02   0.2602465   0.007  0.1467695  0.1134769
149.550 -0.000000 37.100 1.0001e+00   -2.078e+02   0.2549184   0.005  0.1450488  0.1098696
149.550 -0.000000 37.200 9.9999e-01   -2.042e+02   0.2523759   0.004  0.1442066  0.1081690
149.550 -0.000000 37.300 1.0000e+00   -1.998e+02   0.2492860   0.003  0.1431589  0.1061270
149.550 -0.000000 37.400 9.9999e-01   -2.000e+02   0.2490835   0.003  0.1433348  0.1057488
149.550 -0.000000 37.500 1.0000e+00   -2.040e+02   0.2513709   0.003  0.1445741  0.1067965
149.550 -0.000000 37.600 1.0000e+00   -2.080e+02   0.2536296   0.004  0.1458171  0.1078126
149.550 -0.000000 37.700 1.0001e+00   -2.169e+02   0.2588857   0.005  0.1481143  0.1107711
149.550 -0.000000 37.800 1.0000e+00   -2.280e+02   0.2651553   0.008  0.1507419  0.1144133
149.550 -0.000000 37.900 1.0001e+00   -2.427e+02   0.2732038   0.012  0.1536397  0.1195640
149.600 -0.000000 34.000 1.0000e+00   -2.621e+02   0.2835231   0.021  0.1567868  0.1267363
149.600 -0.000000 34.100 1.0000e+00   -2.930e+02   0.2992832   0.040  0.1608122  0.1384711
149.600 -0.000000 34.200 1.0000e+00   -3.358e+02   0.3197878   0.089  0.1653027  0.1544853
149.600 -0.000000 34.300 1.0000e+00   -4.128e+02   0.3541417   0.378  0.1736172  0.1805242
149.600 -0.000000 34.400 1.0350e+00   -4.472e+02   0.3685153   0.704  0.1783906  0.1901246
149.600 -0.000000 34.500 1.0760e+00   -4.535e+02   0.3708751   0.704  0.1794913  0.1913843
149.600 -0.000000 34.600 1.1208e+00   -4.620e+02   0.3739407   0.704  0.1808738  0.1930666
149.600 -0.000000 34.700 1.1779e+00   -4.694e+02   0.3769016   0.705  0.1821999  0.1947018
149.600 -0.000000 34.800 1.2332e+00   -4.757e+02   0.3797168   0.704  0.1834863  0.1962312
149.600 -0.000000 34.900 1.2950e+00   -4.841e+02   0.3831429   0.705  0.1850082  0.1981346
149.300 -0.000000 36.000 1.3565e+00   -4.928e+02   0.3870792   0.707  0.1867376  0.2003419
149.300 -0.000000 36.100 1.4257e+00   -5.000e+02   0.3902577   0.704  0.1881477  0.2021100
149.300 -0.000000 36.200 1.4972e+00   -5.096e+02   0.3941996   0.704  0.1898546  0.2043449
149.300 -0.000000 36.300 1.5727e+00   -5.185e+02   0.3978963   0.707  0.1914940  0.2064018
149.300 -0.000000 36.400 1.6490e+00   -5.278e+02   0.4018747   0.706  0.1932399  0.2086345
149.600 -0.000000 35.000 1.7331e+00   -5.389e+02   0.4063155   0.707  0.1951263  0.2111893
149.600 -0.000000 35.100 1.8216e+00   -5.507e+02   0.4111281   0.710  0.1971969  0.2139312
149.600 -0.000000 35.200 1.9200e+00   -5.613e+02   0.4153820   0.710  0.1989956  0.2163864
149.600 -0.000000 35.300 2.0142e+00   -5.737e+02   0.4201736   0.711  0.2010171  0.2191567
149.600 -0.000000 35.400 2.1170e+00   -5.864e+02   0.4247507   0.712  0.2029068  0.2218432
149.600 -0.000000 35.500 2.2232e+00   -6.006e+02   0.4299805   0.713  0.2050470  0.2249338
149.600 -0.000000 35.600 2.3346e+00   -6.140e+02   0.4349527   0.713  0.2071074  0.2278456
149.600 -0.000000 35.700 2.4517e+00   -6.291e+02   0.4403475   0.712  0.2093023  0.2310454
149.600 -0.000000 35.800 2.5746e+00   -6.444e+02   0.4456075   0.714  0.2113855  0.2342227
149.600 -0.000000 35.900 2.6988e+00   -6.623e+02   0.4518570   0.714  0.2138493  0.2380080
149.600 -0.000000 36.000 2.8321e+00   -6.824e+02   0.4587876   0.714  0.2165453  0.2422426
149.600 -0.000000 36.100 2.9666e+00   -6.992e+02   0.4644802   0.712  0.2187449  0.2457346
149.600 -0.000000 36.200 3.1059e+00   -7.164e+02   0.4700028   0.711  0.2208408  0.2491617
149.600 -0.000000 36.300 3.2407e+00   -7.328e+02   0.4753694   0.709  0.2228685  0.2525012
149.600 -0.000000 36.400 3.3872e+00   -7.493e+02   0.4805970   0.707  0.2248040  0.2557927
149.600 -0.000000 36.500 1.0000e+00   -2.178e+02   0.2614602   0.008  0.1472594  0.1142008
149.600 -0.000000 36.600 1.0001e+00   -2.087e+02   0.2554657   0.005  0.1453589  0.1101067
149.600 -0.000000 36.700 9.9999e-01   -2.055e+02   0.2532132   0.005  0.1446164  0.1085966
149.600 -0.000000 36.800 1.0001e+00   -2.012e+02   0.2501292   0.003  0.1435880  0.1065413
149.600 -0.000000 36.900 9.9999e-01   -2.013e+02   0.2499330   0.003  0.1437264  0.1062066
149.600 -0.000000 37.000 1.0001e+00   -2.039e+02   0.2512605   0.003  0.1445537  0.1067067
149.600 -0.000000 37.100 1.0000e+00   -2.094e+02   0.2544897   0.004  0.1462143  0.1082754
149.600 -0.000000 37.200 1.0000e+00   -2.177e+02   0.2593810   0.005  0.1483676  0.1110135
149.600 -0.000000 37.300 1.0000e+00   -2.304e+02   0.2665717   0.008  0.1512875  0.1152840
149.600 -0.000000 37.400 1.0000e+00   -2.441e+02   0.2740099   0.012  0.1540140  0.1199961
149.600 -0.000000 37.500 1.0000e+00   -2.633e+02   0.2841575   0.020  0.1570688  0.1270884
149.600 -0.000000 37.600 9.9999e-01   -2.945e+02   0.3000825   0.040  0.1610836  0.1389985
149.600 -0.000000 37.700 9.9999e-01   -3.374e+02   0.3206164   0.089  0.1656098  0.1550062
149.600 -0.000000 37.800 9.9998e-01   -4.180e+02   0.3564382   0.413  0.1742768  0.1821615
149.600 -0.000000 37.900 1.0348e+00   -4.493e+02   0.3693903   0.707  0.1786878  0.1907026
149.650 -0.000000 34.000 1.0779e+00   -4.555e+02   0.3715328   0.705  0.1797054  0.1918271
149.650 -0.000000 34.100 1.1214e+00   -4.636e+02   0.3744804   0.705  0.1810154  0.1934658
149.650 -0.000000 34.200 1.1744e+00   -4.701e+02   0.3771739   0.704  0.1822256  0.1949481
149.650 -0.000000 34.300 1.2332e+00   -4.774e+02   0.3802313   0.705  0.1835971  0.1966341
149.650 -0.000000 34.400 1.2958e+00   -4.859e+02   0.3837178   0.707  0.1851612  0.1985569
149.650 -0.000000 34.500 1.3571e+00   -4.943e+02   0.3875559   0.706  0.1868315  0.2007246
149.650 -0.000000 34.600 1.4266e+00   -5.025e+02   0.3911248   0.707  0.1884099  0.2027151
149.650 -0.000000 34.700 1.4959e+00   -5.112e+02   0.3947468   0.706  0.1899953  0.2047512
149.650 -0.000000 34.800 1.5740e+00   -5.196e+02   0.3982785   0.706  0.1915592  0.2067192
149.650 -0.000000 34.900 1.6486e+00   -5.294e+02   0.4022326   0.707  0.1932839  0.2089478
149.650 -0.000000 35.000 1.7359e+00   -5.401e+02   0.4066666   0.707  0.1951756  0.2114913
149.650 -0.000000 35.100 1.8217e+00   -5.516e+02   0.4112347   0.708  0.1971383  0.2140970
149.650 -0.000000 35.200 1.9145e+00   -5.631e+02   0.4158429   0.711  0.1990862  0.2167561
149.650 -0.000000 35.300 2.0119e+00   -5.746e+02   0.4201434   0.709  0.2009012  0.2192415
149.650 -0.000000 35.400 2.1146e+00   -5.869e+02   0.4246732   0.712  0.2027657  0.2219069
149.650 -0.000000 35.500 2.2213e+00   -6.013e+02   0.4299237   0.712  0.2049091  0.2250150
149.650 -0.000000 35.600 2.3340e+00   -6.143e+02   0.4347535   0.712  0.2069283  0.2278247
149.650 -0.000000 35.700 2.4503e+00   -6.300e+02   0.4404274   0.713  0.2092377  0.2311897
149.650 -0.000000 35.800 2.5774e+00   -6.453e+02   0.4456963   0.713  0.2113162  0.2343807
149.650 -0.000000 35.900 2.6991e+00   -6.626e+02   0.4516410   0.715  0.2136387  0.2380024
149.300 -0.000000 36.500 2.8244e+00   -6.828e+02   0.4586147   0.713  0.2163823  0.2422320
149.300 -0.000000 36.600 2.9696e+00   -6.997e+02   0.4643841   0.712  0.2185854  0.2457993
149.300 -0.000000 36.700 3.1028e+00   -7.172e+02   0.4700882   0.713  0.2207579  0.2493297
149.300 -0.000000 36.800 3.2430e+00   -7.332e+02   0.4753374   0.709  0.2227429  0.2525940
149.300 -0.000000 36.900 3.3883e+00   -7.504e+02   0.4807461   0.706  0.2247426  0.2560032
149.650 -0.000000 36.000 1.0000e+00   -2.202e+02   0.2629475   0.009  0.1478377  0.1151094
149.650 -0.000000 36.100 1.0000e+00   -2.101e+02   0.2563540   0.005  0.1458106  0.1105433
149.650 -0.000000 36.200 1.0001e+00   -2.073e+02   0.2543941   0.005  0.1451604  0.1092345
149.650 -0.000000 36.300 1.0000e+00   -2.032e+02   0.2514175   0.003  0.1442778  0.1071395
149.650 -0.000000 36.400 1.0000e+00   -2.019e+02   0.2502706   0.003  0.1439342  0.1063364
149.650 -0.000000 36.500 1.0000e+00   -2.048e+02   0.2518359   0.003  0.1448167  0.1070190
149.650 -0.000000 36.600 1.0000e+00   -2.109e+02   0.2554123   0.004  0.1466491  0.1087631
149.650 -0.000000 36.700 1.0001e+00   -2.179e+02   0.2595128   0.005  0.1485011  0.1110117
149.650 -0.000000 36.800 1.0001e+00   -2.289e+02   0.2657255   0.008  0.1510949  0.1146304
149.650 -0.000000 36.900 1.0000e+00   -2.442e+02   0.2740981   0.012  0.1540958  0.1200024
149.650 -0.000000 37.000 9.9997e-01   -2.642e+02   0.2846576   0.021  0.1573061  0.1273508
149.650 -0.000000 37.100 1.0000e+00   -2.948e+02   0.3002611   0.040  0.1612510  0.1390098
149.650 -0.000000 37.200 9.9999e-01   -3.397e+02   0.3217813   0.089  0.1659836  0.1557980
149.650 -0.000000 37.300 1.0000e+00   -4.222e+02   0.3583213   0.440  0.1748905  0.1834308
149.650 -0.000000 37.400 1.0351e+00   -4.511e+02   0.3701485   0.708  0.1789206  0.1912280
149.650 -0.000000 37.500 1.0761e+00   -4.576e+02   0.3723701   0.707  0.1799652  0.1924053
149.650 -0.000000 37.600 1.1215e+00   -4.646e+02   0.3748942   0.706  0.1811187  0.1937752
149.650 -0.000000 37.700 1.1744e+00   -4.719e+02   0.3778932   0.707  0.1824467  0.1954467
149.650 -0.000000 37.800 1.2326e+00   -4.792e+02   0.3807234   0.706  0.1837140  0.1970099
149.650 -0.000000 37.900 1.2949e+00   -4.875e+02   0.3841709   0.707  0.1852504  0.1989210
149.700 -0.000000 34.000 1.3580e+00   -4.958e+02   0.3879832   0.706  0.1869256  0.2010578
149.700 -0.000000 34.100 1.4249e+00   -5.046e+02   0.3918011   0.707  0.1886138  0.2031872
149.700 -0.000000 34.200 1.4967e+00   -5.128e+02   0.3951860   0.705  0.1900903  0.2050954
149.700 -0.000000 34.300 1.5669e+00   -5.216e+02   0.3988726   0.707  0.1917235  0.2071488
149.700 -0.000000 34.400 1.6485e+00   -5.307e+02   0.4024980   0.707  0.1932911  0.2092068
149.700 -0.000000 34.500 1.7347e+00   -5.417e+02   0.4070885   0.709  0.1952583  0.2118301
149.700 -0.000000 34.600 1.8212e+00   -5.523e+02   0.4113585   0.709  0.1970938  0.2142649
149.700 -0.000000 34.700 1.9087e+00   -5.644e+02   0.4160072   0.711  0.1990741  0.2169328
149.700 -0.000000 34.800 2.0114e+00   -5.758e+02   0.4203133   0.710  0.2008685  0.2194447
149.700 -0.000000 34.900 2.1173e+00   -5.893e+02   0.4254007   0.712  0.2029780  0.2224222
149.700 -0.000000 35.000 2.2201e+00   -6.022e+02   0.4299692   0.712  0.2048557  0.2251137
149.700 -0.000000 35.100 2.3315e+00   -6.154e+02   0.4349196   0.714  0.2069012  0.2280177
149.700 -0.000000 35.200 2.4486e+00   -6.308e+02   0.4404209   0.714  0.2091223  0.2312990
149.700 -0.000000 35.300 2.5796e+00   -6.465e+02   0.4458740   0.714  0.2112869  0.2345868
149.700 -0.000000 35.400 2.6967e+00   -6.636e+02   0.4517023   0.715  0.2135551  0.2381472
149.700 -0.000000 35.500 2.8267e+00   -6.835e+02   0.4587275   0.713  0.2163260  0.2424017
149.700 -0.000000 35.600 2.9676e+00   -7.001e+02   0.4641622   0.712  0.2183913  0.2457704
149.700 -0.000000 35.700 3.1009e+00   -7.174e+02   0.4699962   0.712  0.2206146  0.2493816
149.700 -0.000000 35.800 3.2424e+00   -7.327e+02   0.4749614   0.709  0.2224957  0.2524657
149.700 -0.000000 35.900 3.3943e+00   -7.515e+02   0.4808999   0.707  0.2247135  0.2561867
149.700 -0.000000 36.000 9.9999e-01   -2.221e+02   0.2641418   0.009  0.1483592  0.1157830
149.700 -0.000000 36.100 1.0000e+00   -2.119e+02   0.2574570   0.006  0.1463073  0.1111496
149.700 -0.000000 36.200 1.0000e+00   -2.091e+02   0.2554785   0.005  0.1456353  0.1098432
149.700 -0.000000 36.300 1.0000e+00   -2.043e+02   0.2521223   0.004  0.1446259  0.1074962
149.700 -0.000000 36.400 1.0001e+00   -2.045e+02   0.2519583   0.004  0.1447403  0.1072179
149.700 -0.000000 36.500 1.0001e+00   -2.067e+02   0.2530602   0.004  0.1454287  0.1076313
149.700 -0.000000 36.600 1.0001e+00   -2.122e+02   0.2562216   0.004  0.1469761  0.1092456
149.700 -0.000000 36.700 1.0000e+00   -2.202e+02   0.2608567   0.006  0.1491100  0.1117465
149.700 -0.000000 36.800 9.9998e-01   -2.300e+02   0.2663996   0.008  0.1514124  0.1149870
149.700 -0.000000 36.900 9.9998e-01   -2.461e+02   0.2751476   0.012  0.1546237  0.1205241
149.300 -0.000000 37.000 1.0000e+00   -2.652e+02   0.2851835   0.021  0.1575633  0.1276203
149.300 -0.000000 37.100 1.0000e+00   -2.961e+02   0.3009579   0.041  0.1615258  0.1394318
149.300 -0.000000 37.200 1.0000e+00   -3.420e+02   0.3229263   0.092  0.1663223  0.1566033
149.300 -0.000000 37.300 9.9998e-01   -4.187e+02   0.3568577   0.389  0.1745039  0.1823542
149.300 -0.000000 37.400 1.0337e+00   -4.537e+02   0.3711717   0.709  0.1792807  0.1918912
149.700 -0.000000 37.000 1.0775e+00   -4.595e+02   0.3731472   0.706  0.1802093  0.1929372
149.700 -0.000000 37.100 1.1215e+00   -4.658e+02   0.3754435   0.706  0.1812743  0.1941697
149.700 -0.000000 37.200 1.1748e+00   -4.735e+02   0.3784435   0.707  0.1825861  0.1958577
149.700 -0.000000 37.300 1.2315e+00   -4.811e+02   0.3813815   0.707  0.1838974  0.1974840
149.700 -0.000000 37.400 1.2921e+00   -4.897e+02   0.3849770   0.708  0.1855076  0.1994689
149.700 -0.000000 37.500 1.3591e+00   -4.973e+02   0.3884004   0.706  0.1870076  0.2013929
149.700 -0.000000 37.600 1.4244e+00   -5.058e+02   0.3920864   0.707  0.1886318  0.2034548
149.700 -0.000000 37.700 1.4974e+00   -5.146e+02   0.3958474   0.707  0.1902794  0.2055681
149.700 -0.000000 37.800 1.5668e+00   -5.227e+02   0.3990862   0.707  0.1917196  0.2073672
149.700 -0.000000 37.900 1.6487e+00   -5.318e+02   0.4027979   0.707  0.1933194  0.2094791
149.750 -0.000000 34.000 1.7357e+00   -5.432e+02   0.4073661   0.709  0.1952768  0.2120886
149.750 -0.000000 34.100 1.8191e+00   -5.534e+02   0.4115098   0.709  0.1970637  0.2144463
149.750 -0.000000 34.200 1.9069e+00   -5.658e+02   0.4162767   0.711  0.1990792  0.2171982
149.750 -0.000000 34.300 2.0097e+00   -5.775e+02   0.4207102   0.711  0.2009337  0.2197764
149.750 -0.000000 34.400 2.1150e+00   -5.905e+02   0.4255447   0.713  0.2029340  0.2226100
149.750 -0.000000 34.500 2.2189e+00   -6.029e+02   0.4299606   0.712  0.2047664  0.2251946
149.750 -0.000000 34.600 2.3294e+00   -6.169e+02   0.4351760   0.714  0.2069120  0.2282651
149.750 -0.000000 34.700 2.4511e+00   -6.319e+02   0.4405310   0.713  0.2090577  0.2314735
149.750 -0.000000 34.800 2.5787e+00   -6.476e+02   0.4460441   0.714  0.2112549  0.2347888
149.750 -0.000000 34.900 2.6997e+00   -6.652e+02   0.4519996   0.715  0.2135870  0.2384132
149.750 -0.000000 35.000 2.8250e+00   -6.839e+02   0.4586914   0.712  0.2162327  0.2424584
149.750 -0.000000 35.100 2.9642e+00   -7.007e+02   0.4641482   0.712  0.2182973  0.2458515
149.750 -0.000000 35.200 3.1033e+00   -7.185e+02   0.4701553   0.713  0.2205857  0.2495700
149.750 -0.000000 35.300 3.2406e+00   -7.333e+02   0.4748960   0.709  0.2223632  0.2525324
149.750 -0.000000 35.400 3.3964e+00   -7.521e+02   0.4808260   0.706  0.2245582  0.2562668
149.750 -0.000000 35.500 1.0000e+00   -2.254e+02   0.2662074   0.011  0.1491330  0.1170742
149.750 -0.000000 35.600 1.0000e+00   -2.137e+02   0.2586141   0.006  0.1467691  0.1118451
149.750 -0.000000 35.700 1.0001e+00   -2.097e+02   0.2559188   0.005  0.1459080  0.1100110
149.750 -0.000000 35.800 1.0000e+00   -2.060e+02   0.2531826   0.004  0.1451098  0.1080727
149.750 -0.000000 35.900 1.0000e+00   -2.059e+02   0.2527943   0.004  0.1451647  0.1076298
149.750 -0.000000 36.000 9.9998e-01   -2.065e+02   0.2528861   0.004  0.1453989  0.1074872
149.750 -0.000000 36.100 1.0001e+00   -2.115e+02   0.2557913   0.004  0.1469385  0.1088526
149.750 -0.000000 36.200 1.0000e+00   -2.206e+02   0.2610706   0.006  0.1492182  0.1118525
149.750 -0.000000 36.300 1.0000e+00   -2.306e+02   0.2667198   0.008  0.1516177  0.1151019
149.750 -0.000000 36.400 1.0000e+00   -2.478e+02   0.2761749   0.013  0.1549562  0.1212191
149.750 -0.000000 36.500 1.0000e+00   -2.671e+02   0.2862572   0.021  0.1580483  0.1282088
149.750 -0.000000 36.600 1.0000e+00   -2.961e+02   0.3010053   0.040  0.1617974  0.1392073
149.750 -0.000000 36.700 1.0001e+00   -3.445e+02   0.3241768   0.097  0.1666425  0.1575345
149.750 -0.000000 36.800 1.0000e+00   -4.221e+02   0.3583634   0.403  0.1750151  0.1833479
149.750 -0.000000 36.900 1.0337e+00   -4.558e+02   0.3720724   0.712  0.1795888  0.1924839
149.750 -0.000000 37.000 1.0784e+00   -4.614e+02   0.3739154   0.710  0.1804575  0.1934578
149.750 -0.000000 37.100 1.1218e+00   -4.680e+02   0.3763574   0.707  0.1815870  0.1947705
149.750 -0.000000 37.200 1.1739e+00   -4.754e+02   0.3791040   0.707  0.1827966  0.1963074
149.750 -0.000000 37.300 1.2311e+00   -4.834e+02   0.3821876   0.708  0.1841516  0.1980361
149.750 -0.000000 37.400 1.2917e+00   -4.915e+02   0.3854978   0.708  0.1856303  0.1998670
149.750 -0.000000 37.500 1.3603e+00   -4.985e+02   0.3887610   0.707  0.1870515  0.2017096
149.750 -0.000000 37.600 1.4255e+00   -5.076e+02   0.3926902   0.708  0.1888098  0.2038808
149.750 -0.000000 37.700 1.4908e+00   -5.174e+02   0.3968111   0.710  0.1906093  0.2062016
149.750 -0.000000 37.800 1.5676e+00   -5.245e+02   0.3997077   0.709  0.1918956  0.2078110
149.750 -0.000000 37.900 1.6481e+00   -5.339e+02   0.4034097   0.708  0.1934806  0.2099296
149.300 -0.000000 37.500 1.7317e+00   -5.441e+02   0.4074824   0.710  0.1952467  0.2122355
149.300 -0.000000 37.600 1.8151e+00   -5.550e+02   0.4118686   0.710  0.1971278  0.2147411
149.300 -0.000000 37.700 1.9058e+00   -5.669e+02   0.4164273   0.711  0.1990461  0.2173817
149.300 -0.000000 37.800 2.0074e+00   -5.790e+02   0.4210039   0.711  0.2009534  0.2200501
149.300 -0.000000 37.900 2.1122e+00   -5.918e+02   0.4256784   0.713  0.2029025  0.2227756
149.800 -0.000000 34.000 2.2183e+00   -6.032e+02   0.4298322   0.713  0.2046206  0.2252123
149.800 -0.000000 34.100 2.3298e+00   -6.178e+02   0.4351588   0.713  0.2068066  0.2283534
149.800 -0.000000 34.200 2.4507e+00   -6.333e+02   0.4407862   0.715  0.2090737  0.2317125
149.800 -0.000000 34.300 2.5748e+00   -6.487e+02   0.4461501   0.714  0.2112052  0.2349449
149.800 -0.000000 34.400 2.6962e+00   -6.671e+02   0.4524341   0.714  0.2136869  0.2387475
149.800 -0.000000 34.500 2.8252e+00   -6.852e+02   0.4588788   0.713  0.2162056  0.2426728
149.800 -0.000000 34.600 2.9587e+00   -7.010e+02   0.4640398   0.712  0.2181641  0.2458759
149.800 -0.000000 34.700 3.1028e+00   -7.191e+02   0.4700930   0.712  0.2204598  0.2496336
149.800 -0.000000 34.800 3.2428e+00   -7.354e+02   0.4755242   0.710  0.2224936  0.2530308
149.800 -0.000000 34.900 3.3988e+00   -7.531e+02   0.4809270   0.707  0.2244943  0.2564333
149.800 -0.000000 35.000 1.0000e+00   -2.275e+02   0.2674784   0.011  0.1497148  0.1177636
149.800 -0.000000 35.100 1.0000e+00   -2.161e+02   0.2601680   0.007  0.1474040  0.1127639
149.800 -0.000000 35.200 1.0000e+00   -2.113e+02   0.2568668   0.006  0.1463367  0.1105301
149.800 -0.000000 35.300 1.0000e+00   -2.083e+02   0.2546832   0.004  0.1457244  0.1089587
149.800 -0.000000 35.400 1.0000e+00   -2.070e+02   0.2535335   0.004  0.1455677  0.1079656
149.800 -0.000000 35.500 1.0000e+00   -2.089e+02   0.2544174   0.004  0.1461912  0.1082262
149.800 -0.000000 35.600 1.0001e+00   -2.138e+02   0.2572055   0.004  0.1475587  0.1096464
149.800 -0.000000 35.700 1.0000e+00   -2.214e+02   0.2615310   0.006  0.1494209  0.1121100
149.800 -0.000000 35.800 1.0000e+00   -2.324e+02   0.2677828   0.009  0.1520587  0.1157244
149.800 -0.000000 35.900 1.0000e+00   -2.468e+02   0.2756097   0.013  0.1548725  0.1207373
149.800 -0.000000 36.000 1.0000e+00   -2.687e+02   0.2871667   0.022  0.1583969  0.1287696
149.800 -0.000000 36.100 9.9999e-01   -2.974e+02   0.3016771   0.039  0.1620930  0.1395838
149.800 -0.000000 36.200 1.0000e+00   -3.453e+02   0.3245924   0.097  0.1668672  0.1577249
149.800 -0.000000 36.300 9.9998e-01   -4.322e+02   0.3627717   0.488  0.1764137  0.1863584
149.800 -0.000000 36.400 1.0344e+00   -4.580e+02   0.3730314   0.711  0.1799244  0.1931073
149.800 -0.000000 36.500 1.0764e+00   -4.622e+02   0.3743526   0.711  0.1805798  0.1937729
149.800 -0.000000 36.600 1.1222e+00   -4.700e+02   0.3771695   0.710  0.1818343  0.1953352
149.800 -0.000000 36.700 1.1748e+00   -4.765e+02   0.3794731   0.707  0.1828913  0.1965820
149.800 -0.000000 36.800 1.2305e+00   -4.859e+02   0.3831841   0.710  0.1845135  0.1986709
149.800 -0.000000 36.900 1.2917e+00   -4.932e+02   0.3860277   0.709  0.1857678  0.2002596
149.800 -0.000000 37.000 1.3567e+00   -4.998e+02   0.3890158   0.707  0.1870771  0.2019388
149.800 -0.000000 37.100 1.4247e+00   -5.095e+02   0.3932586   0.709  0.1889537  0.2043052
149.800 -0.000000 37.200 1.4919e+00   -5.190e+02   0.3972775   0.710  0.1907178  0.2065592
149.800 -0.000000 37.300 1.5686e+00   -5.264e+02   0.4003052   0.710  0.1920529  0.2082517
149.800 -0.000000 37.400 1.6478e+00   -5.359e+02   0.4039975   0.710  0.1936465  0.2103512
149.800 -0.000000 37.500 1.7311e+00   -5.446e+02   0.4075022   0.709  0.1951705  0.2123322
149.800 -0.000000 37.600 1.8144e+00   -5.574e+02   0.4125179   0.711  0.1973151  0.2152025
149.800 -0.000000 37.700 1.9075e+00   -5.681e+02   0.4167117   0.712  0.1990734  0.2176390
149.800 -0.000000 37.800 2.0066e+00   -5.807e+02   0.4214465   0.712  0.2010546  0.2203921
149.800 -0.000000 37.900 2.1112e+00   -5.939e+02   0.4262262   0.714  0.2030528  0.2231735
149.850 -0.000000 34.000 2.2181e+00   -6.051e+02   0.4304257   0.713  0.2047933  0.2256328
149.850 -0.000000 34.100 2.3311e+00   -6.184e+02   0.4350795   0.713  0.2066642  0.2284155
149.850 -0.000000 34.200 2.4511e+00   -6.346e+02   0.4409695   0.714  0.2090486  0.2319213
149.850 -0.000000 34.300 2.5765e+00   -6.507e+02   0.4465873   0.715  0.2112827  0.2353051
149.850 -0.000000 34.400 2.7030e+00   -6.688e+02   0.4530008   0.713  0.2138429  0.2391576
149.850 -0.000000 34.500 2.8261e+00   -6.850e+02   0.4583794   0.711  0.2158863  0.2424927
149.850 -0.000000 34.600 2.9547e+00   -7.022e+02   0.4642146   0.711  0.2181345  0.2460806
149.850 -0.000000 34.700 3.1013e+00   -7.191e+02   0.4698036   0.711  0.2202551  0.2495475
149.850 -0.000000 34.800 3.2509e+00   -7.359e+02   0.4753199   0.709  0.2222805  0.2530397
149.850 -0.000000 34.900 3.3953e+00   -7.542e+02   0.4810497   0.707  0.2244205  0.2566288
149.350 -0.000000 34.000 1.0000e+00   -2.296e+02   0.2688136   0.011  0.1503621  0.1184512
149.350 -0.000000 34.100 1.0000e+00   -2.185e+02   0.2616305   0.008  0.1480513  0.1135792
149.350 -0.000000 34.200 1.0001e+00   -2.125e+02   0.2576323   0.006  0.1467285  0.1109035
149.350 -0.000000 34.300 1.0000e+00   -2.098e+02   0.2555875   0.005  0.1461214  0.1094660
149.350 -0.000000 34.400 1.0000e+00   -2.082e+02   0.2542598   0.004  0.1459337  0.1083261
149.850 -0.000000 35.000 1.0001e+00   -2.102e+02   0.2552518   0.004  0.1466220  0.1086296
149.850 -0.000000 35.100 1.0001e+00   -2.145e+02   0.2576065   0.004  0.1477406  0.1098661
149.850 -0.000000 35.200 1.0001e+00   -2.219e+02   0.2618119   0.006  0.1496338  0.1121782
149.850 -0.000000 35.300 1.0000e+00   -2.338e+02   0.2685401   0.009  0.1524170  0.1161232
149.850 -0.000000 35.400 1.0001e+00   -2.486e+02   0.2766694   0.013  0.1554157  0.1212532
149.850 -0.000000 35.500 1.0000e+00   -2.703e+02   0.2880460   0.022  0.1587842  0.1292614
149.850 -0.000000 35.600 1.0001e+00   -3.006e+02   0.3033828   0.043  0.1624318  0.1409507
149.850 -0.000000 35.700 1.0000e+00   -3.452e+02   0.3246216   0.094  0.1671031  0.1575182
149.850 -0.000000 35.800 9.9999e-01   -4.332e+02   0.3632170   0.477  0.1766026  0.1866144
149.850 -0.000000 35.900 1.0361e+00   -4.605e+02   0.3741652   0.713  0.1803256  0.1938395
149.850 -0.000000 36.000 1.0756e+00   -4.640e+02   0.3751290   0.710  0.1808252  0.1943039
149.850 -0.000000 36.100 1.1235e+00   -4.714e+02   0.3776873   0.709  0.1819886  0.1956991
149.850 -0.000000 36.200 1.1737e+00   -4.786e+02   0.3802794   0.709  0.1831502  0.1971291
149.850 -0.000000 36.300 1.2289e+00   -4.877e+02   0.3837509   0.710  0.1846603  0.1990906
149.850 -0.000000 36.400 1.2933e+00   -4.950e+02   0.3866128   0.709  0.1859272  0.2006860
149.850 -0.000000 36.500 1.3555e+00   -5.022e+02   0.3898240   0.709  0.1873328  0.2024912
149.850 -0.000000 36.600 1.4207e+00   -5.114e+02   0.3939349   0.710  0.1891752  0.2047597
149.850 -0.000000 36.700 1.4921e+00   -5.199e+02   0.3975197   0.710  0.1907409  0.2067793
149.850 -0.000000 36.800 1.5674e+00   -5.283e+02   0.4008083   0.711  0.1921862  0.2086217
149.850 -0.000000 36.900 1.6448e+00   -5.374e+02   0.4043471   0.710  0.1937058  0.2106417
149.850 -0.000000 37.000 1.7221e+00   -5.463e+02   0.4078915   0.711  0.1952587  0.2126325
149.850 -0.000000 37.100 1.8158e+00   -5.587e+02   0.4127612   0.711  0.1973233  0.2154382
149.850 -0.000000 37.200 1.9089e+00   -5.703e+02   0.4172854   0.711  0.1992162  0.2180695
149.850 -0.000000 37.300 2.0037e+00   -5.821e+02   0.4216042   0.713  0.2010193  0.2205846
149.850 -0.000000 37.400 2.1068e+00   -5.936e+02   0.4259640   0.712  0.2028521  0.2231122
149.850 -0.000000 37.500 2.2172e+00   -6.065e+02   0.4306830   0.712  0.2048165  0.2258666
149.850 -0.000000 37.600 2.3299e+00   -6.201e+02   0.4354389   0.714  0.2067330  0.2287051
149.850 -0.000000 37.700 2.4507e+00   -6.359e+02   0.4411840   0.715  0.2090518  0.2321314
149.850 -0.000000 37.800 2.5717e+00   -6.519e+02   0.4467396   0.715  0.2112536  0.2354858
149.850 -0.000000 37.900 2.7043e+00   -6.689e+02   0.4527993   0.712  0.2136683  0.2391316
149.900 -0.000000 34.000 2.8232e+00   -6.862e+02   0.4586450   0.713  0.2159207  0.2427246
149.900 -0.000000 34.100 2.9546e+00   -7.026e+02   0.4641427   0.712  0.2180240  0.2461183
149.900 -0.000000 34.200 3.0980e+00   -7.202e+02   0.4699080   0.710  0.2202104  0.2496978
149.900 -0.000000 34.300 3.2536e+00   -7.364e+02   0.4751600   0.710  0.2221146  0.2530459
149.900 -0.000000 34.400 3.3885e+00   -7.553e+02   0.4810821   0.709  0.2243501  0.2567319
149.900 -0.000000 34.500 1.0001e+00   -2.317e+02   0.2700957   0.011  0.1509320  0.1191641
149.900 -0.000000 34.600 1.0000e+00   -2.201e+02   0.2625777   0.008  0.1484803  0.1140973
149.900 -0.000000 34.700 1.0001e+00   -2.123e+02   0.2574502   0.005  0.1467545  0.1106957
149.900 -0.000000 34.800 1.0000e+00   -2.111e+02   0.2564053   0.005  0.1465389  0.1098662
149.900 -0.000000 34.900 1.0001e+00   -2.100e+02   0.2554354   0.004  0.1464671  0.1089678
149.900 -0.000000 35.000 1.0000e+00   -2.124e+02   0.2566380   0.004  0.1472644  0.1093735
149.900 -0.000000 35.100 1.0000e+00   -2.160e+02   0.2585416   0.005  0.1481840  0.1103574
149.900 -0.000000 35.200 1.0001e+00   -2.226e+02   0.2622422   0.006  0.1498667  0.1123753
149.900 -0.000000 35.300 1.0000e+00   -2.348e+02   0.2691186   0.009  0.1526892  0.1164297
149.900 -0.000000 35.400 1.0000e+00   -2.497e+02   0.2772812   0.013  0.1557130  0.1215682
149.900 -0.000000 35.500 1.0000e+00   -2.728e+02   0.2894045   0.024  0.1592005  0.1302037
149.900 -0.000000 35.600 1.0000e+00   -3.033e+02   0.3048620   0.047  0.1629885  0.1418735
149.900 -0.000000 35.700 1.0000e+00   -3.463e+02   0.3252143   0.094  0.1674154  0.1577993
149.900 -0.000000 35.800 9.9998e-01   -4.333e+02   0.3632865   0.454  0.1766818  0.1866045
149.900 -0.000000 35.900 1.0342e+00   -4.618e+02   0.3748164   0.714  0.1805425  0.1942746
149.350 -0.000000 34.500 1.0770e+00   -4.656e+02   0.3758547   0.713  0.1810510  0.1948033
149.350 -0.000000 34.600 1.1250e+00   -4.732e+02   0.3784445   0.710  0.1822259  0.1962188
149.350 -0.000000 34.700 1.1736e+00   -4.812e+02   0.3813516   0.712  0.1835527  0.1977986
149.350 -0.000000 34.800 1.2301e+00   -4.897e+02   0.3845492   0.712  0.1849240  0.1996256
149.350 -0.000000 34.900 1.2910e+00   -4.967e+02   0.3871964   0.710  0.1860915  0.2011046