# adjust vsin(i) at fixed orbital parameters K = 149.4, vrad = 35.0, and phase = -.0041, and eqw = 5.12
89.0 3.2001e-01 -6.069e+01 0.15870 0.000 0.08799 0.07071 
89.1 3.2000e-01 -5.833e+01 0.15497 0.000 0.08587 0.06911 
89.2 3.2003e-01 -5.619e+01 0.15153 0.000 0.08378 0.06775 
89.3 3.2001e-01 -5.430e+01 0.14830 0.000 0.08190 0.06640 
89.4 3.2000e-01 -5.263e+01 0.14534 0.000 0.08014 0.06520 
89.5 3.2002e-01 -5.119e+01 0.14262 0.000 0.07858 0.06404 
89.6 3.2003e-01 -4.997e+01 0.14017 0.000 0.07713 0.06304 
89.7 3.2001e-01 -4.900e+01 0.13793 0.000 0.07598 0.06195 
89.8 3.2001e-01 -4.827e+01 0.13602 0.000 0.07491 0.06111 
89.9 3.2000e-01 -4.779e+01 0.13441 0.000 0.07400 0.06042 
90.0 3.2002e-01 -4.756e+01 0.13313 0.000 0.07329 0.05984 
90.1 3.2001e-01 -4.762e+01 0.13225 0.000 0.07284 0.05941 
90.2 3.2002e-01 -4.796e+01 0.13176 0.000 0.07258 0.05918 
90.3 3.2000e-01 -4.861e+01 0.13174 0.000 0.07281 0.05893 
90.5 3.2003e-01 -5.084e+01 0.13327 0.000 0.07346 0.05981 
