-0.0078 0.0002 3.0425e-01 -1.394e+02 0.21846 0.750 0.10659 0.11188 
-0.0078 0.0006 3.0295e-01 -1.397e+02 0.21849 0.749 0.10658 0.11191 
-0.0078 0.0010 3.0152e-01 -1.402e+02 0.21874 0.749 0.10668 0.11206 
-0.0078 0.0014 3.0009e-01 -1.406e+02 0.21889 0.747 0.10673 0.11216 
-0.0078 0.0018 3.0000e-01 -1.305e+02 0.21024 0.417 0.10362 0.10662 
-0.0078 0.0022 3.0000e-01 -1.234e+02 0.20410 0.274 0.10158 0.10252 
-0.0078 0.0026 3.0000e-01 -1.175e+02 0.19891 0.190 0.09990 0.09901 
-0.0078 0.0030 3.0001e-01 -1.123e+02 0.19426 0.139 0.09848 0.09578 
-0.0078 0.0034 3.0000e-01 -1.077e+02 0.19003 0.105 0.09720 0.09283 
-0.0078 0.0038 3.0000e-01 -1.035e+02 0.18613 0.078 0.09599 0.09013 
-0.0078 0.0042 2.9999e-01 -9.970e+01 0.18255 0.055 0.09483 0.08772 
-0.0078 0.0046 3.0000e-01 -9.616e+01 0.17922 0.042 0.09382 0.08539 
-0.0078 0.0050 3.0000e-01 -9.291e+01 0.17608 0.036 0.09291 0.08317 
-0.0078 0.0054 2.9999e-01 -8.993e+01 0.17324 0.025 0.09194 0.08130 
-0.0078 0.0058 3.0000e-01 -8.714e+01 0.17057 0.021 0.09111 0.07946 
-0.0078 0.0062 3.0001e-01 -8.455e+01 0.16805 0.016 0.09028 0.07777 
-0.0078 0.0066 3.0001e-01 -8.215e+01 0.16573 0.013 0.08949 0.07624 
-0.0078 0.0070 3.0000e-01 -7.993e+01 0.16361 0.010 0.08877 0.07484 
-0.0078 0.0074 3.0001e-01 -7.785e+01 0.16162 0.008 0.08809 0.07354 
-0.0078 0.0078 3.0001e-01 -7.591e+01 0.15978 0.006 0.08740 0.07239 
-0.0078 0.0082 3.0001e-01 -7.410e+01 0.15805 0.006 0.08679 0.07126 
-0.0078 0.0086 3.0001e-01 -7.243e+01 0.15649 0.004 0.08616 0.07033 
-0.0078 0.0090 3.0001e-01 -7.085e+01 0.15503 0.003 0.08558 0.06946 
-0.0078 0.0094 3.0001e-01 -6.940e+01 0.15368 0.003 0.08504 0.06864 
-0.0078 0.0098 3.0001e-01 -6.804e+01 0.15240 0.002 0.08452 0.06788 
-0.0078 0.0102 2.9999e-01 -6.679e+01 0.15120 0.002 0.08397 0.06723 
-0.0078 0.0106 3.0000e-01 -6.563e+01 0.15007 0.001 0.08347 0.06660 
-0.0078 0.0110 3.0002e-01 -6.452e+01 0.14904 0.001 0.08301 0.06603 
-0.0078 0.0114 3.0002e-01 -6.352e+01 0.14816 0.000 0.08249 0.06567 
-0.0078 0.0118 3.0000e-01 -6.258e+01 0.14729 0.000 0.08210 0.06519 
-0.0078 0.0122 3.0001e-01 -6.173e+01 0.14659 0.001 0.08160 0.06499 
-0.0078 0.0126 3.0003e-01 -6.091e+01 0.14583 0.000 0.08129 0.06454 
-0.0078 0.0130 3.0000e-01 -6.019e+01 0.14517 0.002 0.08100 0.06416 
-0.0078 0.0134 3.0001e-01 -5.951e+01 0.14465 0.000 0.08060 0.06405 
-0.0078 0.0138 3.0002e-01 -5.889e+01 0.14418 0.000 0.08013 0.06405 
-0.0078 0.0142 3.0001e-01 -5.833e+01 0.14361 0.000 0.07995 0.06366 
-0.0078 0.0146 3.0002e-01 -5.780e+01 0.14307 0.000 0.07975 0.06332 
-0.0078 0.0150 3.0003e-01 -5.734e+01 0.14275 0.000 0.07928 0.06347 
-0.0078 0.0154 3.0000e-01 -5.693e+01 0.14233 0.000 0.07919 0.06314 
-0.0078 0.0158 3.0002e-01 -5.654e+01 0.14202 0.000 0.07896 0.06307 
-0.0074 0.0002 3.0000e-01 -1.205e+02 0.20241 0.236 0.10102 0.10139 
-0.0074 0.0006 3.0000e-01 -1.156e+02 0.19802 0.178 0.09962 0.09840 
-0.0074 0.0010 3.0000e-01 -1.111e+02 0.19397 0.139 0.09837 0.09560 
-0.0074 0.0014 3.0000e-01 -1.070e+02 0.19017 0.107 0.09722 0.09296 
-0.0074 0.0018 2.9999e-01 -1.033e+02 0.18669 0.078 0.09609 0.09060 
-0.0074 0.0022 3.0000e-01 -9.973e+01 0.18334 0.060 0.09505 0.08829 
-0.0074 0.0026 3.0001e-01 -9.640e+01 0.18013 0.050 0.09409 0.08604 
-0.0074 0.0030 3.0000e-01 -9.335e+01 0.17712 0.037 0.09310 0.08402 
-0.0074 0.0034 2.9999e-01 -9.048e+01 0.17426 0.029 0.09218 0.08208 
-0.0074 0.0038 3.0001e-01 -8.774e+01 0.17155 0.025 0.09136 0.08019 
-0.0074 0.0042 3.0000e-01 -8.522e+01 0.16906 0.018 0.09048 0.07858 
-0.0074 0.0046 3.0000e-01 -8.283e+01 0.16672 0.016 0.08976 0.07696 
-0.0074 0.0050 3.0000e-01 -8.061e+01 0.16458 0.011 0.08898 0.07560 
-0.0074 0.0054 3.0001e-01 -7.850e+01 0.16249 0.009 0.08827 0.07422 
-0.0074 0.0058 3.0001e-01 -7.654e+01 0.16059 0.008 0.08758 0.07301 
-0.0074 0.0062 3.0001e-01 -7.467e+01 0.15882 0.006 0.08692 0.07190 
-0.0074 0.0066 3.0000e-01 -7.295e+01 0.15718 0.005 0.08637 0.07082 
-0.0074 0.0070 3.0000e-01 -7.133e+01 0.15565 0.004 0.08571 0.06994 
-0.0074 0.0074 3.0001e-01 -6.979e+01 0.15417 0.003 0.08511 0.06905 
-0.0074 0.0078 3.0001e-01 -6.837e+01 0.15279 0.003 0.08458 0.06820 
-0.0074 0.0082 3.0001e-01 -6.704e+01 0.15152 0.002 0.08402 0.06750 
-0.0074 0.0086 3.0000e-01 -6.580e+01 0.15033 0.002 0.08349 0.06683 
-0.0074 0.0090 3.0002e-01 -6.461e+01 0.14916 0.001 0.08296 0.06619 
-0.0074 0.0094 3.0002e-01 -6.353e+01 0.14807 0.001 0.08247 0.06560 
-0.0074 0.0098 3.0002e-01 -6.252e+01 0.14710 0.000 0.08194 0.06516 
-0.0074 0.0102 3.0000e-01 -6.159e+01 0.14621 0.001 0.08158 0.06463 
-0.0074 0.0106 3.0001e-01 -6.071e+01 0.14547 0.000 0.08095 0.06453 
-0.0074 0.0110 3.0001e-01 -5.990e+01 0.14478 0.001 0.08050 0.06428 
-0.0074 0.0114 3.0000e-01 -5.916e+01 0.14408 0.000 0.08023 0.06385 
-0.0074 0.0118 3.0000e-01 -5.846e+01 0.14354 0.000 0.07975 0.06379 
-0.0074 0.0122 3.0001e-01 -5.781e+01 0.14289 0.000 0.07955 0.06334 
-0.0074 0.0126 3.0001e-01 -5.722e+01 0.14231 0.000 0.07945 0.06286 
-0.0074 0.0130 3.0001e-01 -5.670e+01 0.14204 0.000 0.07880 0.06325 
-0.0074 0.0134 3.0002e-01 -5.620e+01 0.14149 0.000 0.07869 0.06280 
-0.0074 0.0138 3.0002e-01 -5.575e+01 0.14100 0.000 0.07859 0.06241 
-0.0074 0.0142 3.0002e-01 -5.537e+01 0.14078 0.000 0.07810 0.06268 
-0.0074 0.0146 3.0001e-01 -5.501e+01 0.14045 0.000 0.07793 0.06252 
-0.0074 0.0150 3.0000e-01 -5.470e+01 0.14017 0.000 0.07776 0.06242 
-0.0074 0.0154 3.0001e-01 -5.441e+01 0.13986 0.000 0.07775 0.06211 
-0.0074 0.0158 3.0002e-01 -5.416e+01 0.13969 0.000 0.07756 0.06213 
-0.0070 0.0002 2.9999e-01 -9.845e+01 0.18285 0.056 0.09487 0.08798 
-0.0070 0.0006 3.0000e-01 -9.555e+01 0.18006 0.050 0.09405 0.08601 
-0.0070 0.0010 3.0001e-01 -9.280e+01 0.17737 0.037 0.09314 0.08422 
-0.0070 0.0014 3.0001e-01 -9.017e+01 0.17477 0.031 0.09233 0.08244 
-0.0070 0.0018 3.0001e-01 -8.768e+01 0.17225 0.025 0.09150 0.08075 
-0.0070 0.0022 3.0001e-01 -8.530e+01 0.16981 0.020 0.09069 0.07912 
-0.0070 0.0026 3.0001e-01 -8.303e+01 0.16748 0.016 0.08989 0.07759 
-0.0070 0.0030 3.0000e-01 -8.088e+01 0.16531 0.013 0.08916 0.07615 
-0.0070 0.0034 3.0001e-01 -7.884e+01 0.16324 0.010 0.08842 0.07482 
-0.0070 0.0038 3.0000e-01 -7.692e+01 0.16131 0.009 0.08780 0.07351 
-0.0070 0.0042 2.9999e-01 -7.509e+01 0.15956 0.006 0.08709 0.07247 
-0.0070 0.0046 3.0001e-01 -7.335e+01 0.15783 0.005 0.08645 0.07138 
-0.0070 0.0050 3.0001e-01 -7.171e+01 0.15619 0.005 0.08584 0.07035 
-0.0070 0.0054 3.0001e-01 -7.016e+01 0.15470 0.004 0.08524 0.06946 
-0.0070 0.0058 3.0001e-01 -6.869e+01 0.15328 0.003 0.08466 0.06862 
-0.0070 0.0062 3.0001e-01 -6.732e+01 0.15192 0.002 0.08412 0.06780 
-0.0070 0.0066 3.0001e-01 -6.602e+01 0.15064 0.002 0.08353 0.06710 
-0.0070 0.0070 3.0000e-01 -6.480e+01 0.14943 0.002 0.08301 0.06642 
-0.0070 0.0074 3.0000e-01 -6.366e+01 0.14833 0.001 0.08251 0.06582 
-0.0070 0.0078 3.0001e-01 -6.258e+01 0.14732 0.000 0.08192 0.06539 
-0.0070 0.0082 3.0000e-01 -6.157e+01 0.14626 0.001 0.08153 0.06474 
-0.0070 0.0086 3.0001e-01 -6.064e+01 0.14542 0.001 0.08088 0.06453 
-0.0070 0.0090 3.0001e-01 -5.975e+01 0.14451 0.000 0.08053 0.06398 
-0.0070 0.0094 3.0002e-01 -5.893e+01 0.14381 0.000 0.07999 0.06382 
-0.0070 0.0098 3.0000e-01 -5.818e+01 0.14298 0.004 0.07990 0.06308 
-0.0070 0.0102 3.0001e-01 -5.747e+01 0.14247 0.000 0.07925 0.06322 
-0.0070 0.0106 3.0001e-01 -5.681e+01 0.14176 0.000 0.07912 0.06263 
-0.0070 0.0110 3.0001e-01 -5.621e+01 0.14134 0.000 0.07861 0.06273 
-0.0070 0.0114 3.0000e-01 -5.566e+01 0.14086 0.000 0.07826 0.06260 
-0.0070 0.0118 3.0001e-01 -5.514e+01 0.14029 0.000 0.07822 0.06207 
-0.0070 0.0122 3.0002e-01 -5.468e+01 0.14003 0.000 0.07769 0.06235 
-0.0070 0.0126 3.0001e-01 -5.427e+01 0.13960 0.000 0.07753 0.06207 
-0.0070 0.0130 3.0001e-01 -5.389e+01 0.13924 0.000 0.07727 0.06197 
-0.0070 0.0134 3.0000e-01 -5.356e+01 0.13887 0.000 0.07716 0.06171 
-0.0070 0.0138 3.0002e-01 -5.326e+01 0.13868 0.000 0.07683 0.06185 
-0.0070 0.0142 2.9999e-01 -5.301e+01 0.13845 0.000 0.07672 0.06173 
-0.0070 0.0146 3.0002e-01 -5.277e+01 0.13828 0.000 0.07654 0.06174 
-0.0070 0.0150 3.0001e-01 -5.259e+01 0.13814 0.000 0.07648 0.06166 
-0.0070 0.0154 3.0002e-01 -5.243e+01 0.13800 0.000 0.07641 0.06159 
-0.0070 0.0158 3.0000e-01 -5.230e+01 0.13781 0.000 0.07652 0.06129 
-0.0066 0.0002 3.0001e-01 -8.467e+01 0.16994 0.020 0.09073 0.07921 
-0.0066 0.0006 3.0000e-01 -8.263e+01 0.16785 0.016 0.08999 0.07786 
-0.0066 0.0010 3.0001e-01 -8.064e+01 0.16575 0.014 0.08932 0.07643 
-0.0066 0.0014 3.0001e-01 -7.876e+01 0.16380 0.011 0.08858 0.07522 
-0.0066 0.0018 3.0000e-01 -7.693e+01 0.16190 0.009 0.08792 0.07398 
-0.0066 0.0022 3.0001e-01 -7.518e+01 0.16012 0.007 0.08725 0.07287 
-0.0066 0.0026 3.0000e-01 -7.352e+01 0.15843 0.006 0.08660 0.07183 
-0.0066 0.0030 3.0001e-01 -7.191e+01 0.15678 0.005 0.08601 0.07077 
-0.0066 0.0034 3.0002e-01 -7.039e+01 0.15527 0.004 0.08539 0.06988 
-0.0066 0.0038 3.0001e-01 -6.893e+01 0.15378 0.003 0.08478 0.06900 
-0.0066 0.0042 3.0001e-01 -6.756e+01 0.15239 0.003 0.08422 0.06818 
-0.0066 0.0046 3.0001e-01 -6.624e+01 0.15107 0.002 0.08366 0.06741 
-0.0066 0.0050 3.0001e-01 -6.500e+01 0.14986 0.002 0.08311 0.06674 
-0.0066 0.0054 3.0002e-01 -6.382e+01 0.14867 0.001 0.08258 0.06609 
-0.0066 0.0058 3.0001e-01 -6.272e+01 0.14756 0.001 0.08208 0.06548 
-0.0066 0.0062 3.0001e-01 -6.166e+01 0.14654 0.000 0.08153 0.06501 
-0.0066 0.0066 3.0000e-01 -6.068e+01 0.14564 0.001 0.08092 0.06472 
-0.0066 0.0070 3.0000e-01 -5.975e+01 0.14469 0.000 0.08053 0.06416 
-0.0066 0.0074 3.0001e-01 -5.888e+01 0.14388 0.000 0.07994 0.06393 
-0.0066 0.0078 3.0001e-01 -5.806e+01 0.14304 0.000 0.07959 0.06345 
-0.0066 0.0082 3.0000e-01 -5.729e+01 0.14232 0.000 0.07912 0.06320 
-0.0066 0.0086 3.0001e-01 -5.657e+01 0.14155 0.000 0.07889 0.06267 
-0.0066 0.0090 3.0000e-01 -5.592e+01 0.14103 0.000 0.07836 0.06267 
-0.0066 0.0094 3.0002e-01 -5.529e+01 0.14040 0.000 0.07810 0.06230 
-0.0066 0.0098 3.0001e-01 -5.473e+01 0.14000 0.000 0.07763 0.06236 
-0.0066 0.0102 3.0002e-01 -5.420e+01 0.13935 0.000 0.07767 0.06168 
-0.0066 0.0106 3.0000e-01 -5.373e+01 0.13907 0.000 0.07712 0.06195 
-0.0066 0.0110 3.0002e-01 -5.328e+01 0.13854 0.000 0.07706 0.06148 
-0.0066 0.0114 3.0002e-01 -5.290e+01 0.13833 0.000 0.07660 0.06173 
-0.0066 0.0118 3.0002e-01 -5.253e+01 0.13795 0.000 0.07642 0.06153 
-0.0066 0.0122 3.0001e-01 -5.222e+01 0.13767 0.000 0.07619 0.06148 
-0.0066 0.0126 3.0001e-01 -5.194e+01 0.13733 0.000 0.07613 0.06120 
-0.0066 0.0098 3.0001e-01 -5.473e+01 0.14000 0.000 0.07763 0.06236 
-0.0066 0.0102 3.0002e-01 -5.420e+01 0.13935 0.000 0.07767 0.06168 
-0.0066 0.0106 3.0000e-01 -5.373e+01 0.13907 0.000 0.07712 0.06195 
-0.0066 0.0110 3.0002e-01 -5.328e+01 0.13854 0.000 0.07706 0.06148 
-0.0066 0.0114 3.0002e-01 -5.290e+01 0.13833 0.000 0.07660 0.06173 
-0.0066 0.0118 3.0002e-01 -5.253e+01 0.13795 0.000 0.07642 0.06153 
-0.0066 0.0122 3.0001e-01 -5.222e+01 0.13767 0.000 0.07619 0.06148 
-0.0066 0.0126 3.0001e-01 -5.194e+01 0.13733 0.000 0.07613 0.06120 
-0.0066 0.0130 3.0002e-01 -5.169e+01 0.13697 0.000 0.07619 0.06077 
-0.0066 0.0134 3.0000e-01 -5.149e+01 0.13695 0.000 0.07575 0.06120 
-0.0066 0.0138 3.0000e-01 -5.132e+01 0.13682 0.000 0.07564 0.06118 
-0.0066 0.0142 3.0002e-01 -5.117e+01 0.13673 0.000 0.07551 0.06121 
-0.0066 0.0146 3.0000e-01 -5.106e+01 0.13663 0.000 0.07544 0.06118 
-0.0066 0.0150 3.0002e-01 -5.096e+01 0.13641 0.000 0.07556 0.06085 
-0.0066 0.0154 3.0001e-01 -5.091e+01 0.13640 0.000 0.07548 0.06092 
-0.0066 0.0158 3.0001e-01 -5.088e+01 0.13645 0.000 0.07537 0.06108 
-0.0066 0.0130 3.0002e-01 -5.169e+01 0.13697 0.000 0.07619 0.06077 
-0.0066 0.0134 3.0000e-01 -5.149e+01 0.13695 0.000 0.07575 0.06120 
-0.0066 0.0138 3.0000e-01 -5.132e+01 0.13682 0.000 0.07564 0.06118 
-0.0066 0.0142 3.0002e-01 -5.117e+01 0.13673 0.000 0.07551 0.06121 
-0.0066 0.0146 3.0000e-01 -5.106e+01 0.13663 0.000 0.07544 0.06118 
-0.0066 0.0150 3.0002e-01 -5.096e+01 0.13641 0.000 0.07556 0.06085 
-0.0066 0.0154 3.0001e-01 -5.091e+01 0.13640 0.000 0.07548 0.06092 
-0.0066 0.0158 3.0001e-01 -5.088e+01 0.13645 0.000 0.07537 0.06108 
-0.0062 0.0002 3.0000e-01 -7.496e+01 0.16044 0.008 0.08734 0.07310 
-0.0062 0.0006 3.0000e-01 -7.341e+01 0.15881 0.006 0.08670 0.07211 
-0.0062 0.0010 3.0000e-01 -7.190e+01 0.15723 0.005 0.08611 0.07112 
-0.0062 0.0014 3.0000e-01 -7.045e+01 0.15575 0.004 0.08553 0.07021 
-0.0062 0.0018 3.0000e-01 -6.906e+01 0.15431 0.004 0.08495 0.06936 
-0.0062 0.0022 3.0000e-01 -6.772e+01 0.15293 0.003 0.08436 0.06857 
-0.0062 0.0026 3.0000e-01 -6.645e+01 0.15161 0.003 0.08384 0.06777 
-0.0062 0.0030 3.0000e-01 -6.521e+01 0.15034 0.002 0.08327 0.06707 
-0.0062 0.0002 3.0000e-01 -7.496e+01 0.16044 0.008 0.08734 0.07310 
-0.0062 0.0006 3.0000e-01 -7.341e+01 0.15881 0.006 0.08670 0.07211 
-0.0062 0.0010 3.0000e-01 -7.190e+01 0.15723 0.005 0.08611 0.07112 
-0.0062 0.0014 3.0000e-01 -7.045e+01 0.15575 0.004 0.08553 0.07021 
-0.0062 0.0018 3.0000e-01 -6.906e+01 0.15431 0.004 0.08495 0.06936 
-0.0062 0.0022 3.0000e-01 -6.772e+01 0.15293 0.003 0.08436 0.06857 
-0.0062 0.0026 3.0000e-01 -6.645e+01 0.15161 0.003 0.08384 0.06777 
-0.0062 0.0030 3.0000e-01 -6.521e+01 0.15034 0.002 0.08327 0.06707 
-0.0062 0.0034 3.0000e-01 -6.404e+01 0.14913 0.001 0.08272 0.06640 
-0.0062 0.0038 3.0000e-01 -6.292e+01 0.14799 0.001 0.08221 0.06578 
-0.0062 0.0042 3.0001e-01 -6.184e+01 0.14694 0.000 0.08165 0.06529 
-0.0062 0.0046 3.0002e-01 -6.083e+01 0.14592 0.000 0.08117 0.06475 
-0.0062 0.0050 3.0000e-01 -5.988e+01 0.14501 0.001 0.08057 0.06444 
-0.0062 0.0054 3.0001e-01 -5.897e+01 0.14414 0.001 0.08001 0.06414 
-0.0062 0.0058 3.0001e-01 -5.811e+01 0.14324 0.000 0.07966 0.06358 
-0.0062 0.0062 3.0001e-01 -5.729e+01 0.14233 0.003 0.07944 0.06289 
-0.0062 0.0066 3.0002e-01 -5.653e+01 0.14172 0.000 0.07868 0.06304 
-0.0062 0.0070 3.0001e-01 -5.582e+01 0.14107 0.000 0.07820 0.06287 
-0.0062 0.0074 3.0001e-01 -5.515e+01 0.14031 0.000 0.07796 0.06235 
-0.0062 0.0078 3.0000e-01 -5.453e+01 0.13965 0.000 0.07770 0.06195 
-0.0062 0.0082 3.0001e-01 -5.395e+01 0.13920 0.000 0.07720 0.06201 
-0.0062 0.0086 3.0000e-01 -5.342e+01 0.13870 0.000 0.07689 0.06181 
-0.0062 0.0090 3.0002e-01 -5.290e+01 0.13808 0.000 0.07685 0.06124 
-0.0062 0.0094 3.0000e-01 -5.246e+01 0.13783 0.000 0.07630 0.06153 
-0.0062 0.0098 3.0001e-01 -5.204e+01 0.13743 0.000 0.07603 0.06140 
-0.0062 0.0102 3.0001e-01 -5.167e+01 0.13694 0.000 0.07598 0.06096 
-0.0062 0.0106 3.0001e-01 -5.132e+01 0.13658 0.000 0.07579 0.06079 
-0.0062 0.0110 3.0001e-01 -5.103e+01 0.13628 0.000 0.07563 0.06066 
-0.0062 0.0114 3.0002e-01 -5.076e+01 0.13613 0.000 0.07527 0.06087 
-0.0062 0.0118 3.0001e-01 -5.054e+01 0.13594 0.000 0.07506 0.06087 
-0.0062 0.0122 3.0001e-01 -5.033e+01 0.13566 0.000 0.07506 0.06060 
-0.0062 0.0126 3.0001e-01 -5.017e+01 0.13550 0.000 0.07494 0.06056 
-0.0062 0.0130 3.0001e-01 -5.004e+01 0.13537 0.000 0.07490 0.06048 
-0.0062 0.0134 3.0000e-01 -4.994e+01 0.13539 0.000 0.07469 0.06069 
-0.0062 0.0138 3.0000e-01 -4.985e+01 0.13511 0.000 0.07495 0.06016 
-0.0062 0.0142 3.0000e-01 -4.980e+01 0.13506 0.000 0.07497 0.06009 
-0.0062 0.0146 3.0001e-01 -4.978e+01 0.13513 0.000 0.07483 0.06031 
-0.0062 0.0150 3.0001e-01 -4.979e+01 0.13513 0.000 0.07486 0.06027 
-0.0062 0.0154 3.0000e-01 -4.983e+01 0.13521 0.000 0.07490 0.06031 
-0.0062 0.0158 3.0000e-01 -4.988e+01 0.13529 0.000 0.07492 0.06037 
-0.0058 0.0002 3.0000e-01 -6.777e+01 0.15328 0.003 0.08446 0.06882 
-0.0058 0.0006 3.0001e-01 -6.655e+01 0.15200 0.003 0.08394 0.06806 
-0.0058 0.0010 3.0000e-01 -6.538e+01 0.15077 0.002 0.08341 0.06736 
-0.0058 0.0014 3.0001e-01 -6.423e+01 0.14958 0.002 0.08287 0.06671 
-0.0058 0.0018 3.0001e-01 -6.313e+01 0.14845 0.001 0.08237 0.06608 
-0.0058 0.0022 3.0002e-01 -6.207e+01 0.14734 0.001 0.08187 0.06548 
-0.0058 0.0026 3.0001e-01 -6.107e+01 0.14632 0.000 0.08131 0.06502 
-0.0058 0.0030 3.0002e-01 -6.010e+01 0.14537 0.001 0.08068 0.06469 
-0.0058 0.0034 3.0001e-01 -5.918e+01 0.14442 0.000 0.08025 0.06417 
-0.0058 0.0038 3.0001e-01 -5.831e+01 0.14356 0.000 0.07969 0.06388 
-0.0058 0.0042 3.0000e-01 -5.746e+01 0.14269 0.000 0.07931 0.06338 
-0.0058 0.0046 3.0001e-01 -5.666e+01 0.14192 0.000 0.07882 0.06310 
-0.0058 0.0050 3.0002e-01 -5.590e+01 0.14109 0.000 0.07855 0.06254 
-0.0058 0.0054 3.0001e-01 -5.520e+01 0.14044 0.000 0.07799 0.06245 
-0.0058 0.0058 3.0001e-01 -5.453e+01 0.13979 0.000 0.07755 0.06224 
-0.0058 0.0062 3.0000e-01 -5.391e+01 0.13916 0.000 0.07720 0.06196 
-0.0058 0.0066 3.0001e-01 -5.332e+01 0.13860 0.000 0.07678 0.06182 
-0.0058 0.0070 3.0001e-01 -5.277e+01 0.13805 0.000 0.07646 0.06159 
-0.0058 0.0074 3.0000e-01 -5.227e+01 0.13757 0.000 0.07614 0.06143 
-0.0058 0.0078 3.0002e-01 -5.179e+01 0.13712 0.000 0.07585 0.06127 
-0.0058 0.0082 3.0000e-01 -5.137e+01 0.13669 0.000 0.07563 0.06106 
-0.0058 0.0086 3.0001e-01 -5.098e+01 0.13636 0.000 0.07533 0.06103 
-0.0058 0.0090 3.0000e-01 -5.062e+01 0.13600 0.000 0.07511 0.06089 
-0.0058 0.0094 3.0000e-01 -5.030e+01 0.13569 0.000 0.07483 0.06086 
-0.0058 0.0098 3.0001e-01 -5.000e+01 0.13532 0.000 0.07473 0.06058 
-0.0058 0.0102 3.0002e-01 -4.974e+01 0.13508 0.000 0.07455 0.06053 
-0.0058 0.0106 3.0002e-01 -4.953e+01 0.13487 0.000 0.07442 0.06045 
-0.0058 0.0110 3.0002e-01 -4.934e+01 0.13465 0.000 0.07433 0.06033 
-0.0058 0.0114 3.0001e-01 -4.919e+01 0.13453 0.000 0.07420 0.06033 
-0.0058 0.0118 3.0000e-01 -4.905e+01 0.13427 0.000 0.07429 0.05998 
-0.0058 0.0122 3.0001e-01 -4.896e+01 0.13427 0.000 0.07408 0.06019 
-0.0058 0.0126 3.0000e-01 -4.889e+01 0.13422 0.000 0.07405 0.06017 
-0.0058 0.0130 3.0001e-01 -4.885e+01 0.13420 0.000 0.07406 0.06014 
-0.0058 0.0134 3.0002e-01 -4.883e+01 0.13423 0.000 0.07404 0.06018 
-0.0058 0.0138 3.0000e-01 -4.886e+01 0.13427 0.000 0.07408 0.06018 
-0.0058 0.0142 3.0000e-01 -4.890e+01 0.13432 0.000 0.07410 0.06022 
-0.0058 0.0146 3.0000e-01 -4.897e+01 0.13443 0.000 0.07416 0.06026 
-0.0058 0.0150 3.0000e-01 -4.906e+01 0.13442 0.000 0.07442 0.05999 
-0.0058 0.0154 3.0000e-01 -4.918e+01 0.13469 0.000 0.07425 0.06043 
-0.0058 0.0158 3.0000e-01 -4.932e+01 0.13483 0.000 0.07436 0.06047 
-0.0054 0.0002 3.0000e-01 -6.233e+01 0.14774 0.001 0.08200 0.06575 
-0.0054 0.0006 3.0002e-01 -6.134e+01 0.14675 0.000 0.08142 0.06533 
-0.0054 0.0010 3.0001e-01 -6.040e+01 0.14574 0.000 0.08099 0.06474 
-0.0054 0.0014 3.0000e-01 -5.949e+01 0.14483 0.001 0.08039 0.06445 
-0.0054 0.0018 3.0001e-01 -5.861e+01 0.14394 0.001 0.07981 0.06413 
-0.0054 0.0022 3.0000e-01 -5.777e+01 0.14309 0.001 0.07932 0.06376 
-0.0054 0.0026 3.0001e-01 -5.695e+01 0.14223 0.000 0.07895 0.06328 
-0.0054 0.0030 3.0001e-01 -5.617e+01 0.14140 0.000 0.07869 0.06271 
-0.0054 0.0034 3.0000e-01 -5.544e+01 0.14075 0.000 0.07812 0.06262 
-0.0054 0.0038 3.0002e-01 -5.473e+01 0.14002 0.000 0.07770 0.06232 
-0.0054 0.0042 3.0000e-01 -5.408e+01 0.13939 0.000 0.07728 0.06210 
-0.0054 0.0046 3.0000e-01 -5.345e+01 0.13876 0.000 0.07688 0.06188 
-0.0054 0.0050 3.0000e-01 -5.286e+01 0.13817 0.000 0.07648 0.06169 
-0.0054 0.0054 3.0000e-01 -5.231e+01 0.13762 0.000 0.07614 0.06148 
-0.0054 0.0058 3.0000e-01 -5.179e+01 0.13706 0.000 0.07588 0.06118 
-0.0054 0.0062 3.0002e-01 -5.130e+01 0.13659 0.000 0.07556 0.06103 
-0.0054 0.0066 3.0002e-01 -5.086e+01 0.13614 0.000 0.07530 0.06084 
-0.0054 0.0070 3.0001e-01 -5.045e+01 0.13574 0.000 0.07502 0.06072 
-0.0054 0.0074 3.0001e-01 -5.007e+01 0.13538 0.000 0.07475 0.06063 
-0.0054 0.0078 3.0000e-01 -4.974e+01 0.13504 0.000 0.07455 0.06050 
-0.0054 0.0082 3.0002e-01 -4.942e+01 0.13472 0.000 0.07436 0.06035 
-0.0054 0.0086 3.0002e-01 -4.915e+01 0.13440 0.000 0.07418 0.06023 
-0.0054 0.0090 3.0001e-01 -4.891e+01 0.13416 0.000 0.07399 0.06017 
-0.0054 0.0094 3.0001e-01 -4.870e+01 0.13396 0.000 0.07385 0.06011 
-0.0054 0.0098 3.0001e-01 -4.852e+01 0.13381 0.000 0.07371 0.06010 
-0.0054 0.0102 3.0001e-01 -4.837e+01 0.13366 0.000 0.07358 0.06008 
-0.0054 0.0106 3.0001e-01 -4.825e+01 0.13350 0.000 0.07356 0.05994 
-0.0054 0.0110 3.0001e-01 -4.816e+01 0.13341 0.000 0.07352 0.05989 
-0.0054 0.0114 3.0002e-01 -4.810e+01 0.13336 0.000 0.07346 0.05990 
-0.0054 0.0118 3.0001e-01 -4.806e+01 0.13334 0.000 0.07349 0.05985 
-0.0054 0.0122 3.0001e-01 -4.806e+01 0.13340 0.000 0.07347 0.05994 
-0.0054 0.0126 3.0000e-01 -4.809e+01 0.13346 0.000 0.07348 0.05998 
-0.0054 0.0130 3.0001e-01 -4.813e+01 0.13351 0.000 0.07353 0.05998 
-0.0054 0.0134 3.0002e-01 -4.820e+01 0.13357 0.000 0.07358 0.05999 
-0.0054 0.0138 3.0001e-01 -4.830e+01 0.13368 0.000 0.07368 0.06000 
-0.0054 0.0142 3.0000e-01 -4.843e+01 0.13382 0.000 0.07382 0.06000 
-0.0054 0.0146 3.0001e-01 -4.858e+01 0.13400 0.000 0.07384 0.06016 
-0.0054 0.0150 3.0001e-01 -4.874e+01 0.13419 0.000 0.07394 0.06025 
-0.0054 0.0154 3.0000e-01 -4.894e+01 0.13433 0.000 0.07414 0.06019 
-0.0054 0.0158 3.0000e-01 -4.916e+01 0.13461 0.000 0.07421 0.06040 
-0.0050 0.0002 3.0002e-01 -5.815e+01 0.14371 0.001 0.07964 0.06407 
-0.0050 0.0006 3.0000e-01 -5.735e+01 0.14288 0.001 0.07919 0.06368 
-0.0050 0.0010 3.0003e-01 -5.657e+01 0.14203 0.001 0.07880 0.06324 
-0.0050 0.0014 3.0002e-01 -5.582e+01 0.14115 0.001 0.07854 0.06262 
-0.0050 0.0018 3.0000e-01 -5.512e+01 0.14056 0.000 0.07786 0.06270 
-0.0050 0.0022 3.0001e-01 -5.443e+01 0.13981 0.000 0.07757 0.06224 
-0.0050 0.0026 3.0000e-01 -5.379e+01 0.13921 0.000 0.07709 0.06212 
-0.0050 0.0030 3.0001e-01 -5.316e+01 0.13853 0.000 0.07678 0.06174 
-0.0050 0.0034 3.0002e-01 -5.257e+01 0.13794 0.000 0.07635 0.06159 
-0.0050 0.0038 3.0002e-01 -5.202e+01 0.13736 0.000 0.07598 0.06138 
-0.0050 0.0042 3.0000e-01 -5.150e+01 0.13685 0.000 0.07563 0.06122 
-0.0050 0.0046 3.0001e-01 -5.101e+01 0.13632 0.000 0.07535 0.06096 
-0.0050 0.0050 3.0000e-01 -5.055e+01 0.13581 0.000 0.07508 0.06073 
-0.0050 0.0054 3.0000e-01 -5.014e+01 0.13543 0.000 0.07475 0.06067 
-0.0050 0.0058 3.0001e-01 -4.974e+01 0.13501 0.000 0.07454 0.06047 
-0.0050 0.0062 2.9999e-01 -4.939e+01 0.13464 0.000 0.07428 0.06036 
-0.0050 0.0066 3.0000e-01 -4.906e+01 0.13428 0.000 0.07409 0.06019 
-0.0050 0.0070 3.0001e-01 -4.876e+01 0.13400 0.000 0.07388 0.06012 
-0.0050 0.0074 3.0002e-01 -4.849e+01 0.13373 0.000 0.07371 0.06002 
-0.0050 0.0078 3.0001e-01 -4.826e+01 0.13348 0.000 0.07356 0.05992 
-0.0050 0.0082 3.0001e-01 -4.806e+01 0.13325 0.000 0.07343 0.05982 
-0.0050 0.0086 3.0000e-01 -4.789e+01 0.13307 0.000 0.07332 0.05975 
-0.0050 0.0090 3.0001e-01 -4.774e+01 0.13293 0.000 0.07321 0.05972 
-0.0050 0.0094 3.0001e-01 -4.763e+01 0.13281 0.000 0.07314 0.05967 
-0.0050 0.0098 3.0001e-01 -4.754e+01 0.13272 0.000 0.07310 0.05962 
-0.0050 0.0102 3.0002e-01 -4.749e+01 0.13266 0.000 0.07308 0.05959 
-0.0050 0.0106 3.0001e-01 -4.746e+01 0.13264 0.000 0.07307 0.05957 
-0.0050 0.0110 3.0001e-01 -4.746e+01 0.13266 0.000 0.07307 0.05958 
-0.0050 0.0114 3.0001e-01 -4.748e+01 0.13271 0.000 0.07311 0.05960 
-0.0050 0.0118 3.0000e-01 -4.754e+01 0.13280 0.000 0.07315 0.05966 
-0.0050 0.0122 3.0000e-01 -4.762e+01 0.13290 0.000 0.07320 0.05970 
-0.0050 0.0126 3.0000e-01 -4.773e+01 0.13301 0.000 0.07326 0.05975 
-0.0050 0.0130 3.0000e-01 -4.786e+01 0.13314 0.000 0.07335 0.05979 
-0.0050 0.0134 3.0001e-01 -4.801e+01 0.13333 0.000 0.07344 0.05989 
-0.0050 0.0138 3.0001e-01 -4.819e+01 0.13353 0.000 0.07354 0.06000 
-0.0050 0.0142 3.0002e-01 -4.838e+01 0.13371 0.000 0.07370 0.06001 
-0.0050 0.0146 3.0002e-01 -4.860e+01 0.13394 0.000 0.07386 0.06008 
-0.0050 0.0150 3.0002e-01 -4.884e+01 0.13420 0.000 0.07403 0.06016 
-0.0050 0.0154 3.0000e-01 -4.911e+01 0.13450 0.000 0.07420 0.06029 
-0.0050 0.0158 3.0001e-01 -4.938e+01 0.13464 0.000 0.07458 0.06006 
-0.0046 0.0002 3.0001e-01 -5.496e+01 0.14054 0.000 0.07783 0.06271 
-0.0046 0.0006 3.0001e-01 -5.429e+01 0.13977 0.000 0.07752 0.06225 
-0.0046 0.0010 3.0001e-01 -5.366e+01 0.13914 0.000 0.07708 0.06206 
-0.0046 0.0014 3.0000e-01 -5.305e+01 0.13850 0.000 0.07676 0.06175 
-0.0046 0.0018 3.0001e-01 -5.248e+01 0.13794 0.000 0.07633 0.06161 
-0.0046 0.0022 3.0000e-01 -5.193e+01 0.13734 0.000 0.07600 0.06134 
-0.0046 0.0026 3.0001e-01 -5.140e+01 0.13681 0.000 0.07560 0.06120 
-0.0046 0.0030 3.0001e-01 -5.091e+01 0.13629 0.000 0.07530 0.06099 
-0.0046 0.0034 3.0001e-01 -5.045e+01 0.13581 0.000 0.07496 0.06085 
-0.0046 0.0038 3.0002e-01 -5.002e+01 0.13531 0.000 0.07475 0.06056 
-0.0046 0.0042 3.0001e-01 -4.962e+01 0.13491 0.000 0.07445 0.06047 
-0.0046 0.0046 3.0001e-01 -4.924e+01 0.13451 0.000 0.07421 0.06030 
-0.0046 0.0050 3.0001e-01 -4.890e+01 0.13416 0.000 0.07399 0.06017 
-0.0046 0.0054 3.0002e-01 -4.858e+01 0.13379 0.000 0.07376 0.06003 
-0.0046 0.0058 3.0001e-01 -4.830e+01 0.13351 0.000 0.07357 0.05993 
-0.0046 0.0062 3.0002e-01 -4.804e+01 0.13324 0.000 0.07342 0.05983 
-0.0046 0.0066 3.0002e-01 -4.782e+01 0.13303 0.000 0.07323 0.05980 
-0.0046 0.0070 3.0001e-01 -4.762e+01 0.13281 0.000 0.07313 0.05968 
-0.0046 0.0074 3.0001e-01 -4.745e+01 0.13260 0.000 0.07301 0.05960 
-0.0046 0.0078 3.0001e-01 -4.732e+01 0.13244 0.000 0.07292 0.05951 
-0.0046 0.0082 3.0001e-01 -4.720e+01 0.13232 0.000 0.07286 0.05945 
-0.0046 0.0086 3.0001e-01 -4.713e+01 0.13226 0.000 0.07279 0.05947 
-0.0046 0.0090 3.0000e-01 -4.708e+01 0.13224 0.000 0.07274 0.05950 
-0.0046 0.0094 3.0001e-01 -4.705e+01 0.13221 0.000 0.07276 0.05944 
-0.0046 0.0098 3.0001e-01 -4.705e+01 0.13218 0.000 0.07279 0.05939 
-0.0046 0.0102 3.0002e-01 -4.708e+01 0.13224 0.000 0.07278 0.05946 
-0.0046 0.0106 3.0000e-01 -4.714e+01 0.13236 0.000 0.07282 0.05954 
-0.0046 0.0110 3.0000e-01 -4.722e+01 0.13246 0.000 0.07289 0.05956 
-0.0046 0.0114 3.0000e-01 -4.733e+01 0.13255 0.000 0.07301 0.05954 
-0.0046 0.0118 3.0001e-01 -4.746e+01 0.13272 0.000 0.07306 0.05966 
-0.0046 0.0122 3.0000e-01 -4.762e+01 0.13286 0.000 0.07319 0.05968 
-0.0046 0.0126 3.0002e-01 -4.780e+01 0.13305 0.000 0.07331 0.05974 
-0.0046 0.0130 3.0001e-01 -4.801e+01 0.13330 0.000 0.07342 0.05988 
-0.0046 0.0134 3.0002e-01 -4.823e+01 0.13353 0.000 0.07355 0.05998 
-0.0046 0.0138 3.0002e-01 -4.848e+01 0.13378 0.000 0.07374 0.06004 
-0.0046 0.0142 3.0000e-01 -4.876e+01 0.13409 0.000 0.07393 0.06016 
-0.0046 0.0146 3.0002e-01 -4.904e+01 0.13437 0.000 0.07414 0.06023 
-0.0046 0.0150 3.0001e-01 -4.935e+01 0.13471 0.000 0.07431 0.06040 
-0.0046 0.0154 3.0002e-01 -4.968e+01 0.13502 0.000 0.07456 0.06046 
-0.0046 0.0158 3.0001e-01 -5.003e+01 0.13541 0.000 0.07478 0.06063 
-0.0042 0.0002 3.0000e-01 -5.257e+01 0.13800 0.000 0.07637 0.06163 
-0.0042 0.0006 3.0001e-01 -5.202e+01 0.13745 0.000 0.07605 0.06140 
-0.0042 0.0010 3.0001e-01 -5.150e+01 0.13675 0.000 0.07609 0.06065 
-0.0042 0.0014 3.0001e-01 -5.102e+01 0.13641 0.000 0.07537 0.06105 
-0.0042 0.0018 3.0002e-01 -5.054e+01 0.13588 0.000 0.07513 0.06075 
-0.0042 0.0022 3.0000e-01 -5.011e+01 0.13546 0.000 0.07479 0.06067 
-0.0042 0.0026 3.0000e-01 -4.970e+01 0.13502 0.000 0.07451 0.06051 
-0.0042 0.0030 3.0001e-01 -4.930e+01 0.13458 0.000 0.07427 0.06031 
-0.0042 0.0034 3.0001e-01 -4.894e+01 0.13421 0.000 0.07399 0.06022 
-0.0042 0.0038 3.0000e-01 -4.862e+01 0.13385 0.000 0.07377 0.06008 
-0.0042 0.0042 3.0000e-01 -4.832e+01 0.13351 0.000 0.07359 0.05992 
-0.0042 0.0046 3.0002e-01 -4.803e+01 0.13317 0.000 0.07340 0.05977 
-0.0042 0.0050 3.0001e-01 -4.779e+01 0.13293 0.000 0.07322 0.05971 
-0.0042 0.0054 3.0000e-01 -4.758e+01 0.13273 0.000 0.07307 0.05966 
-0.0042 0.0058 3.0002e-01 -4.738e+01 0.13251 0.000 0.07296 0.05955 
-0.0042 0.0062 3.0001e-01 -4.722e+01 0.13233 0.000 0.07285 0.05948 
-0.0042 0.0066 3.0001e-01 -4.708e+01 0.13221 0.000 0.07270 0.05951 
-0.0042 0.0070 3.0002e-01 -4.697e+01 0.13207 0.000 0.07264 0.05943 
-0.0042 0.0074 3.0001e-01 -4.690e+01 0.13199 0.000 0.07261 0.05938 
-0.0042 0.0078 3.0001e-01 -4.684e+01 0.13193 0.000 0.07261 0.05932 
-0.0042 0.0082 3.0000e-01 -4.683e+01 0.13198 0.000 0.07254 0.05943 
-0.0042 0.0086 3.0000e-01 -4.683e+01 0.13196 0.000 0.07261 0.05935 
-0.0042 0.0090 3.0000e-01 -4.686e+01 0.13202 0.000 0.07260 0.05942 
-0.0042 0.0094 3.0001e-01 -4.691e+01 0.13206 0.000 0.07267 0.05939 
-0.0042 0.0098 3.0000e-01 -4.700e+01 0.13219 0.000 0.07273 0.05946 
-0.0042 0.0102 3.0001e-01 -4.711e+01 0.13232 0.000 0.07280 0.05952 
-0.0042 0.0106 3.0000e-01 -4.725e+01 0.13247 0.000 0.07288 0.05958 
-0.0042 0.0110 3.0001e-01 -4.741e+01 0.13261 0.000 0.07301 0.05959 
-0.0042 0.0114 3.0001e-01 -4.760e+01 0.13279 0.000 0.07316 0.05963 
-0.0042 0.0118 3.0000e-01 -4.781e+01 0.13303 0.000 0.07328 0.05976 
-0.0042 0.0122 3.0000e-01 -4.805e+01 0.13329 0.000 0.07342 0.05988 
-0.0042 0.0126 3.0002e-01 -4.830e+01 0.13356 0.000 0.07356 0.06001 
-0.0042 0.0130 3.0002e-01 -4.858e+01 0.13383 0.000 0.07379 0.06004 
-0.0042 0.0134 3.0001e-01 -4.888e+01 0.13414 0.000 0.07403 0.06011 
-0.0042 0.0138 3.0000e-01 -4.921e+01 0.13450 0.000 0.07423 0.06027 
-0.0042 0.0142 3.0000e-01 -4.956e+01 0.13491 0.000 0.07441 0.06050 
-0.0042 0.0146 3.0002e-01 -4.991e+01 0.13523 0.000 0.07469 0.06054 
-0.0042 0.0150 3.0001e-01 -5.030e+01 0.13565 0.000 0.07491 0.06074 
-0.0042 0.0154 3.0001e-01 -5.071e+01 0.13606 0.000 0.07520 0.06086 
-0.0042 0.0158 3.0001e-01 -5.112e+01 0.13648 0.000 0.07547 0.06101 
-0.0038 0.0002 3.0000e-01 -5.083e+01 0.13618 0.000 0.07519 0.06099 
-0.0038 0.0006 3.0001e-01 -5.038e+01 0.13568 0.000 0.07496 0.06072 
-0.0038 0.0010 3.0002e-01 -4.995e+01 0.13524 0.000 0.07467 0.06058 
-0.0038 0.0014 3.0001e-01 -4.957e+01 0.13486 0.000 0.07435 0.06052 
-0.0038 0.0018 3.0001e-01 -4.919e+01 0.13442 0.000 0.07418 0.06025 
-0.0038 0.0022 3.0001e-01 -4.885e+01 0.13404 0.000 0.07393 0.06012 
-0.0038 0.0026 3.0002e-01 -4.853e+01 0.13371 0.000 0.07370 0.06002 
-0.0038 0.0030 3.0002e-01 -4.823e+01 0.13332 0.000 0.07355 0.05977 
-0.0038 0.0034 3.0002e-01 -4.797e+01 0.13307 0.000 0.07329 0.05977 
-0.0038 0.0038 3.0000e-01 -4.773e+01 0.13280 0.000 0.07313 0.05966 
-0.0038 0.0042 3.0002e-01 -4.751e+01 0.13256 0.000 0.07299 0.05958 
-0.0038 0.0046 3.0001e-01 -4.733e+01 0.13239 0.000 0.07289 0.05950 
-0.0038 0.0050 3.0001e-01 -4.717e+01 0.13223 0.000 0.07281 0.05942 
-0.0038 0.0054 3.0001e-01 -4.704e+01 0.13211 0.000 0.07269 0.05942 
-0.0038 0.0058 3.0000e-01 -4.694e+01 0.13200 0.000 0.07260 0.05940 
-0.0038 0.0062 3.0001e-01 -4.686e+01 0.13190 0.000 0.07257 0.05934 
-0.0038 0.0066 3.0001e-01 -4.681e+01 0.13186 0.000 0.07252 0.05935 
-0.0038 0.0070 3.0002e-01 -4.679e+01 0.13188 0.000 0.07248 0.05940 
-0.0038 0.0074 3.0001e-01 -4.680e+01 0.13191 0.000 0.07253 0.05938 
-0.0038 0.0078 3.0001e-01 -4.683e+01 0.13196 0.000 0.07257 0.05939 
-0.0038 0.0082 3.0000e-01 -4.689e+01 0.13203 0.000 0.07261 0.05943 
-0.0038 0.0086 3.0000e-01 -4.698e+01 0.13213 0.000 0.07265 0.05948 
-0.0038 0.0090 3.0001e-01 -4.709e+01 0.13221 0.000 0.07280 0.05942 
-0.0038 0.0094 3.0002e-01 -4.723e+01 0.13238 0.000 0.07285 0.05953 
-0.0038 0.0098 3.0002e-01 -4.739e+01 0.13257 0.000 0.07294 0.05963 
-0.0038 0.0102 3.0000e-01 -4.759e+01 0.13276 0.000 0.07311 0.05966 
-0.0038 0.0106 3.0000e-01 -4.781e+01 0.13297 0.000 0.07325 0.05972 
-0.0038 0.0110 3.0000e-01 -4.806e+01 0.13323 0.000 0.07339 0.05985 
-0.0038 0.0114 3.0001e-01 -4.831e+01 0.13350 0.000 0.07357 0.05993 
-0.0038 0.0118 3.0001e-01 -4.860e+01 0.13378 0.000 0.07377 0.06001 
-0.0038 0.0122 3.0002e-01 -4.892e+01 0.13411 0.000 0.07400 0.06010 
-0.0038 0.0126 3.0002e-01 -4.926e+01 0.13450 0.000 0.07419 0.06031 
-0.0038 0.0130 3.0001e-01 -4.962e+01 0.13487 0.000 0.07448 0.06038 
-0.0038 0.0134 3.0001e-01 -5.000e+01 0.13528 0.000 0.07471 0.06057 
-0.0038 0.0138 3.0001e-01 -5.041e+01 0.13567 0.000 0.07499 0.06068 
-0.0038 0.0142 3.0001e-01 -5.083e+01 0.13615 0.000 0.07517 0.06099 
-0.0038 0.0146 3.0001e-01 -5.127e+01 0.13659 0.000 0.07549 0.06110 
-0.0038 0.0150 3.0003e-01 -5.172e+01 0.13702 0.000 0.07584 0.06118 
-0.0038 0.0154 3.0000e-01 -5.221e+01 0.13751 0.000 0.07618 0.06133 
-0.0038 0.0158 3.0000e-01 -5.269e+01 0.13804 0.000 0.07645 0.06159 
-0.0034 0.0002 3.0000e-01 -4.963e+01 0.13488 0.000 0.07446 0.06041 
-0.0034 0.0006 3.0001e-01 -4.927e+01 0.13449 0.000 0.07422 0.06027 
-0.0034 0.0010 3.0002e-01 -4.894e+01 0.13415 0.000 0.07400 0.06016 
-0.0034 0.0014 3.0000e-01 -4.863e+01 0.13382 0.000 0.07380 0.06001 
-0.0034 0.0018 3.0000e-01 -4.835e+01 0.13350 0.000 0.07360 0.05990 
-0.0034 0.0022 3.0001e-01 -4.809e+01 0.13320 0.000 0.07341 0.05980 
-0.0034 0.0026 3.0001e-01 -4.786e+01 0.13298 0.000 0.07318 0.05980 
-0.0034 0.0030 3.0001e-01 -4.765e+01 0.13272 0.000 0.07307 0.05964 
-0.0034 0.0034 3.0000e-01 -4.748e+01 0.13254 0.000 0.07296 0.05958 
-0.0034 0.0038 3.0001e-01 -4.733e+01 0.13238 0.000 0.07290 0.05947 
-0.0034 0.0042 3.0002e-01 -4.719e+01 0.13224 0.000 0.07283 0.05941 
-0.0034 0.0046 3.0001e-01 -4.710e+01 0.13218 0.000 0.07270 0.05949 
-0.0034 0.0050 3.0002e-01 -4.702e+01 0.13207 0.000 0.07271 0.05936 
-0.0034 0.0054 3.0002e-01 -4.698e+01 0.13205 0.000 0.07264 0.05941 
-0.0034 0.0058 3.0001e-01 -4.696e+01 0.13200 0.000 0.07268 0.05932 
-0.0034 0.0062 3.0000e-01 -4.697e+01 0.13206 0.000 0.07268 0.05938 
-0.0034 0.0066 3.0001e-01 -4.701e+01 0.13213 0.000 0.07271 0.05942 
-0.0034 0.0070 3.0000e-01 -4.707e+01 0.13223 0.000 0.07275 0.05948 
-0.0034 0.0074 3.0000e-01 -4.716e+01 0.13233 0.000 0.07280 0.05953 
-0.0034 0.0078 3.0001e-01 -4.728e+01 0.13241 0.000 0.07292 0.05949 
-0.0034 0.0082 3.0002e-01 -4.742e+01 0.13258 0.000 0.07301 0.05957 
-0.0034 0.0086 3.0002e-01 -4.759e+01 0.13274 0.000 0.07315 0.05959 
-0.0034 0.0090 3.0000e-01 -4.780e+01 0.13297 0.000 0.07325 0.05972 
-0.0034 0.0094 3.0000e-01 -4.803e+01 0.13320 0.000 0.07339 0.05981 
-0.0034 0.0098 3.0002e-01 -4.827e+01 0.13344 0.000 0.07354 0.05990 
-0.0034 0.0102 3.0002e-01 -4.855e+01 0.13374 0.000 0.07368 0.06006 
-0.0034 0.0106 3.0000e-01 -4.885e+01 0.13405 0.000 0.07391 0.06015 
-0.0034 0.0110 3.0001e-01 -4.918e+01 0.13438 0.000 0.07416 0.06022 
-0.0034 0.0114 3.0000e-01 -4.954e+01 0.13479 0.000 0.07435 0.06044 
-0.0034 0.0118 3.0002e-01 -4.990e+01 0.13515 0.000 0.07464 0.06051 
-0.0034 0.0122 3.0001e-01 -5.030e+01 0.13560 0.000 0.07491 0.06069 
-0.0034 0.0126 3.0000e-01 -5.073e+01 0.13606 0.000 0.07515 0.06091 
-0.0034 0.0130 3.0001e-01 -5.117e+01 0.13646 0.000 0.07549 0.06098 
-0.0034 0.0134 3.0001e-01 -5.163e+01 0.13692 0.000 0.07579 0.06113 
-0.0034 0.0138 3.0001e-01 -5.212e+01 0.13742 0.000 0.07607 0.06136 
-0.0034 0.0142 3.0002e-01 -5.261e+01 0.13791 0.000 0.07640 0.06151 
-0.0034 0.0146 3.0001e-01 -5.313e+01 0.13845 0.000 0.07670 0.06175 
-0.0034 0.0150 3.0000e-01 -5.367e+01 0.13897 0.000 0.07712 0.06184 
-0.0034 0.0154 3.0002e-01 -5.420e+01 0.13949 0.000 0.07752 0.06197 
-0.0034 0.0158 3.0000e-01 -5.478e+01 0.14016 0.000 0.07775 0.06241 
-0.0030 0.0002 3.0000e-01 -4.893e+01 0.13419 0.000 0.07401 0.06019 
-0.0030 0.0006 3.0000e-01 -4.866e+01 0.13391 0.000 0.07378 0.06013 
-0.0030 0.0010 3.0001e-01 -4.841e+01 0.13362 0.000 0.07363 0.05999 
-0.0030 0.0014 3.0001e-01 -4.819e+01 0.13333 0.000 0.07349 0.05985 
-0.0030 0.0018 3.0000e-01 -4.800e+01 0.13311 0.000 0.07333 0.05978 
-0.0030 0.0022 3.0000e-01 -4.782e+01 0.13290 0.000 0.07322 0.05968 
-0.0030 0.0026 3.0001e-01 -4.768e+01 0.13277 0.000 0.07308 0.05969 
-0.0030 0.0030 3.0001e-01 -4.756e+01 0.13266 0.000 0.07304 0.05962 
-0.0030 0.0034 3.0001e-01 -4.746e+01 0.13256 0.000 0.07300 0.05956 
-0.0030 0.0038 3.0000e-01 -4.739e+01 0.13250 0.000 0.07297 0.05953 
-0.0030 0.0042 3.0002e-01 -4.734e+01 0.13245 0.000 0.07295 0.05950 
-0.0030 0.0046 3.0001e-01 -4.733e+01 0.13247 0.000 0.07292 0.05954 
-0.0030 0.0050 3.0002e-01 -4.734e+01 0.13248 0.000 0.07295 0.05953 
-0.0030 0.0054 3.0002e-01 -4.738e+01 0.13255 0.000 0.07299 0.05956 
-0.0030 0.0058 3.0002e-01 -4.745e+01 0.13267 0.000 0.07301 0.05965 
-0.0030 0.0062 3.0001e-01 -4.755e+01 0.13275 0.000 0.07314 0.05961 
-0.0030 0.0066 3.0001e-01 -4.767e+01 0.13287 0.000 0.07321 0.05966 
-0.0030 0.0070 3.0002e-01 -4.781e+01 0.13302 0.000 0.07328 0.05973 
-0.0030 0.0074 3.0001e-01 -4.799e+01 0.13322 0.000 0.07338 0.05983 
-0.0030 0.0078 3.0001e-01 -4.820e+01 0.13342 0.000 0.07352 0.05990 
-0.0030 0.0082 3.0001e-01 -4.843e+01 0.13363 0.000 0.07368 0.05995 
-0.0030 0.0086 3.0001e-01 -4.869e+01 0.13391 0.000 0.07383 0.06008 
-0.0030 0.0090 3.0000e-01 -4.899e+01 0.13420 0.000 0.07404 0.06017 
-0.0030 0.0094 3.0002e-01 -4.929e+01 0.13452 0.000 0.07422 0.06030 
-0.0030 0.0098 3.0001e-01 -4.963e+01 0.13489 0.000 0.07440 0.06049 
-0.0030 0.0102 3.0000e-01 -5.000e+01 0.13526 0.000 0.07471 0.06055 
-0.0030 0.0106 3.0002e-01 -5.039e+01 0.13568 0.000 0.07493 0.06075 
-0.0030 0.0110 3.0001e-01 -5.081e+01 0.13612 0.000 0.07524 0.06089 
-0.0030 0.0114 3.0001e-01 -5.125e+01 0.13660 0.000 0.07555 0.06104 
-0.0030 0.0118 3.0000e-01 -5.171e+01 0.13702 0.000 0.07595 0.06107 
-0.0030 0.0122 3.0000e-01 -5.220e+01 0.13748 0.000 0.07629 0.06119 
-0.0030 0.0126 3.0000e-01 -5.271e+01 0.13807 0.000 0.07644 0.06163 
-0.0030 0.0130 3.0000e-01 -5.324e+01 0.13860 0.000 0.07676 0.06184 
-0.0030 0.0134 3.0002e-01 -5.379e+01 0.13914 0.000 0.07716 0.06198 
-0.0030 0.0138 3.0002e-01 -5.434e+01 0.13971 0.000 0.07749 0.06221 
-0.0030 0.0142 3.0002e-01 -5.493e+01 0.14030 0.000 0.07783 0.06248 
-0.0030 0.0146 3.0001e-01 -5.554e+01 0.14089 0.000 0.07824 0.06265 
-0.0030 0.0150 3.0001e-01 -5.614e+01 0.14150 0.000 0.07865 0.06285 
-0.0030 0.0154 3.0001e-01 -5.677e+01 0.14213 0.000 0.07903 0.06310 
-0.0030 0.0158 3.0002e-01 -5.741e+01 0.14278 0.000 0.07935 0.06343 
-0.0026 0.0002 3.0001e-01 -4.870e+01 0.13395 0.000 0.07384 0.06011 
-0.0026 0.0006 3.0000e-01 -4.852e+01 0.13372 0.000 0.07371 0.06000 
-0.0026 0.0010 3.0002e-01 -4.835e+01 0.13349 0.000 0.07358 0.05991 
-0.0026 0.0014 3.0000e-01 -4.822e+01 0.13334 0.000 0.07350 0.05984 
-0.0026 0.0018 3.0002e-01 -4.810e+01 0.13325 0.000 0.07335 0.05990 
-0.0026 0.0022 3.0001e-01 -4.801e+01 0.13316 0.000 0.07336 0.05980 
-0.0026 0.0026 3.0000e-01 -4.795e+01 0.13313 0.000 0.07330 0.05984 
-0.0026 0.0030 3.0002e-01 -4.790e+01 0.13309 0.000 0.07327 0.05982 
-0.0026 0.0034 3.0001e-01 -4.789e+01 0.13308 0.000 0.07331 0.05976 
-0.0026 0.0038 3.0000e-01 -4.791e+01 0.13313 0.000 0.07334 0.05978 
-0.0026 0.0042 3.0001e-01 -4.795e+01 0.13320 0.000 0.07336 0.05984 
-0.0026 0.0046 3.0000e-01 -4.802e+01 0.13329 0.000 0.07344 0.05985 
-0.0026 0.0050 3.0001e-01 -4.812e+01 0.13340 0.000 0.07350 0.05990 
-0.0026 0.0054 3.0000e-01 -4.825e+01 0.13353 0.000 0.07359 0.05994 
-0.0026 0.0058 3.0001e-01 -4.840e+01 0.13367 0.000 0.07370 0.05998 
-0.0026 0.0062 3.0002e-01 -4.858e+01 0.13386 0.000 0.07373 0.06013 
-0.0026 0.0066 3.0001e-01 -4.880e+01 0.13406 0.000 0.07391 0.06015 
-0.0026 0.0070 3.0001e-01 -4.904e+01 0.13427 0.000 0.07411 0.06016 
-0.0026 0.0074 3.0001e-01 -4.930e+01 0.13456 0.000 0.07422 0.06034 
-0.0026 0.0078 3.0001e-01 -4.960e+01 0.13484 0.000 0.07442 0.06042 
-0.0026 0.0082 3.0001e-01 -4.992e+01 0.13515 0.000 0.07466 0.06049 
-0.0026 0.0086 3.0000e-01 -5.028e+01 0.13555 0.000 0.07484 0.06071 
-0.0026 0.0090 3.0001e-01 -5.066e+01 0.13594 0.000 0.07511 0.06083 
-0.0026 0.0094 3.0001e-01 -5.106e+01 0.13636 0.000 0.07541 0.06095 
-0.0026 0.0098 3.0000e-01 -5.151e+01 0.13681 0.000 0.07573 0.06108 
-0.0026 0.0102 3.0002e-01 -5.196e+01 0.13733 0.000 0.07595 0.06138 
-0.0026 0.0106 3.0001e-01 -5.245e+01 0.13782 0.000 0.07628 0.06155 
-0.0026 0.0110 3.0001e-01 -5.296e+01 0.13834 0.000 0.07659 0.06176 
-0.0026 0.0114 3.0000e-01 -5.351e+01 0.13886 0.000 0.07695 0.06190 
-0.0026 0.0118 3.0000e-01 -5.407e+01 0.13943 0.000 0.07729 0.06214 
-0.0026 0.0122 3.0001e-01 -5.465e+01 0.14001 0.000 0.07766 0.06235 
-0.0026 0.0126 3.0002e-01 -5.524e+01 0.14057 0.000 0.07811 0.06246 
-0.0026 0.0130 3.0002e-01 -5.587e+01 0.14122 0.000 0.07842 0.06280 
-0.0026 0.0134 3.0000e-01 -5.653e+01 0.14179 0.000 0.07894 0.06285 
-0.0026 0.0138 3.0001e-01 -5.718e+01 0.14247 0.000 0.07921 0.06326 
-0.0026 0.0142 3.0003e-01 -5.785e+01 0.14309 0.000 0.07967 0.06342 
-0.0026 0.0146 3.0001e-01 -5.855e+01 0.14379 0.000 0.08006 0.06372 
-0.0026 0.0150 3.0002e-01 -5.926e+01 0.14456 0.000 0.08031 0.06425 
-0.0026 0.0154 3.0004e-01 -5.995e+01 0.14513 0.002 0.08099 0.06414 
-0.0026 0.0158 3.0002e-01 -6.068e+01 0.14590 0.001 0.08128 0.06462 
-0.0022 0.0002 3.0001e-01 -4.892e+01 0.13409 0.000 0.07395 0.06014 
-0.0022 0.0006 3.0001e-01 -4.881e+01 0.13398 0.000 0.07388 0.06010 
-0.0022 0.0010 3.0002e-01 -4.873e+01 0.13390 0.000 0.07382 0.06008 
-0.0022 0.0014 3.0000e-01 -4.867e+01 0.13385 0.000 0.07382 0.06003 
-0.0022 0.0018 3.0002e-01 -4.863e+01 0.13383 0.000 0.07381 0.06002 
-0.0022 0.0022 3.0002e-01 -4.862e+01 0.13385 0.000 0.07381 0.06004 
-0.0022 0.0026 3.0001e-01 -4.864e+01 0.13392 0.000 0.07379 0.06013 
-0.0022 0.0030 3.0002e-01 -4.869e+01 0.13404 0.000 0.07378 0.06026 
-0.0022 0.0034 3.0002e-01 -4.876e+01 0.13413 0.000 0.07383 0.06030 
-0.0022 0.0038 3.0001e-01 -4.887e+01 0.13421 0.000 0.07397 0.06024 
-0.0022 0.0042 3.0001e-01 -4.900e+01 0.13432 0.000 0.07409 0.06023 
-0.0022 0.0046 3.0000e-01 -4.916e+01 0.13447 0.000 0.07420 0.06027 
-0.0022 0.0050 3.0001e-01 -4.935e+01 0.13466 0.000 0.07428 0.06038 
-0.0022 0.0054 3.0000e-01 -4.957e+01 0.13482 0.000 0.07445 0.06037 
-0.0022 0.0058 3.0000e-01 -4.982e+01 0.13506 0.000 0.07460 0.06046 
-0.0022 0.0062 3.0001e-01 -5.010e+01 0.13529 0.000 0.07482 0.06047 
-0.0022 0.0066 3.0001e-01 -5.041e+01 0.13567 0.000 0.07486 0.06081 
-0.0022 0.0070 3.0001e-01 -5.075e+01 0.13599 0.000 0.07508 0.06091 
-0.0022 0.0074 3.0002e-01 -5.111e+01 0.13631 0.000 0.07543 0.06088 
-0.0022 0.0078 3.0001e-01 -5.152e+01 0.13675 0.000 0.07567 0.06108 
-0.0022 0.0082 3.0000e-01 -5.195e+01 0.13718 0.000 0.07596 0.06123 
-0.0022 0.0086 3.0002e-01 -5.240e+01 0.13766 0.000 0.07621 0.06145 
-0.0022 0.0090 3.0002e-01 -5.289e+01 0.13817 0.000 0.07648 0.06169 
-0.0022 0.0094 3.0002e-01 -5.340e+01 0.13867 0.000 0.07685 0.06181 
-0.0022 0.0098 3.0001e-01 -5.395e+01 0.13920 0.000 0.07722 0.06197 
-0.0022 0.0102 3.0001e-01 -5.452e+01 0.13977 0.000 0.07758 0.06219 
-0.0022 0.0106 3.0001e-01 -5.511e+01 0.14032 0.000 0.07797 0.06236 
-0.0022 0.0110 3.0002e-01 -5.574e+01 0.14098 0.000 0.07829 0.06268 
-0.0022 0.0114 3.0001e-01 -5.639e+01 0.14153 0.000 0.07884 0.06270 
-0.0022 0.0118 3.0000e-01 -5.706e+01 0.14222 0.000 0.07922 0.06301 
-0.0022 0.0122 3.0000e-01 -5.776e+01 0.14293 0.000 0.07954 0.06339 
-0.0022 0.0126 3.0000e-01 -5.848e+01 0.14360 0.000 0.07993 0.06367 
-0.0022 0.0130 3.0000e-01 -5.922e+01 0.14435 0.000 0.08020 0.06415 
-0.0022 0.0134 3.0003e-01 -5.995e+01 0.14493 0.002 0.08089 0.06405 
-0.0022 0.0138 3.0001e-01 -6.073e+01 0.14578 0.001 0.08120 0.06457 
-0.0022 0.0142 3.0001e-01 -6.151e+01 0.14657 0.000 0.08166 0.06491 
-0.0022 0.0146 3.0002e-01 -6.229e+01 0.14735 0.001 0.08211 0.06524 
-0.0022 0.0150 3.0000e-01 -6.309e+01 0.14815 0.000 0.08254 0.06561 
-0.0022 0.0154 3.0001e-01 -6.389e+01 0.14893 0.001 0.08303 0.06589 
-0.0022 0.0158 3.0002e-01 -6.470e+01 0.14972 0.001 0.08344 0.06628 
-0.0018 0.0002 3.0000e-01 -4.955e+01 0.13485 0.000 0.07443 0.06042 
-0.0018 0.0006 3.0001e-01 -4.952e+01 0.13482 0.000 0.07441 0.06041 
-0.0018 0.0010 3.0002e-01 -4.951e+01 0.13485 0.000 0.07438 0.06047 
-0.0018 0.0014 3.0002e-01 -4.954e+01 0.13488 0.000 0.07446 0.06042 
-0.0018 0.0018 3.0001e-01 -4.960e+01 0.13496 0.000 0.07449 0.06047 
-0.0018 0.0022 3.0002e-01 -4.967e+01 0.13505 0.000 0.07455 0.06049 
-0.0018 0.0026 3.0000e-01 -4.979e+01 0.13517 0.000 0.07463 0.06055 
-0.0018 0.0030 3.0002e-01 -4.992e+01 0.13530 0.000 0.07469 0.06062 
-0.0018 0.0034 3.0001e-01 -5.010e+01 0.13547 0.000 0.07479 0.06068 
-0.0018 0.0038 3.0002e-01 -5.029e+01 0.13565 0.000 0.07489 0.06076 
-0.0018 0.0042 3.0001e-01 -5.053e+01 0.13591 0.000 0.07499 0.06092 
-0.0018 0.0046 3.0002e-01 -5.079e+01 0.13608 0.000 0.07526 0.06082 
-0.0018 0.0050 3.0002e-01 -5.108e+01 0.13635 0.000 0.07543 0.06092 
-0.0018 0.0054 3.0001e-01 -5.141e+01 0.13668 0.000 0.07559 0.06109 
-0.0018 0.0058 3.0002e-01 -5.176e+01 0.13702 0.000 0.07578 0.06123 
-0.0018 0.0062 3.0000e-01 -5.216e+01 0.13740 0.000 0.07606 0.06134 
-0.0018 0.0066 3.0001e-01 -5.257e+01 0.13785 0.000 0.07629 0.06156 
-0.0018 0.0070 3.0001e-01 -5.303e+01 0.13830 0.000 0.07662 0.06168 
-0.0018 0.0074 3.0001e-01 -5.351e+01 0.13878 0.000 0.07699 0.06179 
-0.0018 0.0078 3.0001e-01 -5.403e+01 0.13929 0.000 0.07728 0.06202 
-0.0018 0.0082 3.0001e-01 -5.458e+01 0.13985 0.000 0.07762 0.06222 
-0.0018 0.0086 3.0001e-01 -5.515e+01 0.14040 0.000 0.07801 0.06239 
-0.0018 0.0090 3.0001e-01 -5.576e+01 0.14103 0.000 0.07832 0.06271 
-0.0018 0.0094 3.0001e-01 -5.640e+01 0.14163 0.000 0.07874 0.06289 
-0.0018 0.0098 3.0002e-01 -5.706e+01 0.14227 0.000 0.07909 0.06318 
-0.0018 0.0102 3.0002e-01 -5.776e+01 0.14291 0.000 0.07954 0.06337 
-0.0018 0.0106 3.0001e-01 -5.848e+01 0.14352 0.000 0.08010 0.06343 
-0.0018 0.0110 3.0001e-01 -5.925e+01 0.14434 0.001 0.08035 0.06399 
-0.0018 0.0114 3.0002e-01 -6.002e+01 0.14499 0.002 0.08090 0.06409 
-0.0018 0.0118 3.0002e-01 -6.082e+01 0.14579 0.001 0.08120 0.06459 
-0.0018 0.0122 3.0001e-01 -6.164e+01 0.14657 0.000 0.08165 0.06492 
-0.0018 0.0126 3.0000e-01 -6.249e+01 0.14740 0.001 0.08212 0.06529 
-0.0018 0.0130 3.0001e-01 -6.334e+01 0.14827 0.000 0.08258 0.06569 
-0.0018 0.0134 3.0001e-01 -6.420e+01 0.14913 0.001 0.08312 0.06601 
-0.0018 0.0138 3.0001e-01 -6.508e+01 0.15003 0.001 0.08358 0.06645 
-0.0018 0.0142 3.0003e-01 -6.596e+01 0.15091 0.001 0.08404 0.06687 
-0.0018 0.0146 3.0001e-01 -6.686e+01 0.15180 0.001 0.08451 0.06729 
-0.0018 0.0150 3.0000e-01 -6.776e+01 0.15266 0.001 0.08492 0.06774 
-0.0018 0.0154 3.0000e-01 -6.866e+01 0.15355 0.001 0.08532 0.06823 
-0.0018 0.0158 3.0000e-01 -6.956e+01 0.15447 0.002 0.08571 0.06876 
-0.0014 0.0002 3.0001e-01 -5.060e+01 0.13593 0.000 0.07509 0.06084 
-0.0014 0.0006 3.0002e-01 -5.066e+01 0.13598 0.000 0.07518 0.06080 
-0.0014 0.0010 3.0000e-01 -5.076e+01 0.13610 0.000 0.07521 0.06089 
-0.0014 0.0014 3.0002e-01 -5.086e+01 0.13619 0.000 0.07530 0.06088 
-0.0014 0.0018 3.0001e-01 -5.102e+01 0.13636 0.000 0.07536 0.06100 
-0.0014 0.0022 3.0001e-01 -5.120e+01 0.13653 0.000 0.07550 0.06103 
-0.0014 0.0026 3.0001e-01 -5.142e+01 0.13673 0.000 0.07562 0.06111 
-0.0014 0.0030 3.0001e-01 -5.166e+01 0.13697 0.000 0.07574 0.06124 
-0.0014 0.0034 3.0001e-01 -5.194e+01 0.13721 0.000 0.07595 0.06126 
-0.0014 0.0038 3.0002e-01 -5.224e+01 0.13751 0.000 0.07609 0.06142 
-0.0014 0.0042 3.0001e-01 -5.259e+01 0.13785 0.000 0.07630 0.06155 
-0.0014 0.0046 3.0002e-01 -5.296e+01 0.13822 0.000 0.07650 0.06172 
-0.0014 0.0050 3.0002e-01 -5.337e+01 0.13855 0.000 0.07682 0.06173 
-0.0014 0.0054 3.0001e-01 -5.382e+01 0.13902 0.000 0.07706 0.06196 
-0.0014 0.0058 3.0001e-01 -5.430e+01 0.13948 0.000 0.07743 0.06205 
-0.0014 0.0062 3.0001e-01 -5.481e+01 0.14001 0.000 0.07773 0.06229 
-0.0014 0.0066 3.0000e-01 -5.536e+01 0.14056 0.000 0.07812 0.06244 
-0.0014 0.0070 3.0000e-01 -5.594e+01 0.14116 0.000 0.07840 0.06276 
-0.0014 0.0074 3.0002e-01 -5.655e+01 0.14173 0.000 0.07883 0.06290 
-0.0014 0.0078 3.0003e-01 -5.720e+01 0.14237 0.000 0.07916 0.06320 
-0.0014 0.0082 3.0001e-01 -5.790e+01 0.14302 0.000 0.07962 0.06340 
-0.0014 0.0086 3.0001e-01 -5.861e+01 0.14370 0.001 0.08001 0.06369 
-0.0014 0.0090 3.0001e-01 -5.937e+01 0.14448 0.000 0.08026 0.06422 
-0.0014 0.0094 3.0002e-01 -6.014e+01 0.14506 0.002 0.08094 0.06412 
-0.0014 0.0098 3.0001e-01 -6.096e+01 0.14587 0.001 0.08124 0.06463 
-0.0014 0.0102 3.0001e-01 -6.181e+01 0.14668 0.001 0.08170 0.06498 
-0.0014 0.0106 3.0001e-01 -6.268e+01 0.14750 0.001 0.08218 0.06532 
-0.0014 0.0110 3.0002e-01 -6.357e+01 0.14833 0.001 0.08271 0.06562 
-0.0014 0.0114 3.0000e-01 -6.450e+01 0.14924 0.001 0.08317 0.06607 
-0.0014 0.0118 3.0001e-01 -6.543e+01 0.15015 0.001 0.08363 0.06652 
-0.0014 0.0122 3.0002e-01 -6.639e+01 0.15113 0.001 0.08414 0.06698 
-0.0014 0.0126 3.0001e-01 -6.737e+01 0.15213 0.001 0.08465 0.06749 
-0.0014 0.0130 3.0000e-01 -6.836e+01 0.15316 0.001 0.08511 0.06805 
-0.0014 0.0134 3.0000e-01 -6.937e+01 0.15418 0.002 0.08553 0.06865 
-0.0014 0.0138 3.0001e-01 -7.038e+01 0.15516 0.002 0.08596 0.06920 
-0.0014 0.0142 3.0001e-01 -7.139e+01 0.15611 0.002 0.08641 0.06970 
-0.0014 0.0146 3.0001e-01 -7.240e+01 0.15707 0.002 0.08687 0.07020 
-0.0014 0.0150 3.0000e-01 -7.340e+01 0.15802 0.002 0.08735 0.07067 
-0.0014 0.0154 3.0001e-01 -7.441e+01 0.15902 0.002 0.08779 0.07123 
-0.0014 0.0158 3.0000e-01 -7.541e+01 0.16010 0.003 0.08822 0.07187 
-0.0010 0.0002 3.0001e-01 -5.211e+01 0.13743 0.000 0.07605 0.06138 
-0.0010 0.0006 3.0001e-01 -5.227e+01 0.13760 0.000 0.07612 0.06148 
-0.0010 0.0010 3.0001e-01 -5.247e+01 0.13781 0.000 0.07624 0.06157 
-0.0010 0.0014 3.0001e-01 -5.270e+01 0.13802 0.000 0.07641 0.06161 
-0.0010 0.0018 3.0001e-01 -5.295e+01 0.13824 0.000 0.07657 0.06168 
-0.0010 0.0022 3.0002e-01 -5.325e+01 0.13854 0.000 0.07670 0.06184 
-0.0010 0.0026 3.0000e-01 -5.358e+01 0.13881 0.000 0.07701 0.06179 
-0.0010 0.0030 3.0001e-01 -5.394e+01 0.13917 0.000 0.07718 0.06200 
-0.0010 0.0034 3.0000e-01 -5.434e+01 0.13950 0.000 0.07749 0.06202 
-0.0010 0.0038 3.0002e-01 -5.476e+01 0.13993 0.000 0.07765 0.06228 
-0.0010 0.0042 3.0000e-01 -5.524e+01 0.14035 0.000 0.07800 0.06234 
-0.0010 0.0046 3.0002e-01 -5.574e+01 0.14085 0.000 0.07826 0.06259 
-0.0010 0.0050 3.0002e-01 -5.628e+01 0.14139 0.000 0.07860 0.06280 
-0.0010 0.0054 3.0000e-01 -5.688e+01 0.14198 0.000 0.07897 0.06301 
-0.0010 0.0058 3.0002e-01 -5.749e+01 0.14261 0.000 0.07927 0.06333 
-0.0010 0.0062 3.0001e-01 -5.816e+01 0.14323 0.000 0.07973 0.06350 
-0.0010 0.0066 3.0001e-01 -5.886e+01 0.14394 0.000 0.07998 0.06396 
-0.0010 0.0070 3.0001e-01 -5.960e+01 0.14459 0.001 0.08050 0.06410 
-0.0010 0.0074 3.0002e-01 -6.036e+01 0.14532 0.000 0.08088 0.06444 
-0.0010 0.0078 3.0001e-01 -6.118e+01 0.14602 0.001 0.08144 0.06459 
-0.0010 0.0082 3.0002e-01 -6.202e+01 0.14683 0.001 0.08178 0.06505 
-0.0010 0.0086 3.0001e-01 -6.291e+01 0.14763 0.000 0.08229 0.06534 
-0.0010 0.0090 3.0002e-01 -6.383e+01 0.14848 0.001 0.08279 0.06569 
-0.0010 0.0094 3.0001e-01 -6.479e+01 0.14942 0.001 0.08326 0.06616 
-0.0010 0.0098 3.0002e-01 -6.578e+01 0.15038 0.001 0.08374 0.06663 
-0.0010 0.0102 3.0000e-01 -6.680e+01 0.15134 0.001 0.08425 0.06709 
-0.0010 0.0106 3.0000e-01 -6.785e+01 0.15235 0.001 0.08473 0.06763 
-0.0010 0.0110 3.0001e-01 -6.892e+01 0.15339 0.001 0.08517 0.06822 
-0.0010 0.0114 3.0001e-01 -7.001e+01 0.15450 0.002 0.08562 0.06888 
-0.0010 0.0118 3.0001e-01 -7.112e+01 0.15564 0.002 0.08615 0.06949 
-0.0010 0.0122 3.0000e-01 -7.225e+01 0.15675 0.002 0.08668 0.07007 
-0.0010 0.0126 3.0001e-01 -7.338e+01 0.15783 0.002 0.08721 0.07062 
-0.0010 0.0130 3.0001e-01 -7.453e+01 0.15897 0.003 0.08769 0.07128 
-0.0010 0.0134 3.0001e-01 -7.569e+01 0.16009 0.003 0.08810 0.07198 
-0.0010 0.0138 3.0000e-01 -7.687e+01 0.16123 0.004 0.08855 0.07268 
-0.0010 0.0142 3.0000e-01 -7.801e+01 0.16234 0.004 0.08904 0.07330 
-0.0010 0.0146 3.0000e-01 -7.916e+01 0.16343 0.004 0.08955 0.07388 
-0.0010 0.0150 3.0001e-01 -8.029e+01 0.16455 0.005 0.09006 0.07449 
-0.0010 0.0154 3.0000e-01 -8.142e+01 0.16571 0.005 0.09051 0.07520 
-0.0010 0.0158 3.0000e-01 -8.253e+01 0.16687 0.006 0.09093 0.07594 
-0.0006 0.0002 3.0002e-01 -5.410e+01 0.13944 0.000 0.07737 0.06206 
-0.0006 0.0006 3.0001e-01 -5.438e+01 0.13974 0.000 0.07755 0.06220 
-0.0006 0.0010 3.0001e-01 -5.469e+01 0.14003 0.000 0.07779 0.06224 
-0.0006 0.0014 3.0001e-01 -5.504e+01 0.14038 0.000 0.07792 0.06247 
-0.0006 0.0018 3.0002e-01 -5.542e+01 0.14067 0.000 0.07824 0.06243 
-0.0006 0.0022 3.0002e-01 -5.585e+01 0.14111 0.000 0.07839 0.06272 
-0.0006 0.0026 3.0000e-01 -5.632e+01 0.14152 0.000 0.07871 0.06281 
-0.0006 0.0030 3.0000e-01 -5.681e+01 0.14179 0.000 0.07935 0.06244 
-0.0006 0.0034 3.0000e-01 -5.736e+01 0.14250 0.000 0.07926 0.06325 
-0.0006 0.0038 3.0001e-01 -5.794e+01 0.14304 0.000 0.07962 0.06342 
-0.0006 0.0042 3.0001e-01 -5.855e+01 0.14357 0.000 0.08011 0.06346 
-0.0006 0.0046 3.0000e-01 -5.923e+01 0.14430 0.001 0.08038 0.06392 
-0.0006 0.0050 3.0001e-01 -5.993e+01 0.14491 0.002 0.08086 0.06405 
-0.0006 0.0054 3.0000e-01 -6.070e+01 0.14571 0.000 0.08105 0.06466 
-0.0006 0.0058 3.0002e-01 -6.148e+01 0.14641 0.000 0.08145 0.06496 
-0.0006 0.0062 3.0002e-01 -6.232e+01 0.14711 0.001 0.08201 0.06510 
-0.0006 0.0066 2.9999e-01 -6.321e+01 0.14793 0.000 0.08244 0.06549 
-0.0006 0.0070 3.0000e-01 -6.414e+01 0.14877 0.001 0.08294 0.06583 
-0.0006 0.0074 3.0000e-01 -6.511e+01 0.14968 0.001 0.08339 0.06628 
-0.0006 0.0078 3.0000e-01 -6.612e+01 0.15061 0.001 0.08387 0.06674 
-0.0006 0.0082 3.0001e-01 -6.716e+01 0.15158 0.001 0.08437 0.06721 
-0.0006 0.0086 3.0001e-01 -6.826e+01 0.15264 0.001 0.08485 0.06779 
-0.0006 0.0090 3.0000e-01 -6.939e+01 0.15375 0.002 0.08531 0.06845 
-0.0006 0.0094 3.0001e-01 -7.055e+01 0.15487 0.002 0.08578 0.06909 
-0.0006 0.0098 2.9998e-01 -7.177e+01 0.15602 0.002 0.08631 0.06971 
-0.0006 0.0102 3.0000e-01 -7.298e+01 0.15714 0.002 0.08685 0.07029 
-0.0006 0.0106 3.0000e-01 -7.424e+01 0.15834 0.002 0.08738 0.07097 
-0.0006 0.0110 2.9999e-01 -7.553e+01 0.15966 0.003 0.08787 0.07179 
-0.0006 0.0114 3.0001e-01 -7.682e+01 0.16093 0.004 0.08836 0.07257 
-0.0006 0.0118 3.0001e-01 -7.814e+01 0.16221 0.004 0.08893 0.07329 
-0.0006 0.0122 3.0000e-01 -7.946e+01 0.16346 0.004 0.08950 0.07396 
-0.0006 0.0126 3.0001e-01 -8.080e+01 0.16473 0.005 0.09000 0.07473 
-0.0006 0.0130 3.0001e-01 -8.215e+01 0.16605 0.006 0.09045 0.07560 
-0.0006 0.0134 3.0001e-01 -8.349e+01 0.16735 0.007 0.09094 0.07642 
-0.0006 0.0138 3.0002e-01 -8.481e+01 0.16863 0.007 0.09147 0.07716 
-0.0006 0.0142 3.0000e-01 -8.612e+01 0.16989 0.008 0.09204 0.07785 
-0.0006 0.0146 3.0000e-01 -8.742e+01 0.17122 0.008 0.09255 0.07867 
-0.0006 0.0150 2.9999e-01 -8.871e+01 0.17257 0.010 0.09302 0.07956 
-0.0006 0.0154 3.0001e-01 -8.994e+01 0.17384 0.011 0.09346 0.08038 
-0.0006 0.0158 3.0000e-01 -9.115e+01 0.17509 0.012 0.09397 0.08112 
-0.0002 0.0002 3.0001e-01 -5.664e+01 0.14196 0.000 0.07898 0.06298 
-0.0002 0.0006 3.0001e-01 -5.705e+01 0.14233 0.001 0.07920 0.06313 
-0.0002 0.0010 3.0001e-01 -5.751e+01 0.14268 0.000 0.07951 0.06317 
-0.0002 0.0014 3.0001e-01 -5.800e+01 0.14315 0.000 0.07970 0.06344 
-0.0002 0.0018 3.0003e-01 -5.852e+01 0.14341 0.003 0.08040 0.06300 
-0.0002 0.0022 3.0002e-01 -5.911e+01 0.14414 0.001 0.08027 0.06387 
-0.0002 0.0026 3.0002e-01 -5.973e+01 0.14473 0.002 0.08061 0.06412 
-0.0002 0.0030 3.0003e-01 -6.040e+01 0.14531 0.002 0.08106 0.06425 
-0.0002 0.0034 3.0002e-01 -6.112e+01 0.14602 0.001 0.08135 0.06467 
-0.0002 0.0038 3.0001e-01 -6.188e+01 0.14673 0.000 0.08177 0.06496 
-0.0002 0.0042 3.0000e-01 -6.270e+01 0.14747 0.001 0.08219 0.06528 
-0.0002 0.0046 3.0000e-01 -6.356e+01 0.14825 0.000 0.08261 0.06564 
-0.0002 0.0050 3.0000e-01 -6.447e+01 0.14905 0.001 0.08309 0.06596 
-0.0002 0.0054 3.0001e-01 -6.542e+01 0.14989 0.001 0.08351 0.06637 
-0.0002 0.0058 3.0000e-01 -6.644e+01 0.15081 0.001 0.08398 0.06683 
-0.0002 0.0062 3.0001e-01 -6.749e+01 0.15178 0.001 0.08448 0.06730 
-0.0002 0.0066 3.0001e-01 -6.861e+01 0.15284 0.001 0.08494 0.06790 
-0.0002 0.0070 3.0000e-01 -6.976e+01 0.15394 0.002 0.08538 0.06855 
-0.0002 0.0074 3.0000e-01 -7.098e+01 0.15509 0.002 0.08588 0.06921 
-0.0002 0.0078 3.0000e-01 -7.224e+01 0.15628 0.002 0.08643 0.06985 
-0.0002 0.0082 3.0000e-01 -7.353e+01 0.15751 0.002 0.08702 0.07050 
-0.0002 0.0086 3.0001e-01 -7.488e+01 0.15882 0.003 0.08754 0.07128 
-0.0002 0.0090 3.0000e-01 -7.628e+01 0.16016 0.004 0.08801 0.07214 
-0.0002 0.0094 3.0000e-01 -7.770e+01 0.16146 0.004 0.08856 0.07291 
-0.0002 0.0098 3.0001e-01 -7.914e+01 0.16279 0.004 0.08915 0.07364 
-0.0002 0.0102 3.0001e-01 -8.064e+01 0.16424 0.005 0.08973 0.07450 
-0.0002 0.0106 3.0000e-01 -8.217e+01 0.16576 0.006 0.09025 0.07552 
-0.0002 0.0110 3.0001e-01 -8.370e+01 0.16726 0.007 0.09082 0.07645 
-0.0002 0.0114 3.0000e-01 -8.526e+01 0.16874 0.007 0.09144 0.07730 
-0.0002 0.0118 3.0000e-01 -8.681e+01 0.17024 0.008 0.09204 0.07820 
-0.0002 0.0122 3.0000e-01 -8.841e+01 0.17181 0.010 0.09254 0.07927 
-0.0002 0.0126 3.0000e-01 -8.998e+01 0.17335 0.011 0.09309 0.08026 
-0.0002 0.0130 3.0001e-01 -9.152e+01 0.17482 0.012 0.09368 0.08114 
-0.0002 0.0134 3.0001e-01 -9.304e+01 0.17630 0.013 0.09429 0.08201 
-0.0002 0.0138 3.0001e-01 -9.458e+01 0.17787 0.015 0.09481 0.08306 
-0.0002 0.0142 3.0000e-01 -9.611e+01 0.17940 0.017 0.09531 0.08409 
-0.0002 0.0146 3.0001e-01 -9.756e+01 0.18079 0.019 0.09583 0.08495 
-0.0002 0.0150 3.0001e-01 -9.896e+01 0.18214 0.019 0.09639 0.08575 
-0.0002 0.0154 3.0000e-01 -1.003e+02 0.18345 0.020 0.09690 0.08655 
-0.0002 0.0158 2.9999e-01 -1.017e+02 0.18473 0.023 0.09731 0.08742 
