# search with best orbital params and vsini = 90.0
149.4 35.0 -0.0041 5.10 3.2002e-01 -5.024e+01 0.13746 0.000 0.07565 0.06181
149.4 35.0 -0.0041 5.11 3.2001e-01 -4.816e+01 0.13434 0.000 0.07403 0.06031
149.4 35.0 -0.0041 5.12 3.2002e-01 -4.756e+01 0.13313 0.000 0.07329 0.05984
149.4 35.0 -0.0041 5.13 3.2000e-01 -4.849e+01 0.13384 0.000 0.07358 0.06026
149.4 35.0 -0.0041 5.14 3.2000e-01 -5.115e+01 0.13644 0.004 0.07566 0.06079

# search with best orbital params and vsini = 90.1 (best value in 2004)
149.4 35.0 -0.0041 5.10 3.2000e-01 -5.004e+01 0.13615 0.000 0.07511 0.06104
149.4 35.0 -0.0041 5.11 3.2002e-01 -4.805e+01 0.13330 0.000 0.07325 0.06004
149.4 35.0 -0.0041 5.12 3.2002e-01 -4.763e+01 0.13231 0.000 0.07269 0.05962
149.4 35.0 -0.0041 5.13 3.2001e-01 -4.877e+01 0.13320 0.000 0.07339 0.05981
149.4 35.0 -0.0041 5.14 3.2000e-01 -5.181e+01 0.13651 0.001 0.07509 0.06143
