# adjust vsin(i) at fixed orbital parameters K = 149.4, vrad = 34.7, and phase = -.0029, and eqw = 5.13
89.0 3.2000e-01 -2.554e+01 0.10305 0.000 0.05500 0.04805
89.1 3.2006e-01 -2.419e+01 0.10018 0.000 0.05336 0.04682
89.2 3.2006e-01 -2.298e+01 0.09754 0.000 0.05192 0.04563
89.3 3.2003e-01 -2.191e+01 0.09517 0.000 0.05057 0.04461
89.4 3.2005e-01 -2.096e+01 0.09298 0.000 0.04941 0.04356
89.5 3.2005e-01 -2.015e+01 0.09104 0.000 0.04828 0.04276
89.6 3.2003e-01 -1.946e+01 0.08929 0.000 0.04738 0.04191
89.7 3.2002e-01 -1.889e+01 0.08780 0.000 0.04657 0.04123 
89.8 3.2003e-01 -1.846e+01 0.08658 0.000 0.04588 0.04069
89.9 3.2002e-01 -1.815e+01 0.08563 0.000 0.04529 0.04033 
90.0 3.2002e-01 -1.799e+01 0.08497 0.000 0.04495 0.04002
90.1 3.2000e-01 -1.798e+01 0.08461 0.000 0.04474 0.03987 
90.2 3.2002e-01 -1.812e+01 0.08457 0.000 0.04472 0.03985
90.3 3.2002e-01 -1.843e+01 0.08491 0.000 0.04496 0.03996
90.5 3.2001e-01 -1.963e+01 0.08672 0.000 0.04596 0.04076
