-0.00185696 0.00290321 1.0000e+00 -6.778e+01 0.1570956 0.000 0.0883641 0.0687316 
-0.00198139 0.00290321 1.0001e+00 -6.780e+01 0.1570927 0.000 0.0883853 0.0687076 
-0.00210581 0.00290321 1.0001e+00 -6.796e+01 0.1571965 0.000 0.0884535 0.0687431 
-0.00223023 0.00290321 1.0001e+00 -6.824e+01 0.1573953 0.000 0.0886245 0.0687708 
-0.00235466 0.00290321 1.0000e+00 -6.866e+01 0.1577703 0.000 0.0888645 0.0689058 
-0.00247908 0.00290321 1.0001e+00 -6.920e+01 0.1582954 0.000 0.0891577 0.0691378 
-0.00260350 0.00290321 1.0001e+00 -6.986e+01 0.1588466 0.000 0.0896439 0.0692028 
-0.00272793 0.00290321 1.0001e+00 -7.068e+01 0.1596574 0.000 0.0900236 0.0696338 
-0.00285235 0.00290321 1.0000e+00 -7.164e+01 0.1604730 0.000 0.0906765 0.0697964 
-0.00297677 0.00290321 1.0001e+00 -7.274e+01 0.1614100 0.000 0.0913554 0.0700547 
-0.00310120 0.00290321 1.0000e+00 -7.401e+01 0.1624753 0.000 0.0920874 0.0703882 
-0.00322562 0.00290321 1.0000e+00 -7.542e+01 0.1636288 0.000 0.0930181 0.0706107 
-0.00335004 0.00290321 1.0000e+00 -7.702e+01 0.1651257 0.000 0.0937424 0.0713833 
-0.00347447 0.00290321 1.0000e+00 -7.881e+01 0.1666215 0.000 0.0948363 0.0717851 
-0.00359889 0.00290321 1.0000e+00 -8.081e+01 0.1682997 0.000 0.0959582 0.0723415 
-0.00372331 0.00290321 1.0000e+00 -8.302e+01 0.1700516 0.000 0.0973516 0.0727000 
-0.00384774 0.00290321 1.0000e+00 -8.550e+01 0.1720610 0.000 0.0986461 0.0734149 
-0.00397216 0.00290321 1.0000e+00 -8.824e+01 0.1742674 0.000 0.1000654 0.0742018 
-0.00409658 0.00290321 1.0000e+00 -9.130e+01 0.1766458 0.000 0.1018105 0.0748357 
-0.00185696 0.00315206 1.0001e+00 -6.768e+01 0.1569890 0.000 0.0883123 0.0686767 
-0.00198139 0.00315206 1.0001e+00 -6.761e+01 0.1565700 0.000 0.0888266 0.0677433 
-0.00210581 0.00315206 1.0001e+00 -6.769e+01 0.1565550 0.000 0.0889261 0.0676290 
-0.00223023 0.00315206 1.0000e+00 -6.790e+01 0.1567518 0.000 0.0889468 0.0678050 
-0.00235466 0.00315206 1.0001e+00 -6.822e+01 0.1573777 0.000 0.0885735 0.0688043 
-0.00247908 0.00315206 1.0000e+00 -6.870e+01 0.1577606 0.000 0.0889715 0.0687890 
-0.00260350 0.00315206 1.0001e+00 -6.927e+01 0.1583506 0.000 0.0891935 0.0691573 
-0.00272793 0.00315206 1.0001e+00 -6.999e+01 0.1589803 0.000 0.0896695 0.0693109 
-0.00285235 0.00315206 1.0001e+00 -7.085e+01 0.1597443 0.000 0.0901971 0.0695471 
-0.00297677 0.00315206 1.0000e+00 -7.185e+01 0.1606531 0.000 0.0907386 0.0699145 
-0.00310120 0.00315206 1.0001e+00 -7.299e+01 0.1615744 0.000 0.0914840 0.0700904 
-0.00322562 0.00315206 1.0000e+00 -7.430e+01 0.1627593 0.000 0.0921497 0.0706095 
-0.00335004 0.00315206 1.0000e+00 -7.575e+01 0.1635846 0.000 0.0937843 0.0698002 
-0.00347447 0.00315206 1.0000e+00 -7.742e+01 0.1654252 0.000 0.0939844 0.0714409 
-0.00359889 0.00315206 1.0000e+00 -7.925e+01 0.1666315 0.000 0.0956274 0.0710041 
-0.00372331 0.00315206 1.0000e+00 -8.133e+01 0.1686699 0.000 0.0962887 0.0723812 
-0.00384774 0.00315206 9.9998e-01 -8.362e+01 0.1705725 0.000 0.0974708 0.0731017 
-0.00397216 0.00315206 1.0000e+00 -8.614e+01 0.1722768 0.000 0.0993731 0.0729037 
-0.00409658 0.00315206 1.0000e+00 -8.899e+01 0.1748135 0.000 0.1003623 0.0744511 
-0.00185696 0.00340091 1.0001e+00 -6.766e+01 0.1569566 0.000 0.0882862 0.0686704 
-0.00198139 0.00340091 1.0001e+00 -6.751e+01 0.1563928 0.000 0.0888492 0.0675436 
-0.00210581 0.00340091 1.0001e+00 -6.752e+01 0.1567471 0.000 0.0882808 0.0684663 
-0.00223023 0.00340091 1.0000e+00 -6.764e+01 0.1568400 0.000 0.0883123 0.0685277 
-0.00235466 0.00340091 1.0000e+00 -6.787e+01 0.1567266 0.000 0.0889096 0.0678170 
-0.00247908 0.00340091 1.0000e+00 -6.825e+01 0.1573158 0.000 0.0887680 0.0685478 
-0.00260350 0.00340091 1.0000e+00 -6.875e+01 0.1578476 0.000 0.0889263 0.0689211 
-0.00272793 0.00340091 1.0000e+00 -6.938e+01 0.1584415 0.000 0.0892543 0.0691874 
-0.00285235 0.00340091 1.0000e+00 -7.014e+01 0.1590665 0.000 0.0898055 0.0692610 
-0.00297677 0.00340091 1.0000e+00 -7.103e+01 0.1598517 0.000 0.0903504 0.0695012 
-0.00310120 0.00340091 1.0001e+00 -7.207e+01 0.1608070 0.000 0.0908461 0.0699608 
-0.00322562 0.00340091 9.9999e-01 -7.327e+01 0.1617839 0.000 0.0916600 0.0701239 
-0.00335004 0.00340091 1.0000e+00 -7.462e+01 0.1630358 0.000 0.0923343 0.0707015 
-0.00347447 0.00340091 1.0000e+00 -7.612e+01 0.1638142 0.000 0.0941085 0.0697059 
-0.00359889 0.00340091 1.0000e+00 -7.783e+01 0.1656296 0.000 0.0943820 0.0712475 
-0.00372331 0.00340091 1.0000e+00 -7.975e+01 0.1673574 0.000 0.0952956 0.0720617 
-0.00384774 0.00340091 1.0000e+00 -8.187e+01 0.1690850 0.000 0.0965326 0.0725521 
-0.00397216 0.00340091 1.0001e+00 -8.422e+01 0.1708931 0.000 0.0979322 0.0729609 
-0.00409658 0.00340091 1.0000e+00 -8.684e+01 0.1729442 0.000 0.0993541 0.0735900 
-0.00185696 0.00364975 1.0001e+00 -6.768e+01 0.1569825 0.000 0.0882971 0.0686853 
-0.00198139 0.00364975 1.0000e+00 -6.746e+01 0.1563421 0.000 0.0888458 0.0674964 
-0.00210581 0.00364975 1.0000e+00 -6.740e+01 0.1567201 0.000 0.0880992 0.0686208 
-0.00223023 0.00364975 1.0001e+00 -6.743e+01 0.1567165 0.000 0.0880864 0.0686302 
-0.00235466 0.00364975 1.0001e+00 -6.758e+01 0.1567416 0.000 0.0882807 0.0684611 
-0.00247908 0.00364975 1.0000e+00 -6.787e+01 0.1567199 0.000 0.0889198 0.0678002 
-0.00260350 0.00364975 1.0001e+00 -6.829e+01 0.1573590 0.000 0.0887623 0.0685970 
-0.00272793 0.00364975 1.0000e+00 -6.883e+01 0.1579060 0.000 0.0889799 0.0689264 
-0.00285235 0.00364975 9.9999e-01 -6.951e+01 0.1585527 0.000 0.0893028 0.0692500 
-0.00297677 0.00364975 1.0001e+00 -7.029e+01 0.1592309 0.000 0.0897625 0.0694684 
-0.00310120 0.00364975 1.0001e+00 -7.123e+01 0.1599685 0.000 0.0904696 0.0694989 
-0.00322562 0.00364975 1.0000e+00 -7.233e+01 0.1610276 0.000 0.0909463 0.0700815 
-0.00335004 0.00364975 1.0000e+00 -7.357e+01 0.1620642 0.000 0.0918139 0.0702505 
-0.00347447 0.00364975 1.0000e+00 -7.497e+01 0.1632882 0.000 0.0925768 0.0707114 
-0.00359889 0.00364975 1.0000e+00 -7.655e+01 0.1646029 0.000 0.0934931 0.0711097 
-0.00372331 0.00364975 1.0000e+00 -7.830e+01 0.1659885 0.000 0.0946453 0.0713432 
-0.00384774 0.00364975 1.0000e+00 -8.026e+01 0.1676542 0.000 0.0957221 0.0719323 
-0.00397216 0.00364975 1.0000e+00 -8.244e+01 0.1693536 0.000 0.0970368 0.0723170 
-0.00409658 0.00364975 9.9999e-01 -8.488e+01 0.1711007 0.000 0.0987039 0.0723967 
-0.00185696 0.00389860 1.0001e+00 -6.777e+01 0.1570453 0.000 0.0883249 0.0687204 
-0.00198139 0.00389860 1.0000e+00 -6.747e+01 0.1564778 0.000 0.0886754 0.0678023 
-0.00210581 0.00389860 1.0001e+00 -6.732e+01 0.1566465 0.000 0.0880250 0.0686212 
-0.00223023 0.00389860 1.0001e+00 -6.728e+01 0.1565619 0.000 0.0880270 0.0685348 
-0.00235466 0.00389860 1.0001e+00 -6.737e+01 0.1566120 0.000 0.0880597 0.0685522 
-0.00247908 0.00389860 1.0001e+00 -6.757e+01 0.1567987 0.000 0.0881954 0.0686036 
-0.00260350 0.00389860 1.0001e+00 -6.790e+01 0.1570448 0.000 0.0884676 0.0685774 
-0.00272793 0.00389860 1.0000e+00 -6.836e+01 0.1574257 0.000 0.0887942 0.0686316 
-0.00285235 0.00389860 1.0001e+00 -6.894e+01 0.1579965 0.000 0.0890318 0.0689648 
-0.00297677 0.00389860 1.0000e+00 -6.966e+01 0.1586387 0.000 0.0894201 0.0692186 
-0.00310120 0.00389860 1.0001e+00 -7.049e+01 0.1593240 0.000 0.0899710 0.0693530 
-0.00322562 0.00389860 1.0000e+00 -7.149e+01 0.1602249 0.000 0.0904913 0.0697336 
-0.00335004 0.00389860 1.0000e+00 -7.261e+01 0.1612141 0.000 0.0912165 0.0699978 
-0.00347447 0.00389860 1.0000e+00 -7.390e+01 0.1624146 0.000 0.0918742 0.0705406 
-0.00359889 0.00389860 1.0000e+00 -7.535e+01 0.1635127 0.000 0.0929142 0.0705985 
-0.00372331 0.00389860 1.0000e+00 -7.698e+01 0.1649637 0.000 0.0937266 0.0712372 
-0.00384774 0.00389860 1.0000e+00 -7.880e+01 0.1664615 0.000 0.0947604 0.0717012 
-0.00397216 0.00389860 1.0001e+00 -8.083e+01 0.1681468 0.000 0.0958213 0.0723256 
-0.00409658 0.00389860 1.0001e+00 -8.307e+01 0.1698491 0.000 0.0972112 0.0726380 
-0.00185696 0.00414745 1.0000e+00 -6.792e+01 0.1572021 0.000 0.0884002 0.0688018 
-0.00198139 0.00414745 1.0000e+00 -6.755e+01 0.1564564 0.000 0.0888423 0.0676140 
-0.00210581 0.00414745 1.0001e+00 -6.730e+01 0.1566199 0.000 0.0880400 0.0685798 
-0.00223023 0.00414745 1.0000e+00 -6.720e+01 0.1564856 0.000 0.0879878 0.0684977 
-0.00235466 0.00414745 1.0001e+00 -6.719e+01 0.1564372 0.000 0.0879766 0.0684606 
-0.00247908 0.00414745 1.0001e+00 -6.732e+01 0.1565030 0.000 0.0881455 0.0683576 
-0.00260350 0.00414745 1.0001e+00 -6.757e+01 0.1568057 0.000 0.0881893 0.0686165 
-0.00272793 0.00414745 1.0000e+00 -6.796e+01 0.1571745 0.000 0.0883964 0.0687782 
-0.00285235 0.00414745 1.0001e+00 -6.845e+01 0.1575896 0.000 0.0887135 0.0688762 
-0.00297677 0.00414745 1.0001e+00 -6.907e+01 0.1580987 0.000 0.0890936 0.0690052 
-0.00310120 0.00414745 1.0001e+00 -6.983e+01 0.1586806 0.000 0.0896473 0.0690333 
-0.00322562 0.00414745 1.0000e+00 -7.072e+01 0.1595117 0.000 0.0900816 0.0694302 
-0.00335004 0.00414745 1.0001e+00 -7.173e+01 0.1604449 0.000 0.0906324 0.0698124 
-0.00347447 0.00414745 1.0000e+00 -7.290e+01 0.1609830 0.000 0.0922084 0.0687746 
-0.00359889 0.00414745 1.0000e+00 -7.426e+01 0.1626496 0.000 0.0921112 0.0705385 
-0.00372331 0.00414745 1.0000e+00 -7.575e+01 0.1634932 0.000 0.0937591 0.0697341 
-0.00384774 0.00414745 1.0000e+00 -7.744e+01 0.1649214 0.000 0.0946471 0.0702744 
-0.00397216 0.00414745 1.0000e+00 -7.933e+01 0.1668357 0.000 0.0950547 0.0717811 
-0.00409658 0.00414745 1.0000e+00 -8.142e+01 0.1684746 0.000 0.0962416 0.0722330 
-0.00185696 0.00439629 1.0000e+00 -6.812e+01 0.1573624 0.000 0.0885776 0.0687849 
-0.00198139 0.00439629 1.0000e+00 -6.768e+01 0.1569705 0.000 0.0882969 0.0686736 
-0.00210581 0.00439629 1.0000e+00 -6.737e+01 0.1566380 0.000 0.0881507 0.0684871 
-0.00223023 0.00439629 1.0000e+00 -6.717e+01 0.1564611 0.000 0.0879534 0.0685078 
-0.00235466 0.00439629 1.0000e+00 -6.710e+01 0.1563622 0.000 0.0879288 0.0684332 
-0.00247908 0.00439629 1.0001e+00 -6.715e+01 0.1563825 0.000 0.0879702 0.0684121 
-0.00260350 0.00439629 1.0001e+00 -6.732e+01 0.1565564 0.000 0.0880612 0.0684952 
-0.00272793 0.00439629 1.0001e+00 -6.762e+01 0.1568364 0.000 0.0882196 0.0686167 
-0.00285235 0.00439629 1.0001e+00 -6.802e+01 0.1571234 0.000 0.0885862 0.0685371 
-0.00297677 0.00439629 9.9999e-01 -6.858e+01 0.1576901 0.000 0.0887758 0.0689142 
-0.00310120 0.00439629 1.0001e+00 -6.923e+01 0.1582277 0.000 0.0891440 0.0690836 
-0.00322562 0.00439629 1.0000e+00 -7.004e+01 0.1589098 0.000 0.0896720 0.0692377 
-0.00335004 0.00439629 1.0001e+00 -7.095e+01 0.1596928 0.000 0.0902480 0.0694448 
-0.00347447 0.00439629 1.0000e+00 -7.204e+01 0.1607332 0.000 0.0907959 0.0699373 
-0.00359889 0.00439629 1.0000e+00 -7.326e+01 0.1613452 0.000 0.0922488 0.0690963 
-0.00372331 0.00439629 1.0001e+00 -7.465e+01 0.1629634 0.000 0.0923329 0.0706306 
-0.00384774 0.00439629 1.0000e+00 -7.620e+01 0.1638326 0.000 0.0940300 0.0698026 
-0.00397216 0.00439629 1.0000e+00 -7.794e+01 0.1653540 0.000 0.0948308 0.0705232 
-0.00409658 0.00439629 1.0000e+00 -7.990e+01 0.1671783 0.000 0.0954249 0.0717533 
-0.00185696 0.00464514 1.0001e+00 -6.837e+01 0.1575944 0.000 0.0886930 0.0689015 
-0.00198139 0.00464514 1.0001e+00 -6.784e+01 0.1571286 0.000 0.0884246 0.0687042 
-0.00210581 0.00464514 1.0001e+00 -6.745e+01 0.1566672 0.000 0.0882876 0.0683796 
-0.00223023 0.00464514 1.0000e+00 -6.720e+01 0.1564922 0.000 0.0879764 0.0685158 
-0.00235466 0.00464514 1.0000e+00 -6.705e+01 0.1562405 0.000 0.0880070 0.0682332 
-0.00247908 0.00464514 1.0001e+00 -6.702e+01 0.1561808 0.000 0.0880196 0.0681611 
-0.00260350 0.00464514 1.0001e+00 -6.711e+01 0.1563402 0.000 0.0879716 0.0683687 
-0.00272793 0.00464514 1.0001e+00 -6.733e+01 0.1565538 0.000 0.0880729 0.0684811 
-0.00285235 0.00464514 1.0000e+00 -6.769e+01 0.1568999 0.000 0.0882587 0.0686412 
-0.00297677 0.00464514 1.0001e+00 -6.814e+01 0.1573180 0.000 0.0884797 0.0688383 
-0.00310120 0.00464514 1.0000e+00 -6.872e+01 0.1577660 0.000 0.0888729 0.0688933 
-0.00322562 0.00464514 1.0001e+00 -6.943e+01 0.1583880 0.000 0.0892508 0.0691372 
-0.00335004 0.00464514 9.9999e-01 -7.028e+01 0.1591283 0.000 0.0898175 0.0693110 
-0.00347447 0.00464514 1.0001e+00 -7.124e+01 0.1600004 0.000 0.0903378 0.0696628 
-0.00359889 0.00464514 1.0000e+00 -7.237e+01 0.1608670 0.000 0.0911727 0.0696945 
-0.00372331 0.00464514 1.0000e+00 -7.365e+01 0.1620749 0.000 0.0917550 0.0703198 
-0.00384774 0.00464514 1.0000e+00 -7.509e+01 0.1632408 0.000 0.0927045 0.0705361 
-0.00397216 0.00464514 1.0000e+00 -7.668e+01 0.1642542 0.000 0.0941643 0.0700899 
-0.00409658 0.00464514 1.0000e+00 -7.848e+01 0.1657141 0.000 0.0951355 0.0705785 
-0.00185696 0.00489399 1.0001e+00 -6.867e+01 0.1578601 0.000 0.0888598 0.0690003 
-0.00198139 0.00489399 1.0001e+00 -6.808e+01 0.1573661 0.000 0.0885385 0.0688276 
-0.00210581 0.00489399 1.0000e+00 -6.761e+01 0.1566262 0.000 0.0887786 0.0678477 
-0.00223023 0.00489399 1.0001e+00 -6.727e+01 0.1565730 0.000 0.0880426 0.0685304 
-0.00235466 0.00489399 1.0001e+00 -6.706e+01 0.1563584 0.000 0.0878605 0.0684980 
-0.00247908 0.00489399 1.0001e+00 -6.695e+01 0.1562027 0.000 0.0878214 0.0683812 
-0.00260350 0.00489399 1.0000e+00 -6.699e+01 0.1562475 0.000 0.0878525 0.0683949 
-0.00272793 0.00489399 1.0000e+00 -6.713e+01 0.1563231 0.000 0.0880384 0.0682844 
-0.00285235 0.00489399 1.0001e+00 -6.738e+01 0.1565679 0.000 0.0881523 0.0684157 
-0.00297677 0.00489399 1.0001e+00 -6.777e+01 0.1569466 0.000 0.0883079 0.0686388 
-0.00310120 0.00489399 1.0001e+00 -6.826e+01 0.1573447 0.000 0.0886201 0.0687245 
-0.00322562 0.00489399 1.0000e+00 -6.890e+01 0.1579435 0.000 0.0889040 0.0690394 
-0.00335004 0.00489399 1.0000e+00 -6.964e+01 0.1584607 0.000 0.0896137 0.0688469 
-0.00347447 0.00489399 1.0001e+00 -7.052e+01 0.1593250 0.000 0.0899876 0.0693374 
-0.00359889 0.00489399 1.0001e+00 -7.154e+01 0.1602476 0.000 0.0905024 0.0697451 
-0.00372331 0.00489399 1.0000e+00 -7.271e+01 0.1607343 0.000 0.0920328 0.0687015 
-0.00384774 0.00489399 1.0000e+00 -7.407e+01 0.1624498 0.000 0.0919306 0.0705191 
-0.00397216 0.00489399 1.0000e+00 -7.554e+01 0.1631940 0.000 0.0936393 0.0695547 
-0.00409658 0.00489399 1.0000e+00 -7.723e+01 0.1650137 0.000 0.0937868 0.0712268 
-0.00185696 0.00514283 1.0000e+00 -6.905e+01 0.1581698 0.000 0.0891367 0.0690331 
-0.00198139 0.00514283 1.0000e+00 -6.838e+01 0.1576364 0.000 0.0887173 0.0689192 
-0.00210581 0.00514283 1.0001e+00 -6.782e+01 0.1571421 0.000 0.0883899 0.0687521 
-0.00223023 0.00514283 1.0000e+00 -6.742e+01 0.1566984 0.000 0.0882290 0.0684693 
-0.00235466 0.00514283 1.0001e+00 -6.712e+01 0.1564093 0.000 0.0879568 0.0684524 
-0.00247908 0.00514283 1.0001e+00 -6.694e+01 0.1562137 0.000 0.0878092 0.0684045 
-0.00260350 0.00514283 1.0000e+00 -6.691e+01 0.1560789 0.000 0.0879342 0.0681448 
-0.00272793 0.00514283 1.0000e+00 -6.697e+01 0.1561532 0.000 0.0879565 0.0681968 
-0.00285235 0.00514283 1.0001e+00 -6.715e+01 0.1564093 0.000 0.0879364 0.0684728 
-0.00297677 0.00514283 1.0000e+00 -6.747e+01 0.1567220 0.000 0.0880767 0.0686453 
-0.00310120 0.00514283 1.0001e+00 -6.789e+01 0.1570487 0.000 0.0883441 0.0687044 
-0.00322562 0.00514283 1.0001e+00 -6.842e+01 0.1574472 0.000 0.0887299 0.0687173 
-0.00335004 0.00514283 1.0000e+00 -6.911e+01 0.1581040 0.000 0.0890940 0.0690100 
-0.00347447 0.00514283 1.0000e+00 -6.989e+01 0.1582755 0.000 0.0904176 0.0678580 
-0.00359889 0.00514283 1.0001e+00 -7.082e+01 0.1595702 0.000 0.0901346 0.0694355 
-0.00372331 0.00514283 1.0000e+00 -7.191e+01 0.1605730 0.000 0.0906577 0.0699154 
-0.00384774 0.00514283 1.0001e+00 -7.311e+01 0.1611262 0.000 0.0921546 0.0689714 
-0.00397216 0.00514283 1.0000e+00 -7.451e+01 0.1627739 0.000 0.0921981 0.0705759 
-0.00409658 0.00514283 1.0000e+00 -7.604e+01 0.1635278 0.000 0.0939434 0.0695842 
-0.00185696 0.00539168 1.0001e+00 -6.945e+01 0.1585137 0.000 0.0893665 0.0691471 
-0.00198139 0.00539168 1.0001e+00 -6.870e+01 0.1579373 0.000 0.0888945 0.0690429 
-0.00210581 0.00539168 1.0001e+00 -6.809e+01 0.1573882 0.000 0.0885599 0.0688282 
-0.00223023 0.00539168 1.0000e+00 -6.759e+01 0.1565797 0.000 0.0888196 0.0677601 
-0.00235466 0.00539168 1.0001e+00 -6.723e+01 0.1565700 0.000 0.0880237 0.0685463 
-0.00247908 0.00539168 1.0001e+00 -6.698e+01 0.1562214 0.000 0.0879720 0.0682495 
-0.00260350 0.00539168 9.9999e-01 -6.689e+01 0.1560931 0.000 0.0878799 0.0682134 
-0.00272793 0.00539168 1.0001e+00 -6.687e+01 0.1561102 0.000 0.0877864 0.0683238 
-0.00285235 0.00539168 1.0000e+00 -6.700e+01 0.1562777 0.000 0.0878208 0.0684568 
-0.00297677 0.00539168 1.0001e+00 -6.722e+01 0.1564505 0.000 0.0880035 0.0684471 
-0.00310120 0.00539168 1.0000e+00 -6.757e+01 0.1567328 0.000 0.0881946 0.0685380 
-0.00322562 0.00539168 1.0001e+00 -6.803e+01 0.1571694 0.000 0.0883833 0.0687862 
-0.00335004 0.00539168 1.0000e+00 -6.863e+01 0.1576649 0.000 0.0888151 0.0688498 
-0.00347447 0.00539168 1.0000e+00 -6.934e+01 0.1582855 0.000 0.0892931 0.0689924 
-0.00359889 0.00539168 1.0001e+00 -7.015e+01 0.1585701 0.000 0.0904291 0.0681411 
-0.00372331 0.00539168 1.0001e+00 -7.115e+01 0.1598561 0.000 0.0902804 0.0695757 
-0.00384774 0.00539168 1.0000e+00 -7.228e+01 0.1607391 0.000 0.0911118 0.0696274 
-0.00397216 0.00539168 1.0000e+00 -7.354e+01 0.1614530 0.000 0.0924430 0.0690101 
-0.00409658 0.00539168 1.0000e+00 -7.498e+01 0.1629844 0.000 0.0927192 0.0702652 
-0.00185696 0.00564053 1.0001e+00 -6.990e+01 0.1586079 0.000 0.0901315 0.0684765 
-0.00198139 0.00564053 1.0001e+00 -6.908e+01 0.1582208 0.000 0.0891804 0.0690404 
-0.00210581 0.00564053 1.0000e+00 -6.841e+01 0.1576926 0.000 0.0887590 0.0689335 
-0.00223023 0.00564053 1.0001e+00 -6.784e+01 0.1571634 0.000 0.0884068 0.0687566 
-0.00235466 0.00564053 1.0001e+00 -6.741e+01 0.1567590 0.000 0.0881397 0.0686194 
-0.00247908 0.00564053 1.0001e+00 -6.709e+01 0.1563888 0.000 0.0880260 0.0683628 
-0.00260350 0.00564053 1.0001e+00 -6.690e+01 0.1561625 0.000 0.0878590 0.0683035 
-0.00272793 0.00564053 1.0001e+00 -6.683e+01 0.1561305 0.000 0.0876989 0.0684314 
-0.00285235 0.00564053 1.0001e+00 -6.687e+01 0.1561202 0.000 0.0877974 0.0683229 
-0.00297677 0.00564053 1.0001e+00 -6.703e+01 0.1562804 0.000 0.0878872 0.0683932 
-0.00310120 0.00564053 1.0001e+00 -6.731e+01 0.1565268 0.000 0.0880131 0.0685134 
-0.00322562 0.00564053 1.0000e+00 -6.771e+01 0.1568602 0.000 0.0882305 0.0686297 
-0.00335004 0.00564053 1.0000e+00 -6.821e+01 0.1572618 0.000 0.0886306 0.0686313 
-0.00347447 0.00564053 1.0001e+00 -6.884e+01 0.1578744 0.000 0.0889257 0.0689485 
-0.00359889 0.00564053 1.0000e+00 -6.960e+01 0.1582885 0.000 0.0897569 0.0685316 
-0.00372331 0.00564053 1.0000e+00 -7.050e+01 0.1592943 0.000 0.0898862 0.0694081 
-0.00384774 0.00564053 1.0001e+00 -7.151e+01 0.1601671 0.000 0.0904838 0.0696832 
-0.00397216 0.00564053 1.0000e+00 -7.268e+01 0.1607263 0.000 0.0918881 0.0688383 
-0.00409658 0.00564053 1.0001e+00 -7.400e+01 0.1619108 0.000 0.0925404 0.0693705 
-0.00185696 0.00588937 1.0001e+00 -7.042e+01 0.1593625 0.000 0.0899051 0.0694576 
-0.00198139 0.00588937 1.0000e+00 -6.954e+01 0.1586202 0.000 0.0894236 0.0691967 
-0.00210581 0.00588937 1.0000e+00 -6.877e+01 0.1580155 0.000 0.0889393 0.0690760 
-0.00223023 0.00588937 1.0001e+00 -6.813e+01 0.1574445 0.000 0.0885978 0.0688467 
-0.00235466 0.00588937 1.0000e+00 -6.762e+01 0.1566409 0.000 0.0888028 0.0678383 
-0.00247908 0.00588937 1.0001e+00 -6.724e+01 0.1565494 0.000 0.0881281 0.0684212 
-0.00260350 0.00588937 1.0000e+00 -6.699e+01 0.1562736 0.000 0.0879830 0.0682907 
-0.00272793 0.00588937 1.0001e+00 -6.684e+01 0.1561677 0.000 0.0877127 0.0684550 
-0.00285235 0.00588937 1.0000e+00 -6.681e+01 0.1560015 0.000 0.0878818 0.0681199 
-0.00297677 0.00588937 1.0000e+00 -6.692e+01 0.1562252 0.000 0.0877572 0.0684680 
-0.00310120 0.00588937 1.0000e+00 -6.712e+01 0.1563525 0.000 0.0879272 0.0684253 
-0.00322562 0.00588937 1.0001e+00 -6.742e+01 0.1565690 0.000 0.0881113 0.0684577 
-0.00335004 0.00588937 1.0000e+00 -6.787e+01 0.1569910 0.000 0.0883605 0.0686305 
-0.00347447 0.00588937 1.0001e+00 -6.841e+01 0.1574918 0.000 0.0886707 0.0688210 
-0.00359889 0.00588937 1.0001e+00 -6.909e+01 0.1580713 0.000 0.0890745 0.0689967 
-0.00372331 0.00588937 1.0000e+00 -6.989e+01 0.1583010 0.000 0.0902682 0.0680328 
-0.00384774 0.00588937 1.0000e+00 -7.084e+01 0.1595392 0.000 0.0901472 0.0693918 
-0.00397216 0.00588937 1.0001e+00 -7.191e+01 0.1605026 0.000 0.0906878 0.0698146 
-0.00409658 0.00588937 1.0000e+00 -7.312e+01 0.1610464 0.000 0.0922013 0.0688451 
-0.00185696 0.00613822 1.0000e+00 -7.100e+01 0.1598672 0.000 0.0902270 0.0696404 
-0.00198139 0.00613822 1.0001e+00 -7.000e+01 0.1587495 0.000 0.0901390 0.0686104 
-0.00210581 0.00613822 9.9999e-01 -6.919e+01 0.1583650 0.000 0.0892018 0.0691632 
-0.00223023 0.00613822 1.0001e+00 -6.847e+01 0.1577090 0.000 0.0888712 0.0688377 
-0.00235466 0.00613822 1.0001e+00 -6.790e+01 0.1572456 0.000 0.0884562 0.0687892 
-0.00247908 0.00613822 1.0001e+00 -6.745e+01 0.1568139 0.000 0.0881674 0.0686465 
-0.00260350 0.00613822 1.0001e+00 -6.712e+01 0.1564669 0.000 0.0879861 0.0684810 
-0.00272793 0.00613822 1.0000e+00 -6.691e+01 0.1562570 0.000 0.0877890 0.0684679 
-0.00285235 0.00613822 1.0001e+00 -6.681e+01 0.1561253 0.000 0.0877302 0.0683952 
-0.00297677 0.00613822 1.0001e+00 -6.683e+01 0.1560894 0.000 0.0877964 0.0682928 
-0.00310120 0.00613822 1.0001e+00 -6.697e+01 0.1562350 0.000 0.0878403 0.0683948 
-0.00322562 0.00613822 1.0001e+00 -6.721e+01 0.1564094 0.000 0.0879814 0.0684278 
-0.00335004 0.00613822 1.0001e+00 -6.757e+01 0.1567087 0.000 0.0882159 0.0684928 
-0.00347447 0.00613822 1.0001e+00 -6.804e+01 0.1570975 0.000 0.0885546 0.0685429 
-0.00359889 0.00613822 1.0001e+00 -6.865e+01 0.1576982 0.000 0.0887798 0.0689183 
-0.00372331 0.00613822 1.0001e+00 -6.937e+01 0.1581444 0.000 0.0894263 0.0687180 
-0.00384774 0.00613822 1.0000e+00 -7.021e+01 0.1584989 0.000 0.0905532 0.0679458 
-0.00397216 0.00613822 1.0000e+00 -7.123e+01 0.1598789 0.000 0.0903174 0.0695615 
-0.00409658 0.00613822 1.0000e+00 -7.235e+01 0.1608146 0.000 0.0910560 0.0697585 
-0.00185696 0.00638707 1.0000e+00 -7.160e+01 0.1603916 0.000 0.0905738 0.0698177 
-0.00198139 0.00638707 1.0001e+00 -7.054e+01 0.1594853 0.000 0.0899849 0.0695002 
-0.00210581 0.00638707 1.0001e+00 -6.963e+01 0.1587247 0.000 0.0894683 0.0692564 
-0.00223023 0.00638707 1.0001e+00 -6.885e+01 0.1581083 0.000 0.0889802 0.0691281 
-0.00235466 0.00638707 1.0001e+00 -6.821e+01 0.1575390 0.000 0.0886525 0.0688865 
-0.00247908 0.00638707 1.0000e+00 -6.770e+01 0.1570086 0.000 0.0884396 0.0685690 
-0.00260350 0.00638707 1.0000e+00 -6.731e+01 0.1566747 0.000 0.0881124 0.0685624 
-0.00272793 0.00638707 1.0000e+00 -6.703e+01 0.1563292 0.000 0.0879857 0.0683436 
-0.00285235 0.00638707 1.0001e+00 -6.686e+01 0.1562238 0.000 0.0877412 0.0684826 
-0.00297677 0.00638707 1.0000e+00 -6.683e+01 0.1561836 0.000 0.0877190 0.0684646 
-0.00310120 0.00638707 1.0001e+00 -6.688e+01 0.1561615 0.000 0.0878031 0.0683585 
-0.00322562 0.00638707 9.9999e-01 -6.707e+01 0.1562981 0.000 0.0879073 0.0683908 
-0.00335004 0.00638707 1.0000e+00 -6.735e+01 0.1565688 0.000 0.0880386 0.0685301 
-0.00347447 0.00638707 1.0001e+00 -6.776e+01 0.1569207 0.000 0.0882679 0.0686527 
-0.00359889 0.00638707 1.0001e+00 -6.827e+01 0.1573119 0.000 0.0886338 0.0686781 
-0.00372331 0.00638707 1.0000e+00 -6.893e+01 0.1578984 0.000 0.0889349 0.0689637 
-0.00384774 0.00638707 1.0000e+00 -6.969e+01 0.1579923 0.000 0.0902563 0.0677361 
-0.00397216 0.00638707 1.0001e+00 -7.059e+01 0.1592925 0.000 0.0899632 0.0693293 
-0.00409658 0.00638707 1.0000e+00 -7.164e+01 0.1602855 0.000 0.0904902 0.0697954 
-0.00185696 0.00688476 1.0000e+00 -7.297e+01 0.1616016 0.000 0.0913568 0.0702448 
-0.00198139 0.00688476 1.0000e+00 -7.176e+01 0.1605688 0.000 0.0906681 0.0699008 
-0.00210581 0.00688476 1.0001e+00 -7.070e+01 0.1596507 0.000 0.0900804 0.0695703 
-0.00223023 0.00688476 1.0001e+00 -6.978e+01 0.1588718 0.000 0.0895745 0.0692974 
-0.00235466 0.00688476 1.0001e+00 -6.900e+01 0.1582575 0.000 0.0890607 0.0691969 
-0.00247908 0.00688476 1.0001e+00 -6.833e+01 0.1576558 0.000 0.0887191 0.0689366 
-0.00260350 0.00688476 1.0001e+00 -6.779e+01 0.1568275 0.000 0.0889379 0.0678896 
-0.00272793 0.00688476 1.0000e+00 -6.741e+01 0.1567366 0.000 0.0882207 0.0685159 
-0.00285235 0.00688476 1.0001e+00 -6.710e+01 0.1564725 0.000 0.0879625 0.0685098 
-0.00297677 0.00688476 1.0001e+00 -6.693e+01 0.1563172 0.000 0.0878252 0.0684919 
-0.00310120 0.00688476 1.0001e+00 -6.686e+01 0.1561500 0.000 0.0878694 0.0682806 
-0.00322562 0.00688476 1.0001e+00 -6.690e+01 0.1561298 0.000 0.0879134 0.0682166 
-0.00335004 0.00688476 1.0001e+00 -6.704e+01 0.1559926 0.000 0.0883628 0.0676300 
-0.00347447 0.00688476 1.0000e+00 -6.733e+01 0.1565591 0.000 0.0880749 0.0684845 
-0.00359889 0.00688476 1.0001e+00 -6.770e+01 0.1568360 0.000 0.0883241 0.0685118 
-0.00372331 0.00688476 1.0001e+00 -6.820e+01 0.1572247 0.000 0.0885893 0.0686353 
-0.00384774 0.00688476 1.0001e+00 -6.882e+01 0.1577673 0.000 0.0888604 0.0689071 
-0.00397216 0.00688476 1.0001e+00 -6.954e+01 0.1578524 0.000 0.0901117 0.0677404 
-0.00409658 0.00688476 1.0001e+00 -7.040e+01 0.1586269 0.000 0.0905981 0.0680286 
-0.00185696 0.00738245 1.0000e+00 -7.451e+01 0.1629443 0.000 0.0922751 0.0706691 
-0.00198139 0.00738245 1.0000e+00 -7.316e+01 0.1617819 0.000 0.0915470 0.0702347 
-0.00210581 0.00738245 1.0001e+00 -7.193e+01 0.1604097 0.000 0.0914026 0.0690070 
-0.00223023 0.00738245 1.0000e+00 -7.088e+01 0.1598511 0.000 0.0901833 0.0696678 
-0.00235466 0.00738245 1.0001e+00 -6.995e+01 0.1590595 0.000 0.0896776 0.0693819 
-0.00247908 0.00738245 1.0001e+00 -6.916e+01 0.1583816 0.000 0.0892137 0.0691681 
-0.00260350 0.00738245 1.0000e+00 -6.850e+01 0.1577499 0.000 0.0889603 0.0687894 
-0.00272793 0.00738245 1.0000e+00 -6.796e+01 0.1572848 0.000 0.0885420 0.0687429 
-0.00285235 0.00738245 1.0001e+00 -6.753e+01 0.1569224 0.000 0.0881845 0.0687379 
-0.00297677 0.00738245 1.0001e+00 -6.724e+01 0.1566395 0.000 0.0880560 0.0685836 
-0.00310120 0.00738245 1.0001e+00 -6.704e+01 0.1564082 0.000 0.0879754 0.0684329 
-0.00322562 0.00738245 1.0001e+00 -6.696e+01 0.1562961 0.000 0.0879009 0.0683951 
-0.00335004 0.00738245 1.0000e+00 -6.699e+01 0.1563179 0.000 0.0879048 0.0684129 
-0.00347447 0.00738245 1.0000e+00 -6.713e+01 0.1564250 0.000 0.0879775 0.0684474 
-0.00359889 0.00738245 1.0000e+00 -6.737e+01 0.1565662 0.000 0.0881840 0.0683820 
-0.00372331 0.00738245 1.0001e+00 -6.772e+01 0.1568665 0.000 0.0883348 0.0685317 
-0.00384774 0.00738245 1.0001e+00 -6.820e+01 0.1572313 0.000 0.0885981 0.0686333 
-0.00397216 0.00738245 1.0001e+00 -6.880e+01 0.1577496 0.000 0.0888518 0.0688978 
-0.00409658 0.00738245 1.0001e+00 -6.949e+01 0.1579948 0.000 0.0897689 0.0682259 
-0.00185696 0.00763130 1.0000e+00 -7.535e+01 0.1636851 0.000 0.0927956 0.0708893 
-0.00198139 0.00763130 1.0000e+00 -7.392e+01 0.1624874 0.000 0.0919229 0.0705645 
-0.00210581 0.00763130 1.0000e+00 -7.262e+01 0.1612437 0.000 0.0914479 0.0697956 
-0.00223023 0.00763130 1.0000e+00 -7.150e+01 0.1604200 0.000 0.0905145 0.0699055 
-0.00235466 0.00763130 1.0001e+00 -7.049e+01 0.1594599 0.000 0.0901027 0.0693570 
-0.00247908 0.00763130 1.0001e+00 -6.963e+01 0.1587487 0.000 0.0895839 0.0691643 
-0.00260350 0.00763130 1.0001e+00 -6.890e+01 0.1582005 0.000 0.0890240 0.0691763 
-0.00272793 0.00763130 1.0001e+00 -6.830e+01 0.1576187 0.000 0.0887111 0.0689074 
-0.00285235 0.00763130 1.0000e+00 -6.783e+01 0.1571517 0.000 0.0884724 0.0686792 
-0.00297677 0.00763130 1.0001e+00 -6.745e+01 0.1567949 0.000 0.0882600 0.0685348 
-0.00310120 0.00763130 1.0001e+00 -6.720e+01 0.1565952 0.000 0.0880721 0.0685231 
-0.00322562 0.00763130 1.0001e+00 -6.705e+01 0.1563896 0.000 0.0880296 0.0683601 
-0.00335004 0.00763130 1.0001e+00 -6.701e+01 0.1563228 0.000 0.0879718 0.0683511 
-0.00347447 0.00763130 1.0000e+00 -6.710e+01 0.1564377 0.000 0.0879528 0.0684851 
-0.00359889 0.00763130 1.0001e+00 -6.727e+01 0.1564963 0.000 0.0881293 0.0683673 
-0.00372331 0.00763130 1.0001e+00 -6.757e+01 0.1567446 0.000 0.0882605 0.0684841 
-0.00384774 0.00763130 1.0000e+00 -6.799e+01 0.1570684 0.000 0.0885124 0.0685560 
-0.00397216 0.00763130 1.0001e+00 -6.850e+01 0.1575318 0.000 0.0886802 0.0688516 
-0.00409658 0.00763130 1.0000e+00 -6.913e+01 0.1579534 0.000 0.0891794 0.0687743 
-0.00185696 0.00788015 1.0000e+00 -7.621e+01 0.1640992 0.000 0.0940310 0.0700682 
-0.00198139 0.00788015 1.0000e+00 -7.471e+01 0.1630726 0.000 0.0926324 0.0704399 
-0.00210581 0.00788015 1.0000e+00 -7.336e+01 0.1620184 0.000 0.0916497 0.0703686 
-0.00223023 0.00788015 1.0000e+00 -7.215e+01 0.1606853 0.000 0.0914990 0.0691864 
-0.00235466 0.00788015 1.0000e+00 -7.110e+01 0.1600840 0.000 0.0903210 0.0697630 
-0.00247908 0.00788015 1.0000e+00 -7.016e+01 0.1592654 0.000 0.0898175 0.0694479 
-0.00260350 0.00788015 1.0000e+00 -6.937e+01 0.1585614 0.000 0.0893874 0.0691741 
-0.00272793 0.00788015 1.0001e+00 -6.870e+01 0.1579894 0.000 0.0889319 0.0690575 
-0.00285235 0.00788015 1.0000e+00 -6.816e+01 0.1574741 0.000 0.0886432 0.0688309 
-0.00297677 0.00788015 1.0000e+00 -6.773e+01 0.1570427 0.000 0.0884661 0.0685765 
-0.00310120 0.00788015 1.0001e+00 -6.741e+01 0.1568028 0.000 0.0882061 0.0685965 
-0.00322562 0.00788015 1.0001e+00 -6.721e+01 0.1565903 0.000 0.0880876 0.0685025 
-0.00335004 0.00788015 1.0001e+00 -6.710e+01 0.1564774 0.000 0.0879924 0.0684849 
-0.00347447 0.00788015 1.0000e+00 -6.713e+01 0.1564918 0.000 0.0879790 0.0685126 
-0.00359889 0.00788015 1.0001e+00 -6.723e+01 0.1565053 0.000 0.0880735 0.0684319 
-0.00372331 0.00788015 1.0001e+00 -6.746e+01 0.1566730 0.000 0.0882211 0.0684518 
-0.00384774 0.00788015 1.0000e+00 -6.782e+01 0.1569649 0.000 0.0883799 0.0685849 
-0.00397216 0.00788015 1.0000e+00 -6.826e+01 0.1572561 0.000 0.0887102 0.0685458 
-0.00409658 0.00788015 1.0001e+00 -6.882e+01 0.1578244 0.000 0.0888791 0.0689451 
-0.00185696 0.00812899 1.0000e+00 -7.716e+01 0.1652496 0.000 0.0938804 0.0713693 
-0.00198139 0.00812899 1.0000e+00 -7.557e+01 0.1639322 0.000 0.0929466 0.0709854 
-0.00210581 0.00812899 1.0000e+00 -7.411e+01 0.1624684 0.000 0.0925539 0.0699145 
-0.00223023 0.00812899 1.0000e+00 -7.284e+01 0.1612979 0.000 0.0919544 0.0693437 
-0.00235466 0.00812899 1.0001e+00 -7.172e+01 0.1606317 0.000 0.0907147 0.0699171 
-0.00247908 0.00812899 1.0000e+00 -7.073e+01 0.1597538 0.000 0.0901640 0.0695897 
-0.00260350 0.00812899 1.0001e+00 -6.985e+01 0.1589995 0.000 0.0896636 0.0693359 
-0.00272793 0.00812899 1.0000e+00 -6.914e+01 0.1583740 0.000 0.0892086 0.0691653 
-0.00285235 0.00812899 1.0000e+00 -6.853e+01 0.1578085 0.000 0.0888571 0.0689514 
-0.00297677 0.00812899 1.0001e+00 -6.804e+01 0.1573999 0.000 0.0885545 0.0688454 
-0.00310120 0.00812899 1.0000e+00 -6.766e+01 0.1569720 0.000 0.0884541 0.0685179 
-0.00322562 0.00812899 1.0001e+00 -6.739e+01 0.1567877 0.000 0.0881860 0.0686020 
-0.00335004 0.00812899 1.0000e+00 -6.724e+01 0.1566180 0.000 0.0881248 0.0684932 
-0.00347447 0.00812899 1.0001e+00 -6.718e+01 0.1565183 0.000 0.0881109 0.0684072 
-0.00359889 0.00812899 1.0000e+00 -6.726e+01 0.1565545 0.000 0.0880942 0.0684604 
-0.00372331 0.00812899 1.0001e+00 -6.741e+01 0.1566432 0.000 0.0881889 0.0684543 
-0.00384774 0.00812899 1.0001e+00 -6.769e+01 0.1568581 0.000 0.0883240 0.0685342 
-0.00397216 0.00812899 1.0000e+00 -6.809e+01 0.1571576 0.000 0.0885836 0.0685740 
-0.00409658 0.00812899 1.0001e+00 -6.857e+01 0.1576405 0.000 0.0887255 0.0689151 
-0.00185696 0.00837784 1.0000e+00 -7.812e+01 0.1659157 0.000 0.0947348 0.0711809 
-0.00198139 0.00837784 1.0000e+00 -7.644e+01 0.1645464 0.000 0.0937725 0.0707739 
-0.00210581 0.00837784 1.0000e+00 -7.493e+01 0.1634247 0.000 0.0925936 0.0708311 
-0.00223023 0.00837784 1.0001e+00 -7.359e+01 0.1622703 0.000 0.0917986 0.0704715 
-0.00235466 0.00837784 1.0000e+00 -7.238e+01 0.1612045 0.000 0.0911242 0.0700803 
-0.00247908 0.00837784 1.0000e+00 -7.133e+01 0.1603344 0.000 0.0904530 0.0698812 
-0.00260350 0.00837784 1.0000e+00 -7.040e+01 0.1595290 0.000 0.0899355 0.0695936 
-0.00272793 0.00837784 1.0000e+00 -6.960e+01 0.1587006 0.000 0.0896187 0.0690820 
-0.00285235 0.00837784 1.0001e+00 -6.894e+01 0.1581640 0.000 0.0891028 0.0690612 
-0.00297677 0.00837784 1.0001e+00 -6.838e+01 0.1577075 0.000 0.0887576 0.0689499 
-0.00310120 0.00837784 1.0000e+00 -6.795e+01 0.1573479 0.000 0.0885117 0.0688364 
-0.00322562 0.00837784 1.0000e+00 -6.763e+01 0.1569625 0.000 0.0884309 0.0685316 
-0.00335004 0.00837784 1.0001e+00 -6.740e+01 0.1567855 0.000 0.0882071 0.0685784 
-0.00347447 0.00837784 1.0001e+00 -6.730e+01 0.1566923 0.000 0.0881421 0.0685502 
-0.00359889 0.00837784 1.0001e+00 -6.729e+01 0.1566149 0.000 0.0881292 0.0684857 
-0.00372331 0.00837784 1.0000e+00 -6.741e+01 0.1566618 0.000 0.0882093 0.0684529 
-0.00384774 0.00837784 1.0001e+00 -6.761e+01 0.1568053 0.000 0.0882887 0.0685168 
-0.00397216 0.00837784 1.0001e+00 -6.794e+01 0.1570800 0.000 0.0884613 0.0686188 
-0.00409658 0.00837784 1.0000e+00 -6.838e+01 0.1574797 0.000 0.0886356 0.0688442 
-0.00185696 0.00862669 1.0000e+00 -7.914e+01 0.1669118 0.000 0.0950382 0.0718736 
-0.00198139 0.00862669 1.0000e+00 -7.737e+01 0.1654910 0.000 0.0939973 0.0714937 
-0.00210581 0.00862669 1.0000e+00 -7.580e+01 0.1641959 0.000 0.0930897 0.0711062 
-0.00223023 0.00862669 1.0000e+00 -7.438e+01 0.1629819 0.000 0.0922694 0.0707123 
-0.00235466 0.00862669 1.0000e+00 -7.310e+01 0.1618454 0.000 0.0915542 0.0702912 
-0.00247908 0.00862669 1.0000e+00 -7.196e+01 0.1605385 0.000 0.0914670 0.0690717 
-0.00260350 0.00862669 1.0000e+00 -7.099e+01 0.1600484 0.000 0.0903121 0.0697363 
-0.00272793 0.00862669 1.0001e+00 -7.011e+01 0.1591963 0.000 0.0898866 0.0693098 
-0.00285235 0.00862669 1.0001e+00 -6.938e+01 0.1585640 0.000 0.0893581 0.0692061 
-0.00297677 0.00862669 1.0000e+00 -6.877e+01 0.1577713 0.000 0.0894095 0.0683617 
-0.00310120 0.00862669 1.0000e+00 -6.829e+01 0.1576510 0.000 0.0887290 0.0689221 
-0.00322562 0.00862669 1.0000e+00 -6.790e+01 0.1572850 0.000 0.0885219 0.0687633 
-0.00335004 0.00862669 1.0000e+00 -6.763e+01 0.1570328 0.000 0.0883287 0.0687040 
-0.00347447 0.00862669 1.0001e+00 -6.745e+01 0.1568594 0.000 0.0882276 0.0686320 
-0.00359889 0.00862669 1.0001e+00 -6.739e+01 0.1567383 0.000 0.0882238 0.0685144 
-0.00372331 0.00862669 1.0001e+00 -6.744e+01 0.1567158 0.000 0.0882390 0.0684768 
-0.00384774 0.00862669 1.0001e+00 -6.759e+01 0.1568377 0.000 0.0882571 0.0685806 
-0.00397216 0.00862669 1.0001e+00 -6.786e+01 0.1570290 0.000 0.0884268 0.0686024 
-0.00409658 0.00862669 1.0000e+00 -6.824e+01 0.1573822 0.000 0.0885768 0.0688052 
-0.00185696 0.00887553 9.9998e-01 -8.020e+01 0.1676101 0.000 0.0961116 0.0714984 
-0.00198139 0.00887553 1.0000e+00 -7.835e+01 0.1661045 0.000 0.0950173 0.0710875 
-0.00210581 0.00887553 1.0000e+00 -7.667e+01 0.1646200 0.000 0.0943266 0.0702935 
-0.00223023 0.00887553 1.0000e+00 -7.516e+01 0.1633056 0.000 0.0935250 0.0697807 
-0.00235466 0.00887553 1.0001e+00 -7.385e+01 0.1625609 0.000 0.0919426 0.0706183 
-0.00247908 0.00887553 1.0000e+00 -7.266e+01 0.1614806 0.000 0.0913042 0.0701765 
-0.00260350 0.00887553 1.0000e+00 -7.160e+01 0.1606307 0.000 0.0906324 0.0699984 
-0.00272793 0.00887553 1.0000e+00 -7.068e+01 0.1597716 0.000 0.0901293 0.0696423 
-0.00285235 0.00887553 1.0001e+00 -6.986e+01 0.1589526 0.000 0.0897560 0.0691965 
-0.00297677 0.00887553 1.0001e+00 -6.919e+01 0.1584209 0.000 0.0892387 0.0691822 
-0.00310120 0.00887553 1.0000e+00 -6.866e+01 0.1579803 0.000 0.0889460 0.0690344 
-0.00322562 0.00887553 1.0001e+00 -6.821e+01 0.1575807 0.000 0.0886939 0.0688867 
-0.00335004 0.00887553 1.0001e+00 -6.787e+01 0.1572069 0.000 0.0885725 0.0686342 
-0.00347447 0.00887553 1.0001e+00 -6.764e+01 0.1569782 0.000 0.0884392 0.0685389 
-0.00359889 0.00887553 1.0001e+00 -6.753e+01 0.1568916 0.000 0.0882948 0.0685967 
-0.00372331 0.00887553 1.0000e+00 -6.753e+01 0.1568538 0.000 0.0882782 0.0685755 
-0.00384774 0.00887553 1.0000e+00 -6.762e+01 0.1568787 0.000 0.0883144 0.0685643 
-0.00397216 0.00887553 1.0001e+00 -6.782e+01 0.1569788 0.000 0.0884642 0.0685148 
-0.00409658 0.00887553 1.0000e+00 -6.813e+01 0.1572957 0.000 0.0885353 0.0687604 
