-0.00202286 0.00248847 1.0750e+00 -7.560e+03 193.037 0.000 
-0.00202286 0.00273731 1.0750e+00 -7.534e+03 192.805 0.000 
-0.00202286 0.00298616 1.0750e+00 -7.521e+03 192.696 0.000 
-0.00202286 0.00323501 1.0750e+00 -7.522e+03 192.744 0.000 
-0.00202286 0.00348385 1.0750e+00 -7.536e+03 192.920 0.000 
-0.00202286 0.00373270 1.0750e+00 -7.563e+03 193.222 0.000 
-0.00202286 0.00398155 1.0750e+00 -7.603e+03 193.647 0.000 
-0.00202286 0.00423039 1.0750e+00 -7.660e+03 194.208 0.000 
-0.00202286 0.00447924 1.0750e+00 -7.729e+03 194.892 0.000 
-0.00202286 0.00472809 1.0750e+00 -7.811e+03 195.702 0.000 
-0.00202286 0.00497693 1.0750e+00 -7.907e+03 196.606 0.000 
-0.00202286 0.00522578 1.0750e+00 -8.016e+03 197.596 0.000 
-0.00202286 0.00547463 1.0750e+00 -8.138e+03 198.750 0.000 
-0.00202286 0.00572347 1.0750e+00 -8.274e+03 200.061 0.000 
-0.00202286 0.00597232 1.0750e+00 -8.428e+03 201.542 0.000 
-0.00202286 0.00622117 1.0750e+00 -8.601e+03 203.234 0.000 
-0.00202286 0.00647002 1.0750e+00 -8.797e+03 205.143 0.000 
-0.00202286 0.00671886 1.0750e+00 -9.018e+03 207.201 0.000 
-0.00202286 0.00696771 1.0750e+00 -9.259e+03 209.360 0.000 
-0.00202286 0.00721656 1.0750e+00 -9.527e+03 211.642 0.000 
-0.00210581 0.00248847 1.0750e+00 -7.558e+03 193.017 0.000 
-0.00210581 0.00273731 1.0750e+00 -7.520e+03 192.675 0.000 
-0.00210581 0.00298616 1.0750e+00 -7.498e+03 192.489 0.000 
-0.00210581 0.00323501 1.0750e+00 -7.486e+03 192.405 0.000 
-0.00210581 0.00348385 1.0750e+00 -7.490e+03 192.489 0.000 
-0.00210581 0.00373270 1.0750e+00 -7.505e+03 192.668 0.000 
-0.00210581 0.00398155 1.0750e+00 -7.533e+03 192.978 0.000 
-0.00210581 0.00423039 1.0750e+00 -7.576e+03 193.434 0.000 
-0.00210581 0.00447924 1.0750e+00 -7.634e+03 194.011 0.000 
-0.00210581 0.00472809 1.0750e+00 -7.705e+03 194.717 0.000 
-0.00210581 0.00497693 1.0750e+00 -7.787e+03 195.545 0.000 
-0.00210581 0.00522578 1.0750e+00 -7.883e+03 196.411 0.000 
-0.00210581 0.00547463 1.0750e+00 -7.993e+03 197.451 0.000 
-0.00210581 0.00572347 1.0750e+00 -8.115e+03 198.587 0.000 
-0.00210581 0.00597232 1.0750e+00 -8.251e+03 199.923 0.000 
-0.00210581 0.00622117 1.0750e+00 -8.407e+03 201.448 0.000 
-0.00210581 0.00647002 1.0750e+00 -8.581e+03 203.194 0.000 
-0.00210581 0.00671886 1.0750e+00 -8.780e+03 205.128 0.000 
-0.00210581 0.00696771 1.0750e+00 -9.001e+03 207.145 0.000 
-0.00210581 0.00721656 1.0750e+00 -9.241e+03 209.312 0.000 
-0.00218876 0.00248847 1.0750e+00 -7.571e+03 193.168 0.000 
-0.00218876 0.00273731 1.0750e+00 -7.522e+03 192.708 0.000 
-0.00218876 0.00298616 1.0750e+00 -7.487e+03 192.391 0.000 
-0.00218876 0.00323501 1.0750e+00 -7.465e+03 192.210 0.000 
-0.00218876 0.00348385 1.0750e+00 -7.455e+03 192.145 0.000 
-0.00218876 0.00373270 1.0750e+00 -7.460e+03 192.232 0.000 
-0.00218876 0.00398155 1.0750e+00 -7.479e+03 192.461 0.000 
-0.00218876 0.00423039 1.0750e+00 -7.510e+03 192.807 0.000 
-0.00218876 0.00447924 1.0750e+00 -7.554e+03 193.271 0.000 
-0.00218876 0.00472809 1.0750e+00 -7.612e+03 193.862 0.000 
-0.00218876 0.00497693 1.0750e+00 -7.685e+03 194.592 0.000 
-0.00218876 0.00522578 1.0750e+00 -7.767e+03 195.388 0.000 
-0.00218876 0.00547463 1.0750e+00 -7.864e+03 196.286 0.000 
-0.00218876 0.00572347 1.0750e+00 -7.972e+03 197.299 0.000 
-0.00218876 0.00597232 1.0750e+00 -8.095e+03 198.488 0.000 
-0.00218876 0.00622117 1.0750e+00 -8.233e+03 199.830 0.000 
-0.00218876 0.00647002 1.0750e+00 -8.389e+03 201.411 0.000 
-0.00218876 0.00671886 1.0750e+00 -8.567e+03 203.180 0.000 
-0.00218876 0.00696771 1.0750e+00 -8.765e+03 205.135 0.000 
-0.00218876 0.00721656 1.0750e+00 -8.986e+03 207.139 0.000 
-0.00227171 0.00248847 1.0750e+00 -7.595e+03 193.437 0.000 
-0.00227171 0.00273731 1.0750e+00 -7.536e+03 192.872 0.000 
-0.00227171 0.00298616 1.0750e+00 -7.491e+03 192.439 0.000 
-0.00227171 0.00323501 1.0750e+00 -7.458e+03 192.162 0.000 
-0.00227171 0.00348385 1.0750e+00 -7.437e+03 191.988 0.000 
-0.00227171 0.00373270 1.0750e+00 -7.431e+03 191.965 0.000 
-0.00227171 0.00398155 1.0750e+00 -7.436e+03 192.065 0.000 
-0.00227171 0.00423039 1.0750e+00 -7.456e+03 192.306 0.000 
-0.00227171 0.00447924 1.0750e+00 -7.489e+03 192.663 0.000 
-0.00227171 0.00472809 1.0750e+00 -7.535e+03 193.157 0.000 
-0.00227171 0.00497693 1.0750e+00 -7.594e+03 193.761 0.000 
-0.00227171 0.00522578 1.0750e+00 -7.668e+03 194.481 0.000 
-0.00227171 0.00547463 1.0750e+00 -7.752e+03 195.275 0.000 
-0.00227171 0.00572347 1.0750e+00 -7.848e+03 196.188 0.000 
-0.00227171 0.00597232 1.0750e+00 -7.957e+03 197.217 0.000 
-0.00227171 0.00622117 1.0750e+00 -8.080e+03 198.428 0.000 
-0.00227171 0.00647002 1.0750e+00 -8.220e+03 199.825 0.000 
-0.00227171 0.00671886 1.0750e+00 -8.377e+03 201.411 0.000 
-0.00227171 0.00696771 1.0750e+00 -8.557e+03 203.233 0.000 
-0.00227171 0.00721656 1.0750e+00 -8.757e+03 205.141 0.000 
-0.00235466 0.00248847 1.0750e+00 -7.636e+03 193.836 0.000 
-0.00235466 0.00273731 1.0750e+00 -7.565e+03 193.158 0.000 
-0.00235466 0.00298616 1.0750e+00 -7.508e+03 192.615 0.000 
-0.00235466 0.00323501 1.0750e+00 -7.464e+03 192.221 0.000 
-0.00235466 0.00348385 1.0750e+00 -7.433e+03 191.936 0.000 
-0.00235466 0.00373270 1.0750e+00 -7.415e+03 191.801 0.000 
-0.00235466 0.00398155 1.0750e+00 -7.409e+03 191.796 0.000 
-0.00235466 0.00423039 1.0750e+00 -7.418e+03 191.936 0.000 
-0.00235466 0.00447924 1.0750e+00 -7.438e+03 192.191 0.000 
-0.00235466 0.00472809 1.0750e+00 -7.472e+03 192.579 0.000 
-0.00235466 0.00497693 1.0750e+00 -7.522e+03 193.086 0.000 
-0.00235466 0.00522578 1.0750e+00 -7.582e+03 193.694 0.000 
-0.00235466 0.00547463 1.0750e+00 -7.654e+03 194.403 0.000 
-0.00235466 0.00572347 1.0750e+00 -7.740e+03 195.191 0.000 
-0.00235466 0.00597232 1.0750e+00 -7.836e+03 196.127 0.000 
-0.00235466 0.00622117 1.0750e+00 -7.945e+03 197.153 0.000 
-0.00235466 0.00647002 1.0750e+00 -8.070e+03 198.388 0.000 
-0.00235466 0.00671886 1.0750e+00 -8.210e+03 199.825 0.000 
-0.00235466 0.00696771 1.0750e+00 -8.372e+03 201.464 0.000 
-0.00235466 0.00721656 1.0750e+00 -8.550e+03 203.262 0.000 
-0.00243761 0.00248847 1.0750e+00 -7.691e+03 194.358 0.000 
-0.00243761 0.00273731 1.0750e+00 -7.607e+03 193.564 0.000 
-0.00243761 0.00298616 1.0750e+00 -7.540e+03 192.924 0.000 
-0.00243761 0.00323501 1.0750e+00 -7.485e+03 192.418 0.000 
-0.00243761 0.00348385 1.0750e+00 -7.444e+03 192.053 0.000 
-0.00243761 0.00373270 1.0750e+00 -7.414e+03 191.796 0.000 
-0.00243761 0.00398155 1.0750e+00 -7.398e+03 191.671 0.000 
-0.00243761 0.00423039 1.0750e+00 -7.394e+03 191.697 0.000 
-0.00243761 0.00447924 1.0750e+00 -7.403e+03 191.842 0.000 
-0.00243761 0.00472809 1.0750e+00 -7.426e+03 192.136 0.000 
-0.00243761 0.00497693 1.0750e+00 -7.462e+03 192.534 0.000 
-0.00243761 0.00522578 1.0750e+00 -7.512e+03 193.068 0.000 
-0.00243761 0.00547463 1.0750e+00 -7.573e+03 193.687 0.000 
-0.00243761 0.00572347 1.0750e+00 -7.648e+03 194.397 0.000 
-0.00243761 0.00597232 1.0750e+00 -7.734e+03 195.195 0.000 
-0.00243761 0.00622117 1.0750e+00 -7.830e+03 196.113 0.000 
-0.00243761 0.00647002 1.0750e+00 -7.940e+03 197.176 0.000 
-0.00243761 0.00671886 1.0750e+00 -8.066e+03 198.448 0.000 
-0.00243761 0.00696771 1.0750e+00 -8.209e+03 199.890 0.000 
-0.00243761 0.00721656 1.0750e+00 -8.370e+03 201.567 0.000 
-0.00252056 0.00248847 1.0750e+00 -7.758e+03 195.007 0.000 
-0.00252056 0.00273731 1.0750e+00 -7.664e+03 194.084 0.000 
-0.00252056 0.00298616 1.0750e+00 -7.583e+03 193.312 0.000 
-0.00252056 0.00323501 1.0750e+00 -7.518e+03 192.704 0.000 
-0.00252056 0.00348385 1.0750e+00 -7.466e+03 192.259 0.000 
-0.00252056 0.00373270 1.0750e+00 -7.427e+03 191.902 0.000 
-0.00252056 0.00398155 1.0750e+00 -7.400e+03 191.679 0.000 
-0.00252056 0.00423039 1.0750e+00 -7.384e+03 191.582 0.000 
-0.00252056 0.00447924 1.0750e+00 -7.384e+03 191.629 0.000 
-0.00252056 0.00472809 1.0750e+00 -7.394e+03 191.803 0.000 
-0.00252056 0.00497693 1.0750e+00 -7.419e+03 192.127 0.000 
-0.00252056 0.00522578 1.0750e+00 -7.458e+03 192.553 0.000 
-0.00252056 0.00547463 1.0750e+00 -7.508e+03 193.070 0.000 
-0.00252056 0.00572347 1.0750e+00 -7.571e+03 193.724 0.000 
-0.00252056 0.00597232 1.0750e+00 -7.645e+03 194.406 0.000 
-0.00252056 0.00622117 1.0750e+00 -7.732e+03 195.230 0.000 
-0.00252056 0.00647002 1.0750e+00 -7.827e+03 196.163 0.000 
-0.00252056 0.00671886 1.0750e+00 -7.939e+03 197.252 0.000 
-0.00252056 0.00696771 1.0750e+00 -8.067e+03 198.538 0.000 
-0.00252056 0.00721656 1.0750e+00 -8.211e+03 200.010 0.000 
-0.00260350 0.00248847 1.0750e+00 -7.842e+03 195.742 0.000 
-0.00260350 0.00273731 1.0750e+00 -7.735e+03 194.721 0.000 
-0.00260350 0.00298616 1.0750e+00 -7.641e+03 193.832 0.000 
-0.00260350 0.00323501 1.0750e+00 -7.565e+03 193.114 0.000 
-0.00260350 0.00348385 1.0750e+00 -7.502e+03 192.574 0.000 
-0.00260350 0.00373270 1.0750e+00 -7.452e+03 192.120 0.000 
-0.00260350 0.00398155 1.0750e+00 -7.414e+03 191.792 0.000 
-0.00260350 0.00423039 1.0750e+00 -7.389e+03 191.596 0.000 
-0.00260350 0.00447924 1.0750e+00 -7.377e+03 191.536 0.000 
-0.00260350 0.00472809 1.0750e+00 -7.376e+03 191.614 0.000 
-0.00260350 0.00497693 1.0750e+00 -7.391e+03 191.829 0.000 
-0.00260350 0.00522578 1.0750e+00 -7.417e+03 192.151 0.000 
-0.00260350 0.00547463 1.0750e+00 -7.457e+03 192.613 0.000 
-0.00260350 0.00572347 1.0750e+00 -7.509e+03 193.146 0.000 
-0.00260350 0.00597232 1.0750e+00 -7.573e+03 193.777 0.000 
-0.00260350 0.00622117 1.0750e+00 -7.648e+03 194.498 0.000 
-0.00260350 0.00647002 1.0750e+00 -7.733e+03 195.299 0.000 
-0.00260350 0.00671886 1.0750e+00 -7.832e+03 196.264 0.000 
-0.00260350 0.00696771 1.0750e+00 -7.944e+03 197.385 0.000 
-0.00260350 0.00721656 1.0750e+00 -8.076e+03 198.708 0.000 
-0.00268645 0.00248847 1.0750e+00 -7.944e+03 196.657 0.000 
-0.00268645 0.00273731 1.0750e+00 -7.819e+03 195.480 0.000 
-0.00268645 0.00298616 1.0750e+00 -7.714e+03 194.478 0.000 
-0.00268645 0.00323501 1.0750e+00 -7.625e+03 193.641 0.000 
-0.00268645 0.00348385 1.0750e+00 -7.549e+03 192.966 0.000 
-0.00268645 0.00373270 1.0750e+00 -7.490e+03 192.451 0.000 
-0.00268645 0.00398155 1.0750e+00 -7.442e+03 192.031 0.000 
-0.00268645 0.00423039 1.0750e+00 -7.408e+03 191.740 0.000 
-0.00268645 0.00447924 1.0750e+00 -7.385e+03 191.581 0.000 
-0.00268645 0.00472809 1.0750e+00 -7.375e+03 191.550 0.000 
-0.00268645 0.00497693 1.0750e+00 -7.377e+03 191.654 0.000 
-0.00268645 0.00522578 1.0750e+00 -7.391e+03 191.870 0.000 
-0.00268645 0.00547463 1.0750e+00 -7.420e+03 192.221 0.000 
-0.00268645 0.00572347 1.0750e+00 -7.460e+03 192.677 0.000 
-0.00268645 0.00597232 1.0750e+00 -7.513e+03 193.230 0.000 
-0.00268645 0.00622117 1.0750e+00 -7.579e+03 193.881 0.000 
-0.00268645 0.00647002 1.0750e+00 -7.654e+03 194.582 0.000 
-0.00268645 0.00671886 1.0750e+00 -7.740e+03 195.423 0.000 
-0.00268645 0.00696771 1.0750e+00 -7.841e+03 196.422 0.000 
-0.00268645 0.00721656 1.0750e+00 -7.958e+03 197.576 0.000 
-0.00276940 0.00248847 1.0750e+00 -8.062e+03 197.699 0.000 
-0.00276940 0.00273731 1.0750e+00 -7.921e+03 196.375 0.000 
-0.00276940 0.00298616 1.0750e+00 -7.800e+03 195.245 0.000 
-0.00276940 0.00323501 1.0750e+00 -7.698e+03 194.290 0.000 
-0.00276940 0.00348385 1.0750e+00 -7.612e+03 193.501 0.000 
-0.00276940 0.00373270 1.0750e+00 -7.540e+03 192.863 0.000 
-0.00276940 0.00398155 1.0750e+00 -7.481e+03 192.373 0.000 
-0.00276940 0.00423039 1.0750e+00 -7.437e+03 191.983 0.000 
-0.00276940 0.00447924 1.0750e+00 -7.404e+03 191.706 0.000 
-0.00276940 0.00472809 1.0750e+00 -7.383e+03 191.553 0.000 
-0.00276940 0.00497693 1.0750e+00 -7.374e+03 191.562 0.000 
-0.00276940 0.00522578 1.0750e+00 -7.379e+03 191.703 0.000 
-0.00276940 0.00547463 1.0750e+00 -7.396e+03 191.949 0.000 
-0.00276940 0.00572347 1.0750e+00 -7.427e+03 192.336 0.000 
-0.00276940 0.00597232 1.0750e+00 -7.469e+03 192.796 0.000 
-0.00276940 0.00622117 1.0750e+00 -7.523e+03 193.361 0.000 
-0.00276940 0.00647002 1.0750e+00 -7.589e+03 194.017 0.000 
-0.00276940 0.00671886 1.0750e+00 -7.665e+03 194.731 0.000 
-0.00276940 0.00696771 1.0750e+00 -7.753e+03 195.592 0.000 
-0.00276940 0.00721656 1.0750e+00 -7.858e+03 196.629 0.000 
-0.00285235 0.00248847 1.0750e+00 -8.199e+03 198.898 0.000 
-0.00285235 0.00273731 1.0750e+00 -8.042e+03 197.439 0.000 
-0.00285235 0.00298616 1.0750e+00 -7.906e+03 196.173 0.000 
-0.00285235 0.00323501 1.0750e+00 -7.786e+03 195.066 0.000 
-0.00285235 0.00348385 1.0750e+00 -7.687e+03 194.140 0.000 
-0.00285235 0.00373270 1.0750e+00 -7.602e+03 193.391 0.000 
-0.00285235 0.00398155 1.0750e+00 -7.534e+03 192.799 0.000 
-0.00285235 0.00423039 1.0750e+00 -7.480e+03 192.330 0.000 
-0.00285235 0.00447924 1.0750e+00 -7.435e+03 191.947 0.000 
-0.00285235 0.00472809 1.0750e+00 -7.405e+03 191.708 0.000 
-0.00285235 0.00497693 1.0750e+00 -7.386e+03 191.610 0.000 
-0.00285235 0.00522578 1.0750e+00 -7.381e+03 191.650 0.000 
-0.00285235 0.00547463 1.0750e+00 -7.387e+03 191.809 0.000 
-0.00285235 0.00572347 1.0750e+00 -7.406e+03 192.087 0.000 
-0.00285235 0.00597232 1.0750e+00 -7.438e+03 192.459 0.000 
-0.00285235 0.00622117 1.0750e+00 -7.481e+03 192.951 0.000 
-0.00285235 0.00647002 1.0750e+00 -7.537e+03 193.532 0.000 
-0.00285235 0.00671886 1.0750e+00 -7.604e+03 194.199 0.000 
-0.00285235 0.00696771 1.0750e+00 -7.679e+03 194.949 0.000 
-0.00285235 0.00721656 1.0750e+00 -7.770e+03 195.838 0.000 
-0.00293530 0.00248847 1.0750e+00 -8.362e+03 200.305 0.000 
-0.00293530 0.00273731 1.0750e+00 -8.183e+03 198.671 0.000 
-0.00293530 0.00298616 1.0750e+00 -8.027e+03 197.216 0.000 
-0.00293530 0.00323501 1.0750e+00 -7.892e+03 195.982 0.000 
-0.00293530 0.00348385 1.0750e+00 -7.776e+03 194.923 0.000 
-0.00293530 0.00373270 1.0750e+00 -7.678e+03 194.037 0.000 
-0.00293530 0.00398155 1.0750e+00 -7.597e+03 193.339 0.000 
-0.00293530 0.00423039 1.0750e+00 -7.532e+03 192.769 0.000 
-0.00293530 0.00447924 1.0750e+00 -7.479e+03 192.323 0.000 
-0.00293530 0.00472809 1.0750e+00 -7.438e+03 191.972 0.000 
-0.00293530 0.00497693 1.0750e+00 -7.410e+03 191.768 0.000 
-0.00293530 0.00522578 1.0750e+00 -7.392e+03 191.664 0.000 
-0.00293530 0.00547463 1.0750e+00 -7.389e+03 191.737 0.000 
-0.00293530 0.00572347 1.0750e+00 -7.398e+03 191.925 0.000 
-0.00293530 0.00597232 1.0750e+00 -7.419e+03 192.229 0.000 
-0.00293530 0.00622117 1.0750e+00 -7.452e+03 192.630 0.000 
-0.00293530 0.00647002 1.0750e+00 -7.497e+03 193.136 0.000 
-0.00293530 0.00671886 1.0750e+00 -7.554e+03 193.722 0.000 
-0.00293530 0.00696771 1.0750e+00 -7.622e+03 194.397 0.000 
-0.00293530 0.00721656 1.0750e+00 -7.702e+03 195.185 0.000 
-0.00301825 0.00248847 1.0750e+00 -8.545e+03 201.921 0.000 
-0.00301825 0.00273731 1.0750e+00 -8.344e+03 200.085 0.000 
-0.00301825 0.00298616 1.0750e+00 -8.170e+03 198.485 0.000 
-0.00301825 0.00323501 1.0750e+00 -8.016e+03 197.038 0.000 
-0.00301825 0.00348385 1.0750e+00 -7.883e+03 195.847 0.000 
-0.00301825 0.00373270 1.0750e+00 -7.772e+03 194.847 0.000 
-0.00301825 0.00398155 1.0750e+00 -7.676e+03 193.986 0.000 
-0.00301825 0.00423039 1.0750e+00 -7.597e+03 193.303 0.000 
-0.00301825 0.00447924 1.0750e+00 -7.533e+03 192.757 0.000 
-0.00301825 0.00472809 1.0750e+00 -7.482e+03 192.317 0.000 
-0.00301825 0.00497693 1.0750e+00 -7.443e+03 192.022 0.000 
-0.00301825 0.00522578 1.0750e+00 -7.417e+03 191.838 0.000 
-0.00301825 0.00547463 1.0750e+00 -7.403e+03 191.785 0.000 
-0.00301825 0.00572347 1.0750e+00 -7.401e+03 191.868 0.000 
-0.00301825 0.00597232 1.0750e+00 -7.412e+03 192.086 0.000 
-0.00301825 0.00622117 1.0750e+00 -7.434e+03 192.402 0.000 
-0.00301825 0.00647002 1.0750e+00 -7.470e+03 192.833 0.000 
-0.00301825 0.00671886 1.0750e+00 -7.517e+03 193.352 0.000 
-0.00301825 0.00696771 1.0750e+00 -7.573e+03 193.935 0.000 
-0.00301825 0.00721656 1.0750e+00 -7.643e+03 194.644 0.000 
-0.00310120 0.00248847 1.0750e+00 -8.759e+03 203.736 0.000 
-0.00310120 0.00273731 1.0750e+00 -8.533e+03 201.710 0.000 
-0.00310120 0.00298616 1.0750e+00 -8.334e+03 199.893 0.000 
-0.00310120 0.00323501 1.0750e+00 -8.161e+03 198.290 0.000 
-0.00310120 0.00348385 1.0750e+00 -8.011e+03 196.921 0.000 
-0.00310120 0.00373270 1.0750e+00 -7.879e+03 195.745 0.000 
-0.00310120 0.00398155 1.0750e+00 -7.771e+03 194.791 0.000 
-0.00310120 0.00423039 1.0750e+00 -7.678e+03 193.991 0.000 
-0.00310120 0.00447924 1.0750e+00 -7.600e+03 193.321 0.000 
-0.00310120 0.00472809 1.0750e+00 -7.538e+03 192.813 0.000 
-0.00310120 0.00497693 1.0750e+00 -7.489e+03 192.381 0.000 
-0.00310120 0.00522578 1.0750e+00 -7.453e+03 192.107 0.000 
-0.00310120 0.00547463 1.0750e+00 -7.428e+03 191.959 0.000 
-0.00310120 0.00572347 1.0750e+00 -7.416e+03 191.944 0.000 
-0.00310120 0.00597232 1.0750e+00 -7.416e+03 192.033 0.000 
-0.00310120 0.00622117 1.0750e+00 -7.428e+03 192.268 0.000 
-0.00310120 0.00647002 1.0750e+00 -7.454e+03 192.616 0.000 
-0.00310120 0.00671886 1.0750e+00 -7.491e+03 193.047 0.000 
-0.00310120 0.00696771 1.0750e+00 -7.538e+03 193.576 0.000 
-0.00310120 0.00721656 1.0750e+00 -7.598e+03 194.183 0.000 
-0.00318415 0.00248847 1.0750e+00 -9.004e+03 205.805 0.000 
-0.00318415 0.00273731 1.0750e+00 -8.748e+03 203.535 0.000 
-0.00318415 0.00298616 1.0750e+00 -8.524e+03 201.537 0.000 
-0.00318415 0.00323501 1.0750e+00 -8.327e+03 199.737 0.000 
-0.00318415 0.00348385 1.0750e+00 -8.157e+03 198.173 0.000 
-0.00318415 0.00373270 1.0750e+00 -8.007e+03 196.819 0.000 
-0.00318415 0.00398155 1.0750e+00 -7.880e+03 195.693 0.000 
-0.00318415 0.00423039 1.0750e+00 -7.774e+03 194.773 0.000 
-0.00318415 0.00447924 1.0750e+00 -7.682e+03 194.011 0.000 
-0.00318415 0.00472809 1.0750e+00 -7.609e+03 193.372 0.000 
-0.00318415 0.00497693 1.0750e+00 -7.548e+03 192.869 0.000 
-0.00318415 0.00522578 1.0750e+00 -7.500e+03 192.480 0.000 
-0.00318415 0.00547463 1.0750e+00 -7.466e+03 192.245 0.000 
-0.00318415 0.00572347 1.0750e+00 -7.443e+03 192.113 0.000 
-0.00318415 0.00597232 1.0750e+00 -7.432e+03 192.118 0.000 
-0.00318415 0.00622117 1.0750e+00 -7.434e+03 192.225 0.000 
-0.00318415 0.00647002 1.0750e+00 -7.449e+03 192.484 0.000 
-0.00318415 0.00671886 1.0750e+00 -7.476e+03 192.836 0.000 
-0.00318415 0.00696771 1.0750e+00 -7.514e+03 193.288 0.000 
-0.00318415 0.00721656 1.0750e+00 -7.564e+03 193.847 0.000 
-0.00326710 0.00248847 1.0750e+00 -9.279e+03 208.120 0.000 
-0.00326710 0.00273731 1.0750e+00 -8.992e+03 205.596 0.000 
-0.00326710 0.00298616 1.0750e+00 -8.741e+03 203.373 0.000 
-0.00326710 0.00323501 1.0750e+00 -8.520e+03 201.409 0.000 
-0.00326710 0.00348385 1.0750e+00 -8.325e+03 199.614 0.000 
-0.00326710 0.00373270 1.0750e+00 -8.157e+03 198.086 0.000 
-0.00326710 0.00398155 1.0750e+00 -8.011e+03 196.789 0.000 
-0.00326710 0.00423039 1.0750e+00 -7.886e+03 195.711 0.000 
-0.00326710 0.00447924 1.0750e+00 -7.781e+03 194.816 0.000 
-0.00326710 0.00472809 1.0750e+00 -7.693e+03 194.062 0.000 
-0.00326710 0.00497693 1.0750e+00 -7.620e+03 193.468 0.000 
-0.00326710 0.00522578 1.0750e+00 -7.561e+03 193.005 0.000 
-0.00326710 0.00547463 1.0750e+00 -7.515e+03 192.644 0.000 
-0.00326710 0.00572347 1.0750e+00 -7.482e+03 192.401 0.000 
-0.00326710 0.00597232 1.0750e+00 -7.461e+03 192.318 0.000 
-0.00326710 0.00622117 1.0750e+00 -7.452e+03 192.322 0.000 
-0.00326710 0.00647002 1.0750e+00 -7.458e+03 192.482 0.000 
-0.00326710 0.00671886 1.0750e+00 -7.474e+03 192.695 0.000 
-0.00326710 0.00696771 1.0750e+00 -7.503e+03 193.059 0.000 
-0.00326710 0.00721656 1.0750e+00 -7.541e+03 193.521 0.000 
-0.00335004 0.00248847 1.0750e+00 -9.597e+03 210.689 0.000 
-0.00335004 0.00273731 1.0750e+00 -9.271e+03 207.907 0.000 
-0.00335004 0.00298616 1.0750e+00 -8.985e+03 205.429 0.000 
-0.00335004 0.00323501 1.0750e+00 -8.737e+03 203.240 0.000 
-0.00335004 0.00348385 1.0750e+00 -8.520e+03 201.302 0.000 
-0.00335004 0.00373270 1.0750e+00 -8.329e+03 199.580 0.000 
-0.00335004 0.00398155 1.0750e+00 -8.161e+03 198.039 0.000 
-0.00335004 0.00423039 1.0750e+00 -8.017e+03 196.812 0.000 
-0.00335004 0.00447924 1.0750e+00 -7.895e+03 195.745 0.000 
-0.00335004 0.00472809 1.0750e+00 -7.793e+03 194.891 0.000 
-0.00335004 0.00497693 1.0750e+00 -7.705e+03 194.178 0.000 
-0.00335004 0.00522578 1.0750e+00 -7.636e+03 193.584 0.000 
-0.00335004 0.00547463 1.0750e+00 -7.577e+03 193.130 0.000 
-0.00335004 0.00572347 1.0750e+00 -7.534e+03 192.829 0.000 
-0.00335004 0.00597232 1.0750e+00 -7.501e+03 192.616 0.000 
-0.00335004 0.00622117 1.0750e+00 -7.483e+03 192.522 0.000 
-0.00335004 0.00647002 1.0750e+00 -7.476e+03 192.576 0.000 
-0.00335004 0.00671886 1.0750e+00 -7.483e+03 192.712 0.000 
-0.00335004 0.00696771 1.0750e+00 -7.501e+03 192.969 0.000 
-0.00335004 0.00721656 1.0750e+00 -7.532e+03 193.347 0.000 
-0.00343299 0.00248847 1.0750e+00 -9.954e+03 213.568 0.000 
-0.00343299 0.00273731 1.0750e+00 -9.586e+03 210.433 0.000 
-0.00343299 0.00298616 1.0750e+00 -9.264e+03 207.688 0.000 
-0.00343299 0.00323501 1.0750e+00 -8.985e+03 205.312 0.000 
-0.00343299 0.00348385 1.0750e+00 -8.740e+03 203.163 0.000 
-0.00343299 0.00373270 1.0750e+00 -8.523e+03 201.228 0.000 
-0.00343299 0.00398155 1.0750e+00 -8.335e+03 199.533 0.000 
-0.00343299 0.00423039 1.0750e+00 -8.171e+03 198.060 0.000 
-0.00343299 0.00447924 1.0750e+00 -8.031e+03 196.881 0.000 
-0.00343299 0.00472809 1.0750e+00 -7.910e+03 195.847 0.000 
-0.00343299 0.00497693 1.0750e+00 -7.809e+03 195.017 0.000 
-0.00343299 0.00522578 1.0750e+00 -7.724e+03 194.304 0.000 
-0.00343299 0.00547463 1.0750e+00 -7.655e+03 193.764 0.000 
-0.00343299 0.00572347 1.0750e+00 -7.600e+03 193.345 0.000 
-0.00343299 0.00597232 1.0750e+00 -7.557e+03 193.054 0.000 
-0.00343299 0.00622117 1.0750e+00 -7.526e+03 192.837 0.000 
-0.00343299 0.00647002 1.0750e+00 -7.509e+03 192.772 0.000 
-0.00343299 0.00671886 1.0750e+00 -7.505e+03 192.842 0.000 
-0.00343299 0.00696771 1.0750e+00 -7.513e+03 192.994 0.000 
-0.00343299 0.00721656 1.0750e+00 -7.533e+03 193.281 0.000 
-0.00351594 0.00248847 1.0750e+00 -1.036e+04 216.792 0.000 
-0.00351594 0.00273731 1.0750e+00 -9.940e+03 213.238 0.000 
-0.00351594 0.00298616 1.0750e+00 -9.579e+03 210.201 0.000 
-0.00351594 0.00323501 1.0750e+00 -9.264e+03 207.543 0.000 
-0.00351594 0.00348385 1.0750e+00 -8.987e+03 205.194 0.000 
-0.00351594 0.00373270 1.0750e+00 -8.746e+03 203.086 0.000 
-0.00351594 0.00398155 1.0750e+00 -8.533e+03 201.207 0.000 
-0.00351594 0.00423039 1.0750e+00 -8.346e+03 199.538 0.000 
-0.00351594 0.00447924 1.0750e+00 -8.185e+03 198.120 0.000 
-0.00351594 0.00472809 1.0750e+00 -8.048e+03 196.957 0.000 
-0.00351594 0.00497693 1.0750e+00 -7.930e+03 195.964 0.000 
-0.00351594 0.00522578 1.0750e+00 -7.830e+03 195.161 0.000 
-0.00351594 0.00547463 1.0750e+00 -7.746e+03 194.480 0.000 
-0.00351594 0.00572347 1.0750e+00 -7.679e+03 193.976 0.000 
-0.00351594 0.00597232 1.0750e+00 -7.624e+03 193.549 0.000 
-0.00351594 0.00622117 1.0750e+00 -7.582e+03 193.290 0.000 
-0.00351594 0.00647002 1.0750e+00 -7.555e+03 193.147 0.000 
-0.00351594 0.00671886 1.0750e+00 -7.540e+03 193.091 0.000 
-0.00351594 0.00696771 1.0750e+00 -7.538e+03 193.167 0.000 
-0.00351594 0.00721656 1.0750e+00 -7.547e+03 193.344 0.000 
-0.00359889 0.00248847 1.0750e+00 -1.082e+04 220.371 0.000 
-0.00359889 0.00273731 1.0750e+00 -1.034e+04 216.407 0.000 
-0.00359889 0.00298616 1.0750e+00 -9.932e+03 212.979 0.000 
-0.00359889 0.00323501 1.0750e+00 -9.576e+03 210.009 0.000 
-0.00359889 0.00348385 1.0750e+00 -9.265e+03 207.396 0.000 
-0.00359889 0.00373270 1.0750e+00 -8.994e+03 205.132 0.000 
-0.00359889 0.00398155 1.0750e+00 -8.755e+03 203.049 0.000 
-0.00359889 0.00423039 1.0750e+00 -8.545e+03 201.197 0.000 
-0.00359889 0.00447924 1.0750e+00 -8.362e+03 199.589 0.000 
-0.00359889 0.00472809 1.0750e+00 -8.204e+03 198.222 0.000 
-0.00359889 0.00497693 1.0750e+00 -8.069e+03 197.072 0.000 
-0.00359889 0.00522578 1.0750e+00 -7.954e+03 196.138 0.000 
-0.00359889 0.00547463 1.0750e+00 -7.856e+03 195.356 0.000 
-0.00359889 0.00572347 1.0750e+00 -7.774e+03 194.734 0.000 
-0.00359889 0.00597232 1.0750e+00 -7.708e+03 194.217 0.000 
-0.00359889 0.00622117 1.0750e+00 -7.654e+03 193.843 0.000 
-0.00359889 0.00647002 1.0750e+00 -7.614e+03 193.615 0.000 
-0.00359889 0.00671886 1.0750e+00 -7.588e+03 193.445 0.000 
-0.00359889 0.00696771 1.0750e+00 -7.575e+03 193.445 0.000 
-0.00359889 0.00721656 1.0750e+00 -7.574e+03 193.536 0.000 
