#------------------------------------------------------------------------------------------------------------------
# M/Ms    log t(yr)  Teff     L/Ls    g   R/Rs Log(Li/Li0) log Tc  log ROc   Mrad     Rrad       k2conv      k2rad
#-------------------------------------------------------------------------------------------------------------------
 0.900     5.692710     4315.   0.436  3.449  2.960   0.0000   6.377  -0.5246  0.0000   0.000e+00  4.477e-01  0.000e+00
 0.900     5.699402     4315.   0.432  3.454  2.944   0.0000   6.379  -0.5176  0.0000   0.000e+00  4.477e-01  0.000e+00
 0.900     5.712818     4314.   0.422  3.464  2.912   0.0000   6.384  -0.5035  0.0000   0.000e+00  4.478e-01  0.000e+00
 0.900     5.719543     4314.   0.417  3.468  2.896   0.0000   6.386  -0.4965  0.0000   0.000e+00  4.479e-01  0.000e+00
 0.900     5.733023     4313.   0.407  3.478  2.864   0.0000   6.391  -0.4825  0.0000   0.000e+00  4.480e-01  0.000e+00
 0.900     5.739781     4313.   0.402  3.483  2.848   0.0000   6.393  -0.4754  0.0000   0.000e+00  4.480e-01  0.000e+00
 0.900     5.753321     4312.   0.392  3.492  2.817   0.0000   6.398  -0.4614  0.0000   0.000e+00  4.481e-01  0.000e+00
 0.900     5.760107     4311.   0.387  3.497  2.801   0.0000   6.400  -0.4543  0.0000   0.000e+00  4.482e-01  0.000e+00
 0.900     5.773706     4310.   0.377  3.507  2.771   0.0000   6.405  -0.4403  0.0000   0.000e+00  4.483e-01  0.000e+00
 0.900     5.780520     4310.   0.372  3.511  2.755   0.0000   6.407  -0.4333  0.0000   0.000e+00  4.483e-01  0.000e+00
 0.900     5.794175     4309.   0.362  3.521  2.725   0.0000   6.412  -0.4192  0.0000   0.000e+00  4.484e-01  0.000e+00
 0.900     5.801016     4308.   0.357  3.526  2.710   0.0000   6.414  -0.4122  0.0000   0.000e+00  4.485e-01  0.000e+00
 0.900     5.814723     4307.   0.347  3.535  2.680   0.0000   6.419  -0.3981  0.0000   0.000e+00  4.486e-01  0.000e+00
 0.900     5.821590     4306.   0.342  3.540  2.666   0.0000   6.421  -0.3911  0.0000   0.000e+00  4.486e-01  0.000e+00
 0.900     5.835347     4305.   0.332  3.550  2.636   0.0000   6.426  -0.3771  0.0000   0.000e+00  4.487e-01  0.000e+00
 0.900     5.842238     4305.   0.327  3.555  2.622   0.0000   6.428  -0.3700  0.0000   0.000e+00  4.487e-01  0.000e+00
 0.900     5.849136     4304.   0.322  3.559  2.608   0.0000   6.430  -0.3630  0.0000   0.000e+00  4.488e-01  0.000e+00
 0.900     5.862956     4303.   0.312  3.569  2.579   0.0000   6.435  -0.3490  0.0000   0.000e+00  4.489e-01  0.000e+00
 0.900     5.869878     4302.   0.307  3.574  2.565   0.0000   6.437  -0.3419  0.0000   0.000e+00  4.489e-01  0.000e+00
 0.900     5.883745     4301.   0.297  3.583  2.537   0.0000   6.442  -0.3279  0.0000   0.000e+00  4.490e-01  0.000e+00
 0.900     5.890689     4300.   0.291  3.588  2.523   0.0000   6.444  -0.3208  0.0000   0.000e+00  4.491e-01  0.000e+00
 0.900     5.904601     4299.   0.281  3.598  2.495   0.0000   6.449  -0.3067  0.0000   0.000e+00  4.492e-01  0.000e+00
 0.900     5.911568     4298.   0.276  3.602  2.481   0.0000   6.451  -0.2997  0.0000   0.000e+00  4.492e-01  0.000e+00
 0.900     5.925524     4297.   0.266  3.612  2.454   0.0000   6.456  -0.2856  0.0000   0.000e+00  4.493e-01  0.000e+00
 0.900     5.932512     4296.   0.261  3.617  2.441   0.0000   6.458  -0.2786  0.0000   0.000e+00  4.494e-01  0.000e+00
 0.900     5.939508     4296.   0.256  3.622  2.427   0.0000   6.460  -0.2715  0.0000   0.000e+00  4.494e-01  0.000e+00
 0.900     5.953523     4294.   0.246  3.631  2.400   0.0000   6.465  -0.2574  0.0000   0.000e+00  4.495e-01  0.000e+00
 0.900     5.960541     4294.   0.241  3.636  2.387   0.0000   6.467  -0.2504  0.0000   0.000e+00  4.495e-01  0.000e+00
 0.900     5.974601     4292.   0.231  3.646  2.361   0.0000   6.472  -0.2362  0.0000   0.000e+00  4.496e-01  0.000e+00
 0.900     5.981641     4292.   0.226  3.650  2.348   0.0000   6.474  -0.2292  0.0000   0.000e+00  4.497e-01  0.000e+00
 0.900     5.995745     4290.   0.216  3.660  2.322   0.0000   6.479  -0.2150  0.0000   0.000e+00  4.498e-01  0.000e+00
 0.900     6.002805     4290.   0.211  3.665  2.310   0.0000   6.481  -0.2079  0.0000   0.000e+00  4.498e-01  0.000e+00
 0.900     6.009876     4289.   0.205  3.670  2.297   0.0000   6.484  -0.2009  0.0000   0.000e+00  4.498e-01  0.000e+00
 0.900     6.024034     4288.   0.195  3.679  2.272   0.0000   6.488  -0.1867  0.0000   0.000e+00  4.499e-01  0.000e+00
 0.900     6.031122     4287.   0.190  3.684  2.259   0.0000   6.491  -0.1796  0.0000   0.000e+00  4.500e-01  0.000e+00
 0.900     6.045319     4286.   0.180  3.693  2.234   0.0000   6.495  -0.1655  0.0000   0.000e+00  4.500e-01  0.000e+00
 0.900     6.052425     4285.   0.175  3.698  2.222   0.0000   6.498  -0.1584  0.0000   0.000e+00  4.501e-01  0.000e+00
 0.900     6.059541     4284.   0.170  3.703  2.210   0.0000   6.500  -0.1513  0.0000   0.000e+00  4.501e-01  0.000e+00
 0.900     6.073784     4283.   0.160  3.713  2.186   0.0000   6.505  -0.1372  0.0000   0.000e+00  4.502e-01  0.000e+00
 0.900     6.080915     4282.   0.155  3.717  2.174   0.0000   6.507  -0.1301  0.0000   0.000e+00  4.502e-01  0.000e+00
 0.900     6.095194     4281.   0.145  3.727  2.150   0.0000   6.512  -0.1159  0.0000   0.000e+00  4.503e-01  0.000e+00
 0.900     6.102341     4280.   0.140  3.732  2.138   0.0000   6.514  -0.1088  0.0000   0.000e+00  4.503e-01  0.000e+00
 0.900     6.109491     4279.   0.135  3.737  2.126   0.0000   6.516  -0.1018  0.0000   0.000e+00  4.503e-01  0.000e+00
 0.900     6.123809     4278.   0.124  3.746  2.103  -0.0004   6.521  -0.0876  0.0000   0.000e+00  4.504e-01  0.000e+00
 0.900     6.130973     4277.   0.119  3.751  2.092  -0.0004   6.523  -0.0805  0.0000   0.000e+00  4.505e-01  0.000e+00
 0.900     6.145318     4276.   0.109  3.760  2.069  -0.0004   6.528  -0.0664  0.0000   0.000e+00  4.505e-01  0.000e+00
 0.900     6.152493     4275.   0.104  3.765  2.057  -0.0004   6.530  -0.0593  0.0000   0.000e+00  4.506e-01  0.000e+00
 0.900     6.159672     4274.   0.099  3.770  2.046  -0.0004   6.533  -0.0522  0.0000   0.000e+00  4.506e-01  0.000e+00
 0.900     6.174042     4273.   0.089  3.780  2.024  -0.0004   6.537  -0.0381  0.0000   0.000e+00  4.506e-01  0.000e+00
 0.900     6.181232     4272.   0.084  3.784  2.012  -0.0004   6.540  -0.0310  0.0000   0.000e+00  4.507e-01  0.000e+00
 0.900     6.195615     4271.   0.074  3.794  1.990  -0.0009   6.545  -0.0169  0.0000   0.000e+00  4.507e-01  0.000e+00
 0.900     6.202810     4270.   0.069  3.799  1.980  -0.0009   6.547  -0.0098  0.0000   0.000e+00  4.508e-01  0.000e+00
 0.900     6.210008     4269.   0.064  3.803  1.969  -0.0013   6.549  -0.0028  0.0000   0.000e+00  4.508e-01  0.000e+00
 0.900     6.224406     4268.   0.053  3.813  1.947  -0.0013   6.554   0.0113  0.0000   0.000e+00  4.509e-01  0.000e+00
 0.900     6.231605     4267.   0.048  3.818  1.937  -0.0017   6.556   0.0184  0.0000   0.000e+00  4.509e-01  0.000e+00
 0.900     6.246008     4265.   0.038  3.827  1.915  -0.0022   6.561   0.0325  0.0000   0.000e+00  4.510e-01  0.000e+00
 0.900     6.253212     4265.   0.033  3.832  1.905  -0.0026   6.563   0.0395  0.0000   0.000e+00  4.510e-01  0.000e+00
 0.900     6.260415     4264.   0.028  3.837  1.894  -0.0026   6.566   0.0465  0.0000   0.000e+00  4.510e-01  0.000e+00
 0.900     6.274818     4262.   0.018  3.846  1.874  -0.0035   6.570   0.0606  0.0000   0.000e+00  4.511e-01  0.000e+00
 0.900     6.282019     4261.   0.013  3.851  1.864  -0.0039   6.573   0.0676  0.0000   0.000e+00  4.511e-01  0.000e+00
 0.900     6.289221     4260.   0.007  3.856  1.853  -0.0048   6.575   0.0746  0.0000   0.000e+00  4.512e-01  0.000e+00
 0.900     6.303619     4259.  -0.003  3.865  1.833  -0.0061   6.580   0.0886  0.0000   0.000e+00  4.512e-01  0.000e+00
 0.900     6.310819     4258.  -0.008  3.870  1.823  -0.0070   6.582   0.0956  0.0000   0.000e+00  4.513e-01  0.000e+00
 0.900     6.325214     4256.  -0.018  3.880  1.803  -0.0088   6.587   0.1096  0.0008   9.396e-02  4.513e-01  9.367e-04
 0.900     6.332412     4255.  -0.023  3.884  1.794  -0.0101   6.589   0.1166  0.0019   1.265e-01  4.514e-01  2.013e-03
 0.900     6.339608     4254.  -0.028  3.889  1.784  -0.0110   6.591   0.1236  0.0026   1.398e-01  4.514e-01  2.623e-03
 0.900     6.353966     4252.  -0.039  3.898  1.765  -0.0137   6.596   0.1377  0.0060   1.845e-01  4.515e-01  5.354e-03
 0.900     6.360961     4251.  -0.044  3.903  1.755  -0.0155   6.598   0.1446  0.0074   1.968e-01  4.515e-01  6.374e-03
 0.900     6.374369     4249.  -0.053  3.912  1.738  -0.0182   6.602   0.1579  0.0129   2.354e-01  4.515e-01  1.017e-02
 0.900     6.381039     4248.  -0.058  3.916  1.729  -0.0200   6.604   0.1645  0.0129   2.342e-01  4.515e-01  1.017e-02
 0.900     6.393596     4246.  -0.067  3.925  1.713  -0.0237   6.607   0.1770  0.0183   2.619e-01  4.515e-01  1.370e-02
 0.900     6.399527     4245.  -0.071  3.928  1.705  -0.0250   6.609   0.1829  0.0210   2.734e-01  4.515e-01  1.539e-02
 0.900     6.411330     4243.  -0.080  3.936  1.690  -0.0287   6.613   0.1947  0.0240   2.838e-01  4.515e-01  1.722e-02
 0.900     6.422035     4242.  -0.087  3.943  1.676  -0.0325   6.616   0.2055  0.0270   2.933e-01  4.514e-01  1.903e-02
 0.900     6.432156     4240.  -0.095  3.950  1.664  -0.0367   6.619   0.2158  0.0330   3.122e-01  4.513e-01  2.254e-02
 0.900     6.442215     4238.  -0.102  3.956  1.651  -0.0405   6.622   0.2260  0.0330   3.098e-01  4.514e-01  2.254e-02
 0.900     6.451486     4237.  -0.109  3.962  1.640  -0.0448   6.624   0.2354  0.0390   3.262e-01  4.512e-01  2.596e-02
 0.900     6.460226     4235.  -0.115  3.968  1.629  -0.0487   6.627   0.2443  0.0457   3.425e-01  4.510e-01  2.965e-02
 0.900     6.472932     4233.  -0.124  3.976  1.614  -0.0545   6.630   0.2574  0.0523   3.560e-01  4.508e-01  3.327e-02
 0.900     6.480925     4232.  -0.130  3.981  1.604  -0.0590   6.632   0.2656  0.0523   3.539e-01  4.508e-01  3.326e-02
 0.900     6.489271     4230.  -0.136  3.987  1.594  -0.0635   6.634   0.2743  0.0589   3.670e-01  4.506e-01  3.681e-02
 0.900     6.502763     4228.  -0.145  3.995  1.578  -0.0711   6.638   0.2883  0.0656   3.774e-01  4.503e-01  4.030e-02
 0.900     6.509024     4227.  -0.150  3.999  1.571  -0.0747   6.640   0.2948  0.0656   3.756e-01  4.503e-01  4.029e-02
 0.900     6.523684     4225.  -0.160  4.009  1.554  -0.0841   6.644   0.3101  0.0722   3.847e-01  4.500e-01  4.373e-02
 0.900     6.531033     4224.  -0.165  4.014  1.546  -0.0883   6.645   0.3178  0.0788   3.950e-01  4.497e-01  4.713e-02
 0.900     6.545771     4221.  -0.176  4.023  1.529  -0.0985   6.649   0.3333  0.0855   4.023e-01  4.493e-01  5.048e-02
 0.900     6.553158     4220.  -0.181  4.028  1.521  -0.1035   6.651   0.3411  0.0921   4.112e-01  4.490e-01  5.381e-02
 0.900     6.560556     4219.  -0.186  4.032  1.513  -0.1085   6.653   0.3490  0.0987   4.196e-01  4.485e-01  5.711e-02
 0.900     6.575396     4217.  -0.196  4.042  1.497  -0.1198   6.657   0.3648  0.1054   4.251e-01  4.481e-01  6.035e-02
 0.900     6.582836     4215.  -0.201  4.046  1.488  -0.1249   6.659   0.3727  0.1120   4.325e-01  4.476e-01  6.360e-02
 0.900     6.590288     4214.  -0.207  4.051  1.480  -0.1314   6.660   0.3807  0.1120   4.300e-01  4.476e-01  6.356e-02
 0.900     6.605244     4212.  -0.217  4.060  1.465  -0.1439   6.664   0.3969  0.1253   4.435e-01  4.466e-01  6.997e-02
 0.900     6.612743     4211.  -0.222  4.065  1.457  -0.1506   6.666   0.4050  0.1253   4.409e-01  4.466e-01  6.993e-02
 0.900     6.620261     4210.  -0.227  4.070  1.449  -0.1574   6.668   0.4132  0.1319   4.472e-01  4.461e-01  7.310e-02
 0.900     6.635341     4208.  -0.237  4.079  1.433  -0.1713   6.671   0.4297  0.1385   4.504e-01  4.455e-01  7.619e-02
 0.900     6.642907     4206.  -0.243  4.084  1.426  -0.1791   6.673   0.4380  0.1452   4.560e-01  4.449e-01  7.931e-02
 0.900     6.650490     4205.  -0.248  4.088  1.418  -0.1864   6.675   0.4463  0.1518   4.613e-01  4.443e-01  8.242e-02
 0.900     6.665709     4203.  -0.258  4.098  1.403  -0.2027   6.679   0.4632  0.1584   4.636e-01  4.436e-01  8.544e-02
 0.900     6.673344     4202.  -0.263  4.102  1.395  -0.2111   6.681   0.4717  0.1651   4.684e-01  4.429e-01  8.851e-02
 0.900     6.681000     4201.  -0.268  4.107  1.388  -0.2190   6.682   0.4803  0.1717   4.729e-01  4.422e-01  9.155e-02
 0.900     6.696360     4199.  -0.278  4.116  1.373  -0.2366   6.686   0.4975  0.1783   4.744e-01  4.415e-01  9.450e-02
 0.900     6.704018     4198.  -0.283  4.121  1.366  -0.2464   6.688   0.5062  0.1850   4.786e-01  4.407e-01  9.752e-02
 0.900     6.711650     4197.  -0.288  4.126  1.358  -0.2549   6.690   0.5148  0.1916   4.826e-01  4.400e-01  1.005e-01
 0.900     6.719253     4196.  -0.293  4.130  1.351  -0.2644   6.691   0.5235  0.1982   4.864e-01  4.392e-01  1.035e-01
 0.900     6.734377     4194.  -0.303  4.139  1.337  -0.2832   6.695   0.5408  0.2049   4.872e-01  4.383e-01  1.064e-01
 0.900     6.741898     4194.  -0.308  4.144  1.330  -0.2933   6.697   0.5494  0.2115   4.908e-01  4.375e-01  1.093e-01
 0.900     6.749391     4193.  -0.313  4.148  1.323  -0.3036   6.699   0.5581  0.2181   4.942e-01  4.366e-01  1.123e-01
 0.900     6.764292     4191.  -0.322  4.157  1.310  -0.3224   6.702   0.5754  0.2314   5.007e-01  4.348e-01  1.181e-01
 0.900     6.771701     4191.  -0.327  4.162  1.303  -0.3335   6.704   0.5840  0.2314   4.977e-01  4.347e-01  1.180e-01
 0.900     6.779082     4190.  -0.332  4.166  1.297  -0.3439   6.706   0.5927  0.2380   5.008e-01  4.338e-01  1.209e-01
 0.900     6.793759     4188.  -0.341  4.175  1.284  -0.3655   6.709   0.6100  0.2513   5.067e-01  4.318e-01  1.266e-01
 0.900     6.801055     4188.  -0.345  4.179  1.278  -0.3757   6.711   0.6187  0.2560   5.078e-01  4.311e-01  1.286e-01
 0.900     6.815562     4187.  -0.354  4.187  1.265  -0.3979   6.714   0.6360  0.2653   5.099e-01  4.295e-01  1.325e-01
 0.900     6.822773     4186.  -0.359  4.192  1.259  -0.4078   6.716   0.6447  0.2742   5.143e-01  4.281e-01  1.363e-01
 0.900     6.829955     4186.  -0.363  4.196  1.253  -0.4202   6.718   0.6533  0.2742   5.114e-01  4.280e-01  1.362e-01
 0.900     6.844234     4185.  -0.372  4.204  1.241  -0.4437   6.721   0.6707  0.2830   5.127e-01  4.264e-01  1.398e-01
 0.900     6.851331     4185.  -0.376  4.208  1.236  -0.4547   6.723   0.6793  0.2918   5.169e-01  4.250e-01  1.436e-01
 0.900     6.865437     4184.  -0.384  4.216  1.224  -0.4776   6.726   0.6967  0.3007   5.180e-01  4.233e-01  1.471e-01
 0.900     6.872446     4184.  -0.388  4.220  1.219  -0.4895   6.728   0.7053  0.3095   5.220e-01  4.217e-01  1.509e-01
 0.900     6.879426     4184.  -0.392  4.224  1.213  -0.5017   6.729   0.7140  0.3095   5.191e-01  4.216e-01  1.507e-01
 0.900     6.893298     4183.  -0.400  4.232  1.202  -0.5258   6.733   0.7313  0.3272   5.268e-01  4.183e-01  1.581e-01
 0.900     6.900190     4183.  -0.404  4.236  1.197  -0.5376   6.734   0.7400  0.3272   5.238e-01  4.181e-01  1.579e-01
 0.900     6.913884     4184.  -0.412  4.243  1.186  -0.5607   6.738   0.7574  0.3420   5.291e-01  4.152e-01  1.640e-01
 0.900     6.920686     4184.  -0.415  4.247  1.181  -0.5719   6.739   0.7660  0.3480   5.305e-01  4.139e-01  1.664e-01
 0.900     6.934200     4184.  -0.422  4.254  1.171  -0.5952   6.743   0.7834  0.3540   5.290e-01  4.124e-01  1.685e-01
 0.900     6.940912     4184.  -0.426  4.258  1.166  -0.6073   6.745   0.7921  0.3623   5.322e-01  4.107e-01  1.719e-01
 0.900     6.954243     4185.  -0.433  4.265  1.157  -0.6289   6.748   0.8094  0.3707   5.324e-01  4.086e-01  1.751e-01
 0.900     6.960863     4186.  -0.436  4.269  1.152  -0.6402   6.750   0.8181  0.3790   5.355e-01  4.068e-01  1.785e-01
 0.900     6.974009     4187.  -0.443  4.276  1.143  -0.6615   6.753   0.8355  0.3874   5.356e-01  4.047e-01  1.815e-01
 0.900     6.980536     4188.  -0.446  4.279  1.138  -0.6737   6.755   0.8442  0.3958   5.386e-01  4.027e-01  1.849e-01
 0.900     6.993497     4189.  -0.452  4.286  1.129  -0.6968   6.758   0.8615  0.4041   5.386e-01  4.005e-01  1.879e-01
 0.900     6.999930     4190.  -0.455  4.290  1.125  -0.7055   6.760   0.8702  0.4125   5.416e-01  3.985e-01  1.913e-01
 0.900     7.012702     4192.  -0.461  4.296  1.116  -0.7282   6.763   0.8876  0.4208   5.416e-01  3.961e-01  1.942e-01
 0.900     7.019041     4193.  -0.464  4.299  1.112  -0.7375   6.765   0.8963  0.4281   5.437e-01  3.943e-01  1.971e-01
 0.900     7.031623     4196.  -0.469  4.306  1.104  -0.7595   6.768   0.9137  0.4354   5.429e-01  3.921e-01  1.995e-01
 0.900     7.044077     4198.  -0.474  4.312  1.096  -0.7799   6.771   0.9311  0.4477   5.456e-01  3.886e-01  2.041e-01
 0.900     7.050256     4200.  -0.477  4.315  1.092  -0.7878   6.773   0.9397  0.4528   5.462e-01  3.872e-01  2.059e-01
 0.900     7.062518     4203.  -0.481  4.321  1.085  -0.8069   6.777   0.9571  0.4628   5.474e-01  3.841e-01  2.095e-01
 0.900     7.074648     4207.  -0.486  4.327  1.077  -0.8239   6.780   0.9745  0.4729   5.485e-01  3.810e-01  2.130e-01
 0.900     7.080663     4210.  -0.488  4.330  1.074  -0.8327   6.782   0.9832  0.4779   5.491e-01  3.794e-01  2.147e-01
 0.900     7.092598     4214.  -0.491  4.336  1.067  -0.8508   6.785   1.0006  0.4880   5.503e-01  3.762e-01  2.182e-01
 0.900     7.104395     4219.  -0.495  4.341  1.060  -0.8665   6.789   1.0181  0.4981   5.515e-01  3.729e-01  2.217e-01
 0.900     7.110246     4222.  -0.497  4.344  1.056  -0.8761   6.791   1.0268  0.5031   5.522e-01  3.712e-01  2.233e-01
 0.900     7.121845     4228.  -0.500  4.350  1.050  -0.8894   6.794   1.0442  0.5132   5.534e-01  3.677e-01  2.267e-01
 0.900     7.133315     4234.  -0.502  4.355  1.043  -0.9031   6.798   1.0616  0.5233   5.547e-01  3.642e-01  2.301e-01
 0.900     7.139000     4237.  -0.504  4.357  1.040  -0.9101   6.800   1.0703  0.5283   5.554e-01  3.624e-01  2.317e-01
 0.900     7.150268     4244.  -0.506  4.362  1.034  -0.9245   6.803   1.0877  0.5384   5.568e-01  3.587e-01  2.350e-01
 0.900     7.161404     4251.  -0.508  4.367  1.028  -0.9355   6.807   1.1052  0.5485   5.582e-01  3.549e-01  2.382e-01
 0.900     7.172407     4259.  -0.510  4.372  1.023  -0.9469   6.810   1.1226  0.5535   5.562e-01  3.526e-01  2.391e-01
 0.900     7.183276     4267.  -0.511  4.377  1.017  -0.9586   6.814   1.1400  0.5636   5.578e-01  3.487e-01  2.423e-01
 0.900     7.194012     4275.  -0.512  4.381  1.012  -0.9706   6.818   1.1575  0.5724   5.585e-01  3.451e-01  2.449e-01
 0.900     7.199327     4279.  -0.512  4.384  1.010  -0.9788   6.820   1.1662  0.5724   5.558e-01  3.447e-01  2.441e-01
 0.900     7.209863     4289.  -0.513  4.388  1.005  -0.9872   6.823   1.1836  0.5812   5.567e-01  3.410e-01  2.466e-01
 0.900     7.220270     4298.  -0.513  4.392  1.000  -0.9957   6.827   1.2011  0.5988   5.640e-01  3.341e-01  2.531e-01
 0.900     7.230543     4309.  -0.513  4.396  0.995  -1.0048   6.831   1.2185  0.6039   5.623e-01  3.315e-01  2.538e-01
 0.900     7.240689     4321.  -0.512  4.400  0.991  -1.0119   6.835   1.2360  0.6139   5.643e-01  3.271e-01  2.567e-01
 0.900     7.250708     4333.  -0.511  4.404  0.986  -1.0191   6.839   1.2534  0.6190   5.627e-01  3.244e-01  2.573e-01
 0.900     7.260601     4345.  -0.510  4.407  0.982  -1.0255   6.843   1.2709  0.6291   5.650e-01  3.197e-01  2.602e-01
 0.900     7.270364     4358.  -0.508  4.411  0.978  -1.0315   6.847   1.2884  0.6391   5.674e-01  3.149e-01  2.631e-01
 0.900     7.280004     4371.  -0.506  4.414  0.975  -1.0372   6.851   1.3058  0.6442   5.661e-01  3.121e-01  2.636e-01
 0.900     7.289524     4385.  -0.504  4.417  0.971  -1.0419   6.855   1.3233  0.6542   5.688e-01  3.071e-01  2.664e-01
 0.900     7.303578     4406.  -0.500  4.422  0.966  -1.0487   6.861   1.3495  0.6643   5.690e-01  3.015e-01  2.681e-01
 0.900     7.312803     4422.  -0.497  4.425  0.963  -1.0521   6.866   1.3670  0.6744   5.721e-01  2.963e-01  2.708e-01
 0.900     7.321913     4437.  -0.494  4.428  0.959  -1.0560   6.870   1.3844  0.6794   5.711e-01  2.932e-01  2.711e-01
 0.900     7.330913     4453.  -0.490  4.430  0.957  -1.0590   6.874   1.4019  0.6845   5.702e-01  2.900e-01  2.713e-01
 0.900     7.339805     4470.  -0.486  4.433  0.954  -1.0620   6.879   1.4194  0.6945   5.738e-01  2.844e-01  2.740e-01
 0.900     7.352938     4496.  -0.480  4.437  0.950  -1.0655   6.885   1.4456  0.7046   5.750e-01  2.782e-01  2.754e-01
 0.900     7.361562     4514.  -0.475  4.439  0.947  -1.0680   6.890   1.4631  0.7084   5.734e-01  2.754e-01  2.749e-01
 0.900     7.370084     4532.  -0.470  4.441  0.945  -1.0701   6.894   1.4806  0.7197   5.788e-01  2.687e-01  2.780e-01
 0.900     7.382685     4561.  -0.462  4.444  0.942  -1.0721   6.901   1.5068  0.7298   5.809e-01  2.621e-01  2.793e-01
 0.900     7.390969     4580.  -0.456  4.445  0.940  -1.0737   6.906   1.5243  0.7348   5.808e-01  2.584e-01  2.792e-01
 0.900     7.399165     4601.  -0.450  4.447  0.938  -1.0747   6.911   1.5417  0.7399   5.809e-01  2.546e-01  2.791e-01
 0.900     7.411300     4635.  -0.440  4.449  0.936  -1.0762   6.918   1.5679  0.7500   5.838e-01  2.475e-01  2.802e-01
 0.900     7.419281     4658.  -0.432  4.451  0.934  -1.0773   6.923   1.5854  0.7550   5.842e-01  2.436e-01  2.801e-01
 0.900     7.431061     4694.  -0.421  4.453  0.932  -1.0783   6.931   1.6115  0.7651   5.879e-01  2.360e-01  2.811e-01
 0.900     7.442428     4730.  -0.410  4.455  0.930  -1.0794   6.938   1.6370  0.7699   5.860e-01  2.316e-01  2.794e-01
 0.900     7.449785     4754.  -0.402  4.456  0.929  -1.0799   6.944   1.6536  0.7757   5.880e-01  2.269e-01  2.796e-01
 0.900     7.460507     4790.  -0.390  4.457  0.927  -1.0804   6.951   1.6780  0.7872   5.954e-01  2.178e-01  2.816e-01
 0.900     7.470847     4825.  -0.379  4.458  0.926  -1.0809   6.959   1.7017  0.7930   5.960e-01  2.124e-01  2.805e-01
 0.900     7.480837     4859.  -0.368  4.459  0.925  -1.0809   6.966   1.7247  0.7974   5.951e-01  2.079e-01  2.787e-01
 0.900     7.490480     4893.  -0.356  4.460  0.924  -1.0814   6.974   1.7469  0.8059   6.006e-01  2.002e-01  2.793e-01
 0.900     7.499834     4930.  -0.344  4.461  0.923  -1.0814   6.981   1.7683  0.8100   6.000e-01  1.958e-01  2.775e-01
 0.900     7.511957     4979.  -0.328  4.462  0.922  -1.0814   6.992   1.7957  0.8175   6.030e-01  1.881e-01  2.764e-01
 0.900     7.520787     5014.  -0.317  4.463  0.921  -1.0820   7.000   1.8152  0.8243   6.080e-01  1.811e-01  2.764e-01
 0.900     7.529355     5046.  -0.307  4.464  0.920  -1.0820   7.008   1.8343  0.8275   6.070e-01  1.772e-01  2.745e-01
 0.900     7.540467     5090.  -0.293  4.466  0.919  -1.0820   7.019   1.8566  0.8362   6.153e-01  1.675e-01  2.747e-01
 0.900     7.551419     5134.  -0.280  4.467  0.917  -1.0820   7.031   1.8759  0.8415   6.176e-01  1.609e-01  2.732e-01
 0.900     7.560098     5168.  -0.270  4.469  0.915  -1.0820   7.041   1.8883  0.8441   6.159e-01  1.573e-01  2.712e-01
 0.900     7.571112     5210.  -0.259  4.472  0.912  -1.0820   7.055   1.8998  0.8487   6.173e-01  1.512e-01  2.700e-01
 0.900     7.579592     5239.  -0.253  4.475  0.908  -1.0820   7.064   1.9060  0.8530   6.206e-01  1.455e-01  2.701e-01
 0.900     7.590672     5272.  -0.248  4.481  0.902  -1.0820   7.075   1.9102  0.8574   6.228e-01  1.393e-01  2.703e-01
 0.900     7.601479     5297.  -0.248  4.489  0.894  -1.0820   7.084   1.9105  0.8599   6.200e-01  1.356e-01  2.705e-01
 0.900     7.609499     5309.  -0.251  4.496  0.886  -1.0820   7.089   1.9090  0.8599   6.127e-01  1.353e-01  2.703e-01
 0.900     7.620210     5317.  -0.260  4.508  0.875  -1.0820   7.095   1.9054  0.8621   6.097e-01  1.322e-01  2.725e-01
 0.900     7.631077     5315.  -0.274  4.521  0.861  -1.0820   7.098   1.9013  0.8642   6.070e-01  1.292e-01  2.757e-01
 0.900     7.639405     5310.  -0.286  4.532  0.851  -1.0820   7.100   1.8992  0.8642   6.004e-01  1.293e-01  2.775e-01
 0.900     7.651337     5296.  -0.306  4.547  0.836  -1.0820   7.102   1.8973  0.8642   5.922e-01  1.296e-01  2.804e-01
 0.900     7.660216     5284.  -0.320  4.557  0.827  -1.0820   7.103   1.8965  0.8642   5.872e-01  1.298e-01  2.826e-01
 0.900     7.672692     5266.  -0.337  4.568  0.816  -1.0820   7.104   1.8958  0.8642   5.819e-01  1.302e-01  2.854e-01
 0.900     7.680668     5256.  -0.346  4.574  0.811  -1.0825   7.104   1.8957  0.8621   5.735e-01  1.334e-01  2.854e-01
 0.900     7.690050     5245.  -0.355  4.579  0.806  -1.0825   7.104   1.8956  0.8621   5.714e-01  1.336e-01  2.868e-01
 0.900     7.701046     5236.  -0.362  4.584  0.802  -1.0825   7.104   1.8959  0.8621   5.698e-01  1.338e-01  2.881e-01
 0.900     7.713885     5227.  -0.369  4.587  0.798  -1.0825   7.104   1.8959  0.8621   5.688e-01  1.340e-01  2.891e-01
 0.900     7.728807     5221.  -0.373  4.589  0.797  -1.0825   7.103   1.8962  0.8621   5.682e-01  1.341e-01  2.898e-01
 0.900     7.746061     5217.  -0.375  4.590  0.796  -1.0825   7.103   1.8971  0.8621   5.682e-01  1.342e-01  2.902e-01
 0.900     7.765901     5215.  -0.376  4.590  0.796  -1.0830   7.102   1.8971  0.8599   5.630e-01  1.372e-01  2.890e-01
 0.900     7.788571     5214.  -0.376  4.590  0.796  -1.0830   7.101   1.8976  0.8599   5.634e-01  1.373e-01  2.891e-01
 0.900     7.814299     5214.  -0.375  4.589  0.797  -1.0830   7.101   1.8987  0.8599   5.640e-01  1.373e-01  2.890e-01
 0.900     7.843287     5213.  -0.374  4.588  0.797  -1.0835   7.100   1.8985  0.8599   5.645e-01  1.373e-01  2.890e-01
 0.900     7.875697     5213.  -0.374  4.588  0.798  -1.0835   7.100   1.8992  0.8599   5.651e-01  1.373e-01  2.889e-01
 0.900     7.911644     5212.  -0.373  4.587  0.799  -1.0835   7.099   1.8996  0.8599   5.656e-01  1.373e-01  2.889e-01
 0.900     7.951187     5211.  -0.373  4.586  0.799  -1.0841   7.099   1.8990  0.8599   5.662e-01  1.373e-01  2.890e-01
 0.900     7.994327     5210.  -0.373  4.586  0.800  -1.0846   7.098   1.8993  0.8599   5.668e-01  1.373e-01  2.890e-01
 0.900     8.041006     5209.  -0.372  4.585  0.801  -1.0846   7.098   1.8993  0.8599   5.674e-01  1.374e-01  2.890e-01
 0.900     8.091111     5208.  -0.372  4.584  0.801  -1.0851   7.097   1.8996  0.8599   5.680e-01  1.374e-01  2.890e-01
 0.900     8.144481     5208.  -0.371  4.583  0.802  -1.0857   7.096   1.8998  0.8599   5.686e-01  1.374e-01  2.890e-01
 0.900     8.200913     5207.  -0.371  4.583  0.803  -1.0862   7.096   1.9001  0.8599   5.691e-01  1.374e-01  2.889e-01
 0.900     8.260184     5207.  -0.370  4.582  0.803  -1.0867   7.096   1.9008  0.8599   5.697e-01  1.374e-01  2.889e-01
 0.900     8.322046     5207.  -0.369  4.581  0.804  -1.0878   7.095   1.9017  0.8599   5.702e-01  1.374e-01  2.888e-01
 0.900     8.383104     5208.  -0.368  4.580  0.805  -1.0888   7.095   1.9037  0.8599   5.707e-01  1.374e-01  2.886e-01
 0.900     8.436627     5208.  -0.367  4.579  0.806  -1.0894   7.095   1.9052  0.8599   5.711e-01  1.374e-01  2.884e-01
 0.900     8.484273     5209.  -0.366  4.579  0.806  -1.0904   7.094   1.9067  0.8599   5.715e-01  1.374e-01  2.883e-01
 0.900     8.527203     5209.  -0.365  4.578  0.807  -1.0910   7.094   1.9079  0.8599   5.719e-01  1.373e-01  2.881e-01
 0.900     8.566269     5210.  -0.365  4.577  0.808  -1.0921   7.094   1.9089  0.8599   5.722e-01  1.373e-01  2.880e-01
 0.900     8.602109     5210.  -0.364  4.577  0.808  -1.0931   7.094   1.9097  0.8599   5.725e-01  1.373e-01  2.880e-01
 0.900     8.635215     5210.  -0.364  4.576  0.809  -1.0937   7.094   1.9103  0.8599   5.729e-01  1.373e-01  2.879e-01
 0.900     8.665976     5210.  -0.363  4.576  0.809  -1.0947   7.094   1.9110  0.8599   5.732e-01  1.373e-01  2.878e-01
 0.900     8.694701     5210.  -0.362  4.575  0.809  -1.0953   7.094   1.9118  0.8599   5.734e-01  1.373e-01  2.877e-01
 0.900     8.721643     5211.  -0.362  4.575  0.810  -1.0964   7.094   1.9126  0.8599   5.737e-01  1.373e-01  2.876e-01
 0.900     8.747012     5211.  -0.361  4.575  0.810  -1.0969   7.094   1.9134  0.8599   5.739e-01  1.373e-01  2.875e-01
 0.900     8.770979     5212.  -0.361  4.574  0.811  -1.0980   7.094   1.9142  0.8599   5.742e-01  1.373e-01  2.874e-01
 0.900     8.793693     5212.  -0.360  4.574  0.811  -1.0985   7.095   1.9148  0.8599   5.744e-01  1.373e-01  2.874e-01
 0.900     8.815278     5213.  -0.359  4.573  0.811  -1.0991   7.095   1.9157  0.8599   5.746e-01  1.373e-01  2.873e-01
 0.900     8.835841     5213.  -0.359  4.573  0.812  -1.1002   7.095   1.9167  0.8599   5.748e-01  1.373e-01  2.872e-01
 0.900     8.855474     5214.  -0.358  4.572  0.812  -1.1007   7.095   1.9176  0.8599   5.750e-01  1.373e-01  2.870e-01
 0.900     8.874258     5214.  -0.358  4.572  0.813  -1.1018   7.095   1.9186  0.8599   5.752e-01  1.373e-01  2.869e-01
 0.900     8.892263     5215.  -0.357  4.572  0.813  -1.1024   7.095   1.9195  0.8599   5.754e-01  1.372e-01  2.868e-01
 0.900     8.909551     5216.  -0.356  4.571  0.813  -1.1035   7.096   1.9205  0.8599   5.755e-01  1.372e-01  2.867e-01
 0.900     8.926177     5216.  -0.356  4.571  0.814  -1.1040   7.096   1.9214  0.8599   5.757e-01  1.372e-01  2.866e-01
 0.900     8.942190     5217.  -0.355  4.570  0.814  -1.1046   7.096   1.9224  0.8599   5.759e-01  1.372e-01  2.864e-01
 0.900     8.957633     5218.  -0.354  4.570  0.815  -1.1057   7.096   1.9233  0.8599   5.761e-01  1.372e-01  2.863e-01
 0.900     8.972546     5218.  -0.354  4.570  0.815  -1.1062   7.096   1.9243  0.8599   5.762e-01  1.372e-01  2.862e-01
 0.900     8.986964     5219.  -0.353  4.569  0.815  -1.1073   7.097   1.9253  0.8599   5.764e-01  1.372e-01  2.861e-01
 0.900     9.000920     5220.  -0.353  4.569  0.816  -1.1079   7.097   1.9263  0.8599   5.765e-01  1.371e-01  2.860e-01
 0.900     9.014441     5221.  -0.352  4.568  0.816  -1.1090   7.097   1.9273  0.8599   5.767e-01  1.371e-01  2.859e-01
 0.900     9.027549     5221.  -0.351  4.568  0.816  -1.1096   7.097   1.9283  0.8599   5.768e-01  1.371e-01  2.857e-01
 0.900     9.040278     5222.  -0.351  4.568  0.817  -1.1101   7.098   1.9293  0.8599   5.770e-01  1.371e-01  2.856e-01
 0.900     9.052644     5223.  -0.350  4.567  0.817  -1.1113   7.098   1.9303  0.8599   5.771e-01  1.371e-01  2.855e-01
 0.900     9.064668     5223.  -0.350  4.567  0.817  -1.1118   7.098   1.9310  0.8599   5.773e-01  1.371e-01  2.854e-01
 0.900     9.076367     5224.  -0.349  4.567  0.818  -1.1129   7.098   1.9320  0.8599   5.774e-01  1.371e-01  2.853e-01
 0.900     9.087760     5225.  -0.348  4.566  0.818  -1.1135   7.098   1.9331  0.8599   5.775e-01  1.371e-01  2.852e-01
 0.900     9.098858     5226.  -0.348  4.566  0.818  -1.1141   7.099   1.9342  0.8599   5.777e-01  1.370e-01  2.850e-01
 0.900     9.109683     5226.  -0.347  4.566  0.819  -1.1152   7.099   1.9352  0.8599   5.778e-01  1.370e-01  2.849e-01
 0.900     9.120245     5227.  -0.347  4.565  0.819  -1.1158   7.099   1.9363  0.8599   5.779e-01  1.370e-01  2.848e-01
 0.900     9.130556     5228.  -0.346  4.565  0.819  -1.1169   7.099   1.9373  0.8599   5.781e-01  1.370e-01  2.847e-01
 0.900     9.140627     5229.  -0.345  4.564  0.820  -1.1175   7.099   1.9384  0.8599   5.782e-01  1.370e-01  2.845e-01
 0.900     9.150468     5229.  -0.345  4.564  0.820  -1.1186   7.100   1.9394  0.8599   5.783e-01  1.369e-01  2.844e-01
 0.900     9.160093     5230.  -0.344  4.564  0.820  -1.1192   7.100   1.9405  0.8599   5.785e-01  1.369e-01  2.843e-01
 0.900     9.169510     5231.  -0.343  4.563  0.821  -1.1198   7.100   1.9415  0.8599   5.786e-01  1.369e-01  2.842e-01
 0.900     9.178727     5232.  -0.343  4.563  0.821  -1.1209   7.100   1.9426  0.8599   5.787e-01  1.369e-01  2.841e-01
 0.900     9.187752     5233.  -0.342  4.563  0.821  -1.1215   7.101   1.9436  0.8599   5.789e-01  1.369e-01  2.839e-01
 0.900     9.196591     5233.  -0.342  4.562  0.822  -1.1226   7.101   1.9447  0.8599   5.790e-01  1.369e-01  2.838e-01
 0.900     9.205256     5234.  -0.341  4.562  0.822  -1.1232   7.101   1.9453  0.8599   5.792e-01  1.369e-01  2.837e-01
 0.900     9.213751     5234.  -0.340  4.562  0.822  -1.1238   7.101   1.9464  0.8599   5.793e-01  1.368e-01  2.836e-01
 0.900     9.222084     5235.  -0.340  4.561  0.823  -1.1249   7.101   1.9476  0.8599   5.795e-01  1.368e-01  2.835e-01
 0.900     9.230260     5236.  -0.339  4.561  0.823  -1.1255   7.102   1.9487  0.8599   5.796e-01  1.368e-01  2.833e-01
 0.900     9.238282     5237.  -0.339  4.560  0.824  -1.1267   7.102   1.9498  0.8599   5.797e-01  1.368e-01  2.832e-01
 0.900     9.246161     5238.  -0.338  4.560  0.824  -1.1273   7.102   1.9509  0.8599   5.798e-01  1.368e-01  2.831e-01
 0.900     9.253900     5239.  -0.337  4.560  0.824  -1.1284   7.103   1.9520  0.8599   5.800e-01  1.368e-01  2.829e-01
 0.900     9.261503     5239.  -0.337  4.559  0.825  -1.1290   7.103   1.9531  0.8599   5.801e-01  1.368e-01  2.828e-01
 0.900     9.268976     5240.  -0.336  4.559  0.825  -1.1296   7.103   1.9542  0.8599   5.802e-01  1.367e-01  2.827e-01
 0.900     9.276319     5241.  -0.335  4.559  0.825  -1.1308   7.103   1.9553  0.8599   5.803e-01  1.367e-01  2.826e-01
 0.900     9.283543     5242.  -0.335  4.558  0.826  -1.1314   7.104   1.9564  0.8599   5.804e-01  1.367e-01  2.824e-01
 0.900     9.290649     5243.  -0.334  4.558  0.826  -1.1325   7.104   1.9575  0.8599   5.806e-01  1.367e-01  2.823e-01
 0.900     9.297640     5243.  -0.334  4.558  0.826  -1.1331   7.104   1.9582  0.8599   5.807e-01  1.367e-01  2.822e-01
 0.900     9.304521     5244.  -0.333  4.557  0.827  -1.1343   7.104   1.9593  0.8599   5.809e-01  1.367e-01  2.821e-01
 0.900     9.311294     5245.  -0.332  4.557  0.827  -1.1349   7.104   1.9604  0.8599   5.810e-01  1.366e-01  2.820e-01
 0.900     9.317961     5246.  -0.332  4.556  0.827  -1.1355   7.105   1.9616  0.8599   5.811e-01  1.366e-01  2.818e-01
 0.900     9.324529     5246.  -0.331  4.556  0.828  -1.1367   7.105   1.9627  0.8599   5.813e-01  1.366e-01  2.817e-01
 0.900     9.331000     5247.  -0.330  4.556  0.828  -1.1373   7.105   1.9639  0.8599   5.814e-01  1.366e-01  2.816e-01
 0.900     9.337375     5248.  -0.330  4.555  0.828  -1.1385   7.105   1.9650  0.8599   5.815e-01  1.366e-01  2.814e-01
 0.900     9.343659     5249.  -0.329  4.555  0.829  -1.1391   7.106   1.9661  0.8599   5.816e-01  1.366e-01  2.813e-01
 0.900     9.349850     5250.  -0.328  4.555  0.829  -1.1403   7.106   1.9672  0.8599   5.818e-01  1.365e-01  2.812e-01
 0.900     9.355957     5250.  -0.328  4.554  0.829  -1.1409   7.106   1.9684  0.8599   5.819e-01  1.365e-01  2.810e-01
 0.900     9.361979     5251.  -0.327  4.554  0.830  -1.1421   7.106   1.9695  0.8599   5.820e-01  1.365e-01  2.809e-01
 0.900     9.367918     5252.  -0.327  4.554  0.830  -1.1427   7.107   1.9703  0.8599   5.822e-01  1.365e-01  2.808e-01
 0.900     9.373778     5253.  -0.326  4.553  0.830  -1.1433   7.107   1.9714  0.8599   5.823e-01  1.365e-01  2.807e-01
 0.900     9.379557     5253.  -0.325  4.553  0.831  -1.1445   7.107   1.9725  0.8599   5.825e-01  1.365e-01  2.806e-01
 0.900     9.385263     5254.  -0.325  4.552  0.831  -1.1451   7.107   1.9737  0.8599   5.826e-01  1.364e-01  2.804e-01
 0.900     9.390895     5255.  -0.324  4.552  0.832  -1.1457   7.108   1.9749  0.8621   5.886e-01  1.335e-01  2.817e-01
 0.900     9.396454     5256.  -0.323  4.552  0.832  -1.1463   7.108   1.9761  0.8621   5.887e-01  1.335e-01  2.816e-01
 0.900     9.401943     5257.  -0.323  4.551  0.832  -1.1463   7.108   1.9772  0.8621   5.888e-01  1.334e-01  2.815e-01
 0.900     9.407362     5258.  -0.322  4.551  0.833  -1.1469   7.109   1.9784  0.8621   5.890e-01  1.334e-01  2.813e-01
 0.900     9.412716     5259.  -0.321  4.551  0.833  -1.1475   7.109   1.9795  0.8621   5.891e-01  1.334e-01  2.812e-01
 0.900     9.418004     5259.  -0.321  4.550  0.833  -1.1481   7.109   1.9807  0.8621   5.892e-01  1.334e-01  2.811e-01
 0.900     9.423229     5260.  -0.320  4.550  0.834  -1.1481   7.109   1.9819  0.8621   5.893e-01  1.334e-01  2.809e-01
 0.900     9.428392     5261.  -0.320  4.549  0.834  -1.1487   7.109   1.9830  0.8621   5.895e-01  1.333e-01  2.808e-01
 0.900     9.433495     5262.  -0.319  4.549  0.834  -1.1494   7.110   1.9839  0.8621   5.896e-01  1.333e-01  2.807e-01
 0.900     9.438536     5262.  -0.318  4.549  0.835  -1.1500   7.110   1.9851  0.8621   5.898e-01  1.333e-01  2.806e-01
 0.900     9.443521     5263.  -0.318  4.548  0.835  -1.1500   7.110   1.9862  0.8621   5.899e-01  1.333e-01  2.804e-01
 0.900     9.448450     5264.  -0.317  4.548  0.835  -1.1506   7.111   1.9874  0.8621   5.900e-01  1.333e-01  2.803e-01
 0.900     9.453323     5265.  -0.316  4.548  0.836  -1.1512   7.111   1.9886  0.8621   5.902e-01  1.333e-01  2.802e-01
 0.900     9.458142     5266.  -0.316  4.547  0.836  -1.1518   7.111   1.9898  0.8621   5.903e-01  1.333e-01  2.800e-01
 0.900     9.462907     5267.  -0.315  4.547  0.837  -1.1518   7.111   1.9910  0.8621   5.904e-01  1.332e-01  2.799e-01
 0.900     9.467621     5268.  -0.314  4.546  0.837  -1.1524   7.112   1.9922  0.8621   5.906e-01  1.332e-01  2.798e-01
 0.900     9.472285     5269.  -0.314  4.546  0.837  -1.1530   7.112   1.9934  0.8621   5.907e-01  1.332e-01  2.796e-01
 0.900     9.476900     5270.  -0.313  4.546  0.838  -1.1537   7.112   1.9946  0.8621   5.908e-01  1.332e-01  2.795e-01
 0.900     9.481466     5270.  -0.312  4.545  0.838  -1.1537   7.112   1.9958  0.8621   5.910e-01  1.332e-01  2.793e-01
 0.900     9.485982     5271.  -0.312  4.545  0.838  -1.1543   7.113   1.9967  0.8621   5.911e-01  1.332e-01  2.793e-01
 0.900     9.490454     5272.  -0.311  4.545  0.839  -1.1549   7.113   1.9979  0.8621   5.913e-01  1.331e-01  2.791e-01
 0.900     9.494881     5273.  -0.310  4.544  0.839  -1.1555   7.113   1.9991  0.8621   5.914e-01  1.331e-01  2.790e-01
 0.900     9.499262     5273.  -0.310  4.544  0.840  -1.1555   7.113   2.0004  0.8621   5.915e-01  1.331e-01  2.789e-01
 0.900     9.503600     5274.  -0.309  4.543  0.840  -1.1561   7.114   2.0016  0.8621   5.917e-01  1.331e-01  2.787e-01
 0.900     9.507894     5275.  -0.308  4.543  0.840  -1.1568   7.114   2.0028  0.8621   5.918e-01  1.331e-01  2.786e-01
 0.900     9.512147     5276.  -0.308  4.543  0.841  -1.1574   7.114   2.0040  0.8621   5.919e-01  1.331e-01  2.784e-01
 0.900     9.516358     5277.  -0.307  4.542  0.841  -1.1580   7.115   2.0053  0.8621   5.921e-01  1.330e-01  2.783e-01
 0.900     9.520529     5278.  -0.306  4.542  0.841  -1.1580   7.115   2.0065  0.8621   5.922e-01  1.330e-01  2.782e-01
 0.900     9.524661     5279.  -0.306  4.541  0.842  -1.1586   7.115   2.0077  0.8621   5.923e-01  1.330e-01  2.780e-01
 0.900     9.528753     5280.  -0.305  4.541  0.842  -1.1593   7.115   2.0090  0.8621   5.925e-01  1.330e-01  2.779e-01
 0.900     9.532807     5281.  -0.304  4.541  0.843  -1.1599   7.116   2.0102  0.8621   5.926e-01  1.330e-01  2.778e-01
 0.900     9.536823     5281.  -0.304  4.540  0.843  -1.1599   7.116   2.0114  0.8621   5.927e-01  1.330e-01  2.776e-01
 0.900     9.540804     5282.  -0.303  4.540  0.843  -1.1605   7.116   2.0126  0.8621   5.929e-01  1.329e-01  2.775e-01
 0.900     9.544747     5283.  -0.302  4.539  0.844  -1.1612   7.117   2.0139  0.8621   5.930e-01  1.329e-01  2.773e-01
 0.900     9.548656     5284.  -0.302  4.539  0.844  -1.1618   7.117   2.0151  0.8621   5.932e-01  1.329e-01  2.772e-01
 0.900     9.552528     5284.  -0.301  4.539  0.844  -1.1624   7.117   2.0160  0.8621   5.934e-01  1.329e-01  2.771e-01
 0.900     9.556368     5285.  -0.301  4.538  0.845  -1.1624   7.117   2.0172  0.8621   5.935e-01  1.329e-01  2.770e-01
 0.900     9.560173     5286.  -0.300  4.538  0.845  -1.1630   7.117   2.0184  0.8621   5.937e-01  1.329e-01  2.769e-01
 0.900     9.563946     5287.  -0.299  4.537  0.846  -1.1637   7.118   2.0197  0.8621   5.938e-01  1.328e-01  2.767e-01
 0.900     9.567686     5288.  -0.298  4.537  0.846  -1.1643   7.118   2.0210  0.8621   5.940e-01  1.328e-01  2.766e-01
 0.900     9.571393     5289.  -0.298  4.537  0.846  -1.1643   7.118   2.0222  0.8621   5.941e-01  1.328e-01  2.764e-01
 0.900     9.575070     5290.  -0.297  4.536  0.847  -1.1649   7.119   2.0235  0.8621   5.942e-01  1.328e-01  2.763e-01
 0.900     9.578716     5291.  -0.296  4.536  0.847  -1.1656   7.119   2.0248  0.8621   5.944e-01  1.328e-01  2.762e-01
 0.900     9.582332     5291.  -0.296  4.535  0.848  -1.1662   7.119   2.0261  0.8621   5.945e-01  1.327e-01  2.760e-01
 0.900     9.585917     5292.  -0.295  4.535  0.848  -1.1669   7.120   2.0274  0.8621   5.946e-01  1.327e-01  2.759e-01
 0.900     9.589473     5293.  -0.294  4.535  0.848  -1.1669   7.120   2.0287  0.8621   5.948e-01  1.327e-01  2.757e-01
 0.900     9.593000     5294.  -0.293  4.534  0.849  -1.1675   7.120   2.0300  0.8621   5.949e-01  1.327e-01  2.756e-01
 0.900     9.596499     5295.  -0.293  4.534  0.849  -1.1681   7.120   2.0313  0.8621   5.951e-01  1.327e-01  2.754e-01
 0.900     9.599970     5296.  -0.292  4.533  0.850  -1.1688   7.121   2.0326  0.8621   5.952e-01  1.326e-01  2.753e-01
 0.900     9.603414     5297.  -0.291  4.533  0.850  -1.1694   7.121   2.0339  0.8621   5.953e-01  1.326e-01  2.752e-01
 0.900     9.606829     5298.  -0.291  4.533  0.850  -1.1694   7.121   2.0351  0.8621   5.955e-01  1.326e-01  2.750e-01
 0.900     9.610219     5299.  -0.290  4.532  0.851  -1.1701   7.122   2.0364  0.8621   5.957e-01  1.326e-01  2.749e-01
 0.900     9.613583     5300.  -0.289  4.532  0.851  -1.1707   7.122   2.0377  0.8621   5.958e-01  1.326e-01  2.747e-01
 0.900     9.616921     5301.  -0.289  4.531  0.852  -1.1713   7.122   2.0390  0.8621   5.959e-01  1.326e-01  2.746e-01
 0.900     9.620233     5301.  -0.288  4.531  0.852  -1.1720   7.122   2.0401  0.8621   5.961e-01  1.326e-01  2.745e-01
 0.900     9.623520     5302.  -0.287  4.531  0.852  -1.1726   7.123   2.0414  0.8621   5.963e-01  1.325e-01  2.744e-01
 0.900     9.626782     5302.  -0.287  4.530  0.853  -1.1726   7.123   2.0426  0.8621   5.965e-01  1.325e-01  2.742e-01
 0.900     9.630020     5303.  -0.286  4.530  0.853  -1.1733   7.123   2.0439  0.8621   5.966e-01  1.325e-01  2.741e-01
 0.900     9.633234     5304.  -0.285  4.529  0.854  -1.1739   7.124   2.0453  0.8621   5.968e-01  1.325e-01  2.740e-01
 0.900     9.636425     5305.  -0.285  4.529  0.854  -1.1746   7.124   2.0466  0.8621   5.969e-01  1.325e-01  2.738e-01
 0.900     9.639592     5306.  -0.284  4.528  0.854  -1.1746   7.124   2.0479  0.8642   6.035e-01  1.294e-01  2.751e-01
 0.900     9.642735     5307.  -0.283  4.528  0.855  -1.1752   7.125   2.0493  0.8642   6.036e-01  1.294e-01  2.750e-01
 0.900     9.645857     5308.  -0.282  4.528  0.855  -1.1752   7.125   2.0506  0.8642   6.038e-01  1.294e-01  2.748e-01
 0.900     9.648957     5309.  -0.282  4.527  0.856  -1.1752   7.125   2.0520  0.8642   6.039e-01  1.293e-01  2.747e-01
 0.900     9.652034     5310.  -0.281  4.527  0.856  -1.1759   7.125   2.0534  0.8642   6.041e-01  1.293e-01  2.745e-01
 0.900     9.655090     5311.  -0.280  4.526  0.856  -1.1759   7.126   2.0547  0.8642   6.042e-01  1.293e-01  2.744e-01
 0.900     9.658124     5312.  -0.279  4.526  0.857  -1.1765   7.126   2.0561  0.8642   6.044e-01  1.293e-01  2.742e-01
 0.900     9.661138     5313.  -0.279  4.525  0.857  -1.1765   7.126   2.0574  0.8642   6.046e-01  1.293e-01  2.741e-01
 0.900     9.664130     5314.  -0.278  4.525  0.858  -1.1765   7.127   2.0588  0.8642   6.047e-01  1.293e-01  2.739e-01
 0.900     9.667103     5315.  -0.277  4.525  0.858  -1.1772   7.127   2.0602  0.8642   6.049e-01  1.292e-01  2.738e-01
 0.900     9.670055     5316.  -0.276  4.524  0.859  -1.1772   7.127   2.0616  0.8642   6.050e-01  1.292e-01  2.736e-01
 0.900     9.672986     5317.  -0.276  4.524  0.859  -1.1778   7.128   2.0629  0.8642   6.052e-01  1.292e-01  2.735e-01
 0.900     9.675898     5318.  -0.275  4.523  0.859  -1.1778   7.128   2.0643  0.8642   6.053e-01  1.292e-01  2.733e-01
 0.900     9.678791     5318.  -0.274  4.523  0.860  -1.1778   7.128   2.0655  0.8642   6.055e-01  1.292e-01  2.732e-01
 0.900     9.681665     5319.  -0.274  4.522  0.860  -1.1785   7.128   2.0669  0.8642   6.057e-01  1.292e-01  2.731e-01
 0.900     9.684520     5320.  -0.273  4.522  0.861  -1.1785   7.129   2.0682  0.8642   6.059e-01  1.291e-01  2.730e-01
 0.900     9.687357     5321.  -0.272  4.522  0.861  -1.1791   7.129   2.0696  0.8642   6.061e-01  1.291e-01  2.728e-01
 0.900     9.690174     5321.  -0.271  4.521  0.862  -1.1791   7.129   2.0710  0.8642   6.062e-01  1.291e-01  2.727e-01
 0.900     9.692974     5322.  -0.271  4.521  0.862  -1.1791   7.130   2.0724  0.8642   6.064e-01  1.291e-01  2.725e-01
 0.900     9.695756     5323.  -0.270  4.520  0.862  -1.1798   7.130   2.0738  0.8642   6.065e-01  1.291e-01  2.724e-01
 0.900     9.698520     5324.  -0.269  4.520  0.863  -1.1798   7.130   2.0752  0.8642   6.067e-01  1.290e-01  2.722e-01
 0.900     9.701267     5325.  -0.268  4.519  0.863  -1.1805   7.131   2.0766  0.8642   6.069e-01  1.290e-01  2.721e-01
 0.900     9.703995     5326.  -0.268  4.519  0.864  -1.1805   7.131   2.0780  0.8642   6.070e-01  1.290e-01  2.719e-01
 0.900     9.706708     5327.  -0.267  4.519  0.864  -1.1811   7.131   2.0795  0.8642   6.072e-01  1.290e-01  2.717e-01
 0.900     9.709403     5328.  -0.266  4.518  0.865  -1.1811   7.132   2.0809  0.8642   6.074e-01  1.290e-01  2.716e-01
 0.900     9.712082     5329.  -0.265  4.518  0.865  -1.1811   7.132   2.0824  0.8642   6.075e-01  1.290e-01  2.714e-01
 0.900     9.714745     5330.  -0.265  4.517  0.866  -1.1818   7.132   2.0838  0.8642   6.077e-01  1.289e-01  2.713e-01
 0.900     9.717390     5331.  -0.264  4.517  0.866  -1.1818   7.133   2.0853  0.8642   6.078e-01  1.289e-01  2.711e-01
 0.900     9.720020     5332.  -0.263  4.516  0.867  -1.1824   7.133   2.0867  0.8642   6.080e-01  1.289e-01  2.710e-01
 0.900     9.722635     5333.  -0.262  4.516  0.867  -1.1824   7.133   2.0882  0.8642   6.082e-01  1.289e-01  2.708e-01
 0.900     9.725234     5334.  -0.262  4.515  0.867  -1.1831   7.134   2.0896  0.8642   6.083e-01  1.288e-01  2.707e-01
 0.900     9.727817     5335.  -0.261  4.515  0.868  -1.1831   7.134   2.0910  0.8642   6.085e-01  1.288e-01  2.706e-01
 0.900     9.730384     5336.  -0.260  4.514  0.868  -1.1831   7.134   2.0924  0.8642   6.087e-01  1.288e-01  2.704e-01
 0.900     9.732937     5336.  -0.259  4.514  0.869  -1.1838   7.134   2.0938  0.8642   6.089e-01  1.288e-01  2.703e-01
 0.900     9.735475     5337.  -0.259  4.514  0.869  -1.1838   7.135   2.0953  0.8642   6.091e-01  1.288e-01  2.701e-01
 0.900     9.737998     5338.  -0.258  4.513  0.870  -1.1844   7.135   2.0968  0.8642   6.093e-01  1.288e-01  2.700e-01
 0.900     9.740507     5339.  -0.257  4.513  0.870  -1.1844   7.135   2.0982  0.8642   6.095e-01  1.288e-01  2.698e-01
 0.900     9.743001     5340.  -0.256  4.512  0.871  -1.1844   7.136   2.0997  0.8642   6.096e-01  1.287e-01  2.697e-01
 0.900     9.745481     5341.  -0.256  4.512  0.871  -1.1851   7.136   2.1012  0.8642   6.098e-01  1.287e-01  2.695e-01
 0.900     9.747947     5342.  -0.255  4.511  0.872  -1.1851   7.136   2.1027  0.8642   6.100e-01  1.287e-01  2.693e-01
 0.900     9.750399     5343.  -0.254  4.511  0.872  -1.1858   7.137   2.1042  0.8642   6.101e-01  1.287e-01  2.692e-01
 0.900     9.752837     5344.  -0.253  4.510  0.873  -1.1858   7.137   2.1057  0.8642   6.103e-01  1.286e-01  2.690e-01
 0.900     9.755262     5345.  -0.252  4.510  0.873  -1.1864   7.138   2.1073  0.8642   6.105e-01  1.286e-01  2.688e-01
 0.900     9.757672     5346.  -0.252  4.509  0.873  -1.1864   7.138   2.1088  0.8642   6.107e-01  1.286e-01  2.687e-01
 0.900     9.760070     5347.  -0.251  4.509  0.874  -1.1871   7.138   2.1103  0.8642   6.109e-01  1.286e-01  2.685e-01
 0.900     9.762455     5348.  -0.250  4.508  0.874  -1.1871   7.139   2.1119  0.8642   6.110e-01  1.286e-01  2.684e-01
 0.900     9.764827     5349.  -0.249  4.508  0.875  -1.1871   7.139   2.1134  0.8642   6.112e-01  1.285e-01  2.682e-01
 0.900     9.767186     5350.  -0.248  4.507  0.875  -1.1878   7.139   2.1149  0.8642   6.114e-01  1.285e-01  2.681e-01
 0.900     9.769531     5351.  -0.248  4.507  0.876  -1.1878   7.140   2.1165  0.8642   6.116e-01  1.285e-01  2.679e-01
 0.900     9.771864     5352.  -0.247  4.506  0.876  -1.1884   7.140   2.1180  0.8642   6.118e-01  1.285e-01  2.678e-01
 0.900     9.774185     5353.  -0.246  4.506  0.877  -1.1884   7.140   2.1195  0.8642   6.120e-01  1.285e-01  2.676e-01
 0.900     9.776494     5354.  -0.245  4.505  0.877  -1.1891   7.140   2.1210  0.8642   6.122e-01  1.285e-01  2.675e-01
 0.900     9.778791     5355.  -0.245  4.505  0.878  -1.1891   7.141   2.1226  0.8642   6.124e-01  1.284e-01  2.673e-01
 0.900     9.781074     5356.  -0.244  4.504  0.878  -1.1898   7.141   2.1242  0.8642   6.126e-01  1.284e-01  2.672e-01
 0.900     9.783347     5357.  -0.243  4.504  0.879  -1.1898   7.141   2.1257  0.8642   6.127e-01  1.284e-01  2.670e-01
 0.900     9.785607     5358.  -0.242  4.503  0.879  -1.1898   7.142   2.1273  0.8642   6.129e-01  1.284e-01  2.668e-01
 0.900     9.787856     5359.  -0.241  4.503  0.880  -1.1904   7.142   2.1289  0.8642   6.131e-01  1.284e-01  2.667e-01
 0.900     9.790094     5360.  -0.240  4.502  0.880  -1.1904   7.143   2.1305  0.8662   6.196e-01  1.256e-01  2.678e-01
 0.900     9.792319     5361.  -0.240  4.502  0.881  -1.1904   7.143   2.1321  0.8662   6.198e-01  1.255e-01  2.676e-01
 0.900     9.794533     5362.  -0.239  4.501  0.881  -1.1911   7.143   2.1337  0.8662   6.200e-01  1.255e-01  2.675e-01
 0.900     9.796737     5363.  -0.238  4.501  0.882  -1.1911   7.144   2.1353  0.8662   6.202e-01  1.255e-01  2.673e-01
 0.900     9.798929     5364.  -0.237  4.500  0.882  -1.1911   7.144   2.1369  0.8662   6.203e-01  1.255e-01  2.672e-01
 0.900     9.801110     5365.  -0.236  4.500  0.883  -1.1911   7.144   2.1386  0.8662   6.205e-01  1.255e-01  2.670e-01
 0.900     9.809726     5368.  -0.233  4.498  0.885  -1.1918   7.146   2.1451  0.8662   6.214e-01  1.254e-01  2.664e-01
 0.900     9.820261     5374.  -0.229  4.495  0.888  -1.1925   7.148   2.1534  0.8662   6.224e-01  1.253e-01  2.656e-01
 0.900     9.830547     5379.  -0.224  4.493  0.890  -1.1931   7.149   2.1619  0.8662   6.234e-01  1.252e-01  2.647e-01
 0.900     9.840595     5384.  -0.220  4.490  0.893  -1.1945   7.151   2.1706  0.8662   6.245e-01  1.251e-01  2.639e-01
 0.900     9.850415     5389.  -0.216  4.487  0.896  -1.1952   7.153   2.1793  0.8662   6.256e-01  1.250e-01  2.630e-01
 0.900     9.860019     5394.  -0.211  4.485  0.899  -1.1959   7.155   2.1883  0.8662   6.268e-01  1.249e-01  2.621e-01
 0.900     9.869414     5399.  -0.207  4.482  0.902  -1.1965   7.157   2.1976  0.8662   6.279e-01  1.248e-01  2.612e-01
 0.900     9.880427     5406.  -0.201  4.478  0.905  -1.1979   7.160   2.2089  0.8662   6.294e-01  1.246e-01  2.601e-01
 0.900     9.889396     5411.  -0.197  4.475  0.908  -1.1986   7.162   2.2186  0.8662   6.305e-01  1.245e-01  2.592e-01
 0.900     9.899919     5418.  -0.191  4.472  0.912  -1.1993   7.164   2.2306  0.8681   6.391e-01  1.216e-01  2.595e-01
 0.900     9.910194     5424.  -0.185  4.468  0.916  -1.2000   7.167   2.2429  0.8681   6.406e-01  1.214e-01  2.583e-01
 0.900     9.920231     5431.  -0.179  4.464  0.920  -1.2000   7.169   2.2556  0.8681   6.423e-01  1.213e-01  2.572e-01
 0.900     9.930042     5438.  -0.173  4.460  0.924  -1.2007   7.172   2.2687  0.8681   6.440e-01  1.211e-01  2.560e-01
 0.900     9.939635     5445.  -0.167  4.456  0.929  -1.2013   7.174   2.2824  0.8681   6.458e-01  1.210e-01  2.548e-01
 0.900     9.949021     5452.  -0.160  4.452  0.933  -1.2020   7.177   2.2963  0.8681   6.476e-01  1.209e-01  2.535e-01
 0.900     9.959722     5460.  -0.152  4.447  0.939  -1.2020   7.180   2.3135  0.8681   6.499e-01  1.207e-01  2.520e-01
 0.900     9.970165     5469.  -0.144  4.441  0.945  -1.2027   7.184   2.3312  0.8698   6.591e-01  1.179e-01  2.517e-01
 0.900     9.980362     5477.  -0.136  4.436  0.951  -1.2034   7.187   2.3499  0.8698   6.616e-01  1.177e-01  2.502e-01
 0.900     9.990326     5486.  -0.128  4.430  0.957  -1.2034   7.190   2.3695  0.8698   6.643e-01  1.176e-01  2.485e-01
 0.900    10.000065     5495.  -0.119  4.424  0.964  -1.2034   7.194   2.3897  0.8698   6.672e-01  1.174e-01  2.469e-01
