#-------------------------------------------------------------------------------------------------------------------
# M/Ms    log t(yr)  Teff     L/Ls    g   R/Rs Log(Li/Li0) log Tc  log ROc   Mrad     Rrad       k2conv      k2rad
#-------------------------------------------------------------------------------------------------------------------
 1.100     5.694315     4471.   0.573  3.461  3.227   0.0000   6.425  -0.5508  0.0000   0.000e+00  4.481e-01  0.000e+00
 1.100     5.700945     4471.   0.568  3.466  3.209   0.0000   6.427  -0.5438  0.0000   0.000e+00  4.482e-01  0.000e+00
 1.100     5.714236     4471.   0.558  3.476  3.174   0.0000   6.432  -0.5298  0.0000   0.000e+00  4.483e-01  0.000e+00
 1.100     5.720892     4470.   0.554  3.480  3.157   0.0000   6.434  -0.5227  0.0000   0.000e+00  4.483e-01  0.000e+00
 1.100     5.734236     4470.   0.544  3.490  3.122   0.0000   6.439  -0.5087  0.0000   0.000e+00  4.484e-01  0.000e+00
 1.100     5.740920     4470.   0.539  3.495  3.105   0.0000   6.441  -0.5017  0.0000   0.000e+00  4.484e-01  0.000e+00
 1.100     5.754318     4469.   0.529  3.504  3.071   0.0000   6.446  -0.4876  0.0000   0.000e+00  4.485e-01  0.000e+00
 1.100     5.761028     4469.   0.525  3.509  3.055   0.0000   6.448  -0.4806  0.0000   0.000e+00  4.486e-01  0.000e+00
 1.100     5.774478     4469.   0.515  3.519  3.021   0.0000   6.453  -0.4665  0.0000   0.000e+00  4.487e-01  0.000e+00
 1.100     5.781214     4469.   0.510  3.523  3.005   0.0000   6.455  -0.4595  0.0000   0.000e+00  4.487e-01  0.000e+00
 1.100     5.794715     4468.   0.500  3.533  2.972   0.0000   6.460  -0.4454  0.0000   0.000e+00  4.488e-01  0.000e+00
 1.100     5.801476     4468.   0.495  3.538  2.956   0.0000   6.462  -0.4384  0.0000   0.000e+00  4.488e-01  0.000e+00
 1.100     5.815028     4467.   0.486  3.547  2.923   0.0000   6.467  -0.4243  0.0000   0.000e+00  4.489e-01  0.000e+00
 1.100     5.821816     4467.   0.481  3.552  2.907   0.0000   6.469  -0.4173  0.0000   0.000e+00  4.490e-01  0.000e+00
 1.100     5.835418     4466.   0.471  3.561  2.876   0.0000   6.474  -0.4032  0.0000   0.000e+00  4.490e-01  0.000e+00
 1.100     5.842232     4466.   0.466  3.566  2.860   0.0000   6.476  -0.3961  0.0000   0.000e+00  4.491e-01  0.000e+00
 1.100     5.849052     4466.   0.461  3.571  2.844   0.0000   6.478  -0.3891  0.0000   0.000e+00  4.491e-01  0.000e+00
 1.100     5.862719     4465.   0.451  3.581  2.813   0.0000   6.483  -0.3750  0.0000   0.000e+00  4.492e-01  0.000e+00
 1.100     5.869563     4465.   0.446  3.585  2.798   0.0000   6.485  -0.3680  0.0000   0.000e+00  4.492e-01  0.000e+00
 1.100     5.883276     4464.   0.437  3.595  2.767   0.0000   6.490  -0.3539  0.0000   0.000e+00  4.493e-01  0.000e+00
 1.100     5.890144     4463.   0.432  3.600  2.752   0.0000   6.492  -0.3468  0.0000   0.000e+00  4.494e-01  0.000e+00
 1.100     5.903904     4463.   0.422  3.609  2.722   0.0000   6.497  -0.3327  0.0000   0.000e+00  4.494e-01  0.000e+00
 1.100     5.910793     4462.   0.417  3.614  2.707   0.0000   6.499  -0.3257  0.0000   0.000e+00  4.495e-01  0.000e+00
 1.100     5.924596     4461.   0.407  3.624  2.677   0.0000   6.504  -0.3116  0.0000   0.000e+00  4.496e-01  0.000e+00
 1.100     5.931505     4461.   0.402  3.628  2.662   0.0000   6.506  -0.3046  0.0000   0.000e+00  4.496e-01  0.000e+00
 1.100     5.945348     4460.   0.392  3.638  2.633   0.0000   6.511  -0.2905  0.0000   0.000e+00  4.497e-01  0.000e+00
 1.100     5.952279     4460.   0.387  3.643  2.619   0.0000   6.513  -0.2834  0.0000   0.000e+00  4.497e-01  0.000e+00
 1.100     5.959215     4459.   0.382  3.648  2.604   0.0000   6.516  -0.2764  0.0000   0.000e+00  4.497e-01  0.000e+00
 1.100     5.973108     4458.   0.372  3.657  2.576   0.0000   6.520  -0.2623  0.0000   0.000e+00  4.498e-01  0.000e+00
 1.100     5.980063     4458.   0.367  3.662  2.562   0.0000   6.523  -0.2553  0.0000   0.000e+00  4.499e-01  0.000e+00
 1.100     5.993995     4457.   0.357  3.671  2.534   0.0000   6.527  -0.2412  0.0000   0.000e+00  4.500e-01  0.000e+00
 1.100     6.000967     4456.   0.352  3.676  2.520   0.0000   6.530  -0.2341  0.0000   0.000e+00  4.500e-01  0.000e+00
 1.100     6.014932     4455.   0.343  3.686  2.492   0.0000   6.534  -0.2201  0.0000   0.000e+00  4.501e-01  0.000e+00
 1.100     6.021925     4455.   0.338  3.691  2.478  -0.0004   6.537  -0.2130  0.0000   0.000e+00  4.501e-01  0.000e+00
 1.100     6.035926     4454.   0.328  3.700  2.451  -0.0004   6.541  -0.1990  0.0000   0.000e+00  4.502e-01  0.000e+00
 1.100     6.042934     4453.   0.323  3.705  2.438  -0.0004   6.544  -0.1919  0.0000   0.000e+00  4.502e-01  0.000e+00
 1.100     6.049950     4453.   0.318  3.710  2.424  -0.0004   6.546  -0.1849  0.0000   0.000e+00  4.503e-01  0.000e+00
 1.100     6.063997     4452.   0.307  3.719  2.398  -0.0004   6.551  -0.1709  0.0000   0.000e+00  4.503e-01  0.000e+00
 1.100     6.071035     4451.   0.302  3.724  2.385  -0.0004   6.553  -0.1639  0.0000   0.000e+00  4.504e-01  0.000e+00
 1.100     6.085119     4450.   0.292  3.734  2.359  -0.0009   6.558  -0.1498  0.0000   0.000e+00  4.505e-01  0.000e+00
 1.100     6.092173     4449.   0.287  3.738  2.346  -0.0009   6.560  -0.1428  0.0000   0.000e+00  4.505e-01  0.000e+00
 1.100     6.099232     4449.   0.282  3.743  2.333  -0.0009   6.562  -0.1358  0.0000   0.000e+00  4.505e-01  0.000e+00
 1.100     6.113372     4447.   0.272  3.753  2.307  -0.0013   6.567  -0.1217  0.0003   8.047e-02  4.506e-01  3.120e-04
 1.100     6.120452     4447.   0.267  3.758  2.295  -0.0017   6.569  -0.1147  0.0012   1.301e-01  4.506e-01  1.165e-03
 1.100     6.134630     4446.   0.257  3.767  2.269  -0.0022   6.574  -0.1005  0.0031   1.776e-01  4.507e-01  2.619e-03
 1.100     6.141729     4445.   0.252  3.772  2.257  -0.0022   6.576  -0.0934  0.0048   2.043e-01  4.507e-01  3.755e-03
 1.100     6.155949     4444.   0.242  3.781  2.232  -0.0026   6.581  -0.0790  0.0090   2.499e-01  4.508e-01  6.362e-03
 1.100     6.163066     4443.   0.237  3.786  2.220  -0.0031   6.583  -0.0718  0.0124   2.767e-01  4.508e-01  8.297e-03
 1.100     6.170194     4443.   0.232  3.791  2.208  -0.0035   6.585  -0.0646  0.0157   2.986e-01  4.508e-01  1.015e-02
 1.100     6.184467     4441.   0.222  3.801  2.184  -0.0039   6.590  -0.0500  0.0224   3.333e-01  4.508e-01  1.367e-02
 1.100     6.191616     4441.   0.217  3.805  2.172  -0.0044   6.592  -0.0427  0.0224   3.315e-01  4.508e-01  1.367e-02
 1.100     6.205932     4439.   0.207  3.815  2.148  -0.0052   6.596  -0.0280  0.0294   3.601e-01  4.507e-01  1.719e-02
 1.100     6.213103     4439.   0.202  3.820  2.136  -0.0057   6.598  -0.0206  0.0330   3.730e-01  4.507e-01  1.899e-02
 1.100     6.220278     4438.   0.197  3.825  2.124  -0.0061   6.600  -0.0132  0.0330   3.709e-01  4.507e-01  1.899e-02
 1.100     6.234327     4437.   0.187  3.834  2.101  -0.0070   6.604   0.0015  0.0404   3.935e-01  4.506e-01  2.249e-02
 1.100     6.240477     4437.   0.183  3.838  2.092  -0.0079   6.606   0.0079  0.0477   4.153e-01  4.504e-01  2.591e-02
 1.100     6.251149     4436.   0.175  3.845  2.075  -0.0083   6.609   0.0191  0.0558   4.354e-01  4.502e-01  2.959e-02
 1.100     6.260510     4435.   0.169  3.851  2.060  -0.0092   6.612   0.0290  0.0558   4.322e-01  4.503e-01  2.958e-02
 1.100     6.272306     4434.   0.161  3.859  2.041  -0.0106   6.615   0.0415  0.0639   4.494e-01  4.500e-01  3.319e-02
 1.100     6.280355     4433.   0.155  3.864  2.029  -0.0114   6.617   0.0500  0.0720   4.660e-01  4.498e-01  3.673e-02
 1.100     6.291615     4433.   0.147  3.872  2.011  -0.0123   6.620   0.0620  0.0801   4.800e-01  4.495e-01  4.022e-02
 1.100     6.299113     4432.   0.142  3.877  2.000  -0.0132   6.623   0.0701  0.0801   4.772e-01  4.495e-01  4.021e-02
 1.100     6.309609     4431.   0.135  3.884  1.984  -0.0146   6.625   0.0814  0.0883   4.901e-01  4.492e-01  4.364e-02
 1.100     6.321308     4430.   0.127  3.892  1.967  -0.0159   6.629   0.0940  0.0964   5.014e-01  4.489e-01  4.703e-02
 1.100     6.329953     4430.   0.121  3.897  1.954  -0.0173   6.631   0.1035  0.1045   5.130e-01  4.485e-01  5.039e-02
 1.100     6.339076     4429.   0.115  3.903  1.940  -0.0186   6.633   0.1134  0.1045   5.093e-01  4.485e-01  5.036e-02
 1.100     6.349198     4428.   0.108  3.910  1.925  -0.0200   6.636   0.1246  0.1126   5.193e-01  4.481e-01  5.368e-02
 1.100     6.359771     4428.   0.101  3.917  1.910  -0.0218   6.639   0.1362  0.1207   5.285e-01  4.477e-01  5.695e-02
 1.100     6.369657     4427.   0.094  3.923  1.896  -0.0232   6.642   0.1472  0.1288   5.372e-01  4.473e-01  6.021e-02
 1.100     6.380039     4426.   0.087  3.930  1.881  -0.0250   6.644   0.1588  0.1369   5.452e-01  4.468e-01  6.343e-02
 1.100     6.389543     4426.   0.080  3.936  1.868  -0.0269   6.647   0.1694  0.1450   5.530e-01  4.463e-01  6.662e-02
 1.100     6.399253     4425.   0.074  3.943  1.854  -0.0287   6.649   0.1802  0.1531   5.602e-01  4.458e-01  6.979e-02
 1.100     6.412864     4424.   0.065  3.951  1.836  -0.0315   6.653   0.1955  0.1612   5.652e-01  4.452e-01  7.292e-02
 1.100     6.420297     4424.   0.060  3.956  1.826  -0.0329   6.655   0.2039  0.1693   5.726e-01  4.447e-01  7.605e-02
 1.100     6.435206     4423.   0.050  3.966  1.806  -0.0357   6.658   0.2208  0.1774   5.761e-01  4.441e-01  7.912e-02
 1.100     6.442676     4423.   0.045  3.970  1.796  -0.0376   6.660   0.2293  0.1855   5.828e-01  4.434e-01  8.222e-02
 1.100     6.450160     4422.   0.040  3.975  1.786  -0.0391   6.662   0.2379  0.1937   5.891e-01  4.428e-01  8.529e-02
 1.100     6.465164     4421.   0.030  3.985  1.766  -0.0424   6.666   0.2551  0.2018   5.915e-01  4.421e-01  8.829e-02
 1.100     6.472654     4421.   0.025  3.989  1.757  -0.0443   6.668   0.2638  0.2099   5.973e-01  4.414e-01  9.133e-02
 1.100     6.480119     4421.   0.020  3.994  1.747  -0.0462   6.670   0.2724  0.2180   6.028e-01  4.407e-01  9.436e-02
 1.100     6.494974     4420.   0.011  4.004  1.729  -0.0501   6.673   0.2897  0.2261   6.044e-01  4.399e-01  9.728e-02
 1.100     6.502363     4420.   0.006  4.008  1.719  -0.0521   6.675   0.2984  0.2342   6.094e-01  4.392e-01  1.003e-01
 1.100     6.509728     4419.   0.001  4.013  1.710  -0.0540   6.677   0.3070  0.2423   6.143e-01  4.384e-01  1.033e-01
 1.100     6.524381     4419.  -0.008  4.022  1.692  -0.0580   6.681   0.3244  0.2504   6.153e-01  4.375e-01  1.061e-01
 1.100     6.531668     4418.  -0.013  4.027  1.683  -0.0605   6.683   0.3330  0.2585   6.197e-01  4.367e-01  1.091e-01
 1.100     6.546167     4418.  -0.022  4.036  1.666  -0.0645   6.686   0.3503  0.2747   6.282e-01  4.350e-01  1.149e-01
 1.100     6.553378     4418.  -0.027  4.040  1.658  -0.0665   6.688   0.3590  0.2828   6.323e-01  4.341e-01  1.178e-01
 1.100     6.560562     4418.  -0.031  4.044  1.649  -0.0691   6.690   0.3677  0.2828   6.285e-01  4.340e-01  1.177e-01
 1.100     6.574849     4417.  -0.040  4.053  1.633  -0.0737   6.693   0.3850  0.2991   6.362e-01  4.321e-01  1.235e-01
 1.100     6.581952     4417.  -0.044  4.058  1.624  -0.0762   6.695   0.3936  0.3072   6.398e-01  4.311e-01  1.264e-01
 1.100     6.589028     4417.  -0.049  4.062  1.616  -0.0783   6.697   0.4023  0.3129   6.412e-01  4.304e-01  1.283e-01
 1.100     6.603099     4417.  -0.057  4.070  1.601  -0.0830   6.700   0.4196  0.3243   6.438e-01  4.289e-01  1.323e-01
 1.100     6.610095     4417.  -0.061  4.075  1.593  -0.0857   6.702   0.4283  0.3351   6.495e-01  4.275e-01  1.361e-01
 1.100     6.624005     4417.  -0.070  4.083  1.578  -0.0904   6.705   0.4456  0.3459   6.511e-01  4.259e-01  1.397e-01
 1.100     6.630919     4417.  -0.074  4.087  1.570  -0.0931   6.707   0.4543  0.3459   6.474e-01  4.258e-01  1.395e-01
 1.100     6.644669     4418.  -0.082  4.095  1.555  -0.0980   6.710   0.4716  0.3675   6.579e-01  4.228e-01  1.471e-01
 1.100     6.651504     4418.  -0.086  4.099  1.548  -0.1007   6.712   0.4803  0.3675   6.541e-01  4.227e-01  1.469e-01
 1.100     6.665094     4419.  -0.093  4.107  1.534  -0.1062   6.716   0.4977  0.3783   6.554e-01  4.209e-01  1.504e-01
 1.100     6.671849     4419.  -0.097  4.111  1.527  -0.1090   6.717   0.5063  0.3891   6.603e-01  4.193e-01  1.542e-01
 1.100     6.685278     4420.  -0.105  4.119  1.513  -0.1146   6.721   0.5237  0.3999   6.613e-01  4.175e-01  1.576e-01
 1.100     6.691950     4421.  -0.108  4.123  1.507  -0.1175   6.722   0.5324  0.4107   6.660e-01  4.158e-01  1.613e-01
 1.100     6.705212     4422.  -0.115  4.131  1.494  -0.1221   6.726   0.5497  0.4253   6.698e-01  4.133e-01  1.662e-01
 1.100     6.711800     4423.  -0.119  4.134  1.487  -0.1249   6.728   0.5584  0.4253   6.661e-01  4.131e-01  1.659e-01
 1.100     6.724891     4424.  -0.126  4.142  1.474  -0.1302   6.731   0.5757  0.4428   6.719e-01  4.101e-01  1.717e-01
 1.100     6.731394     4425.  -0.129  4.145  1.468  -0.1331   6.733   0.5844  0.4428   6.682e-01  4.099e-01  1.714e-01
 1.100     6.744313     4427.  -0.135  4.153  1.456  -0.1385   6.736   0.6018  0.4633   6.760e-01  4.062e-01  1.783e-01
 1.100     6.750729     4428.  -0.139  4.156  1.450  -0.1409   6.738   0.6105  0.4633   6.723e-01  4.060e-01  1.779e-01
 1.100     6.763474     4430.  -0.145  4.163  1.438  -0.1463   6.741   0.6278  0.4735   6.724e-01  4.039e-01  1.810e-01
 1.100     6.769803     4432.  -0.148  4.167  1.433  -0.1494   6.743   0.6365  0.4837   6.761e-01  4.020e-01  1.844e-01
 1.100     6.782375     4434.  -0.153  4.173  1.421  -0.1543   6.746   0.6539  0.4939   6.762e-01  3.998e-01  1.874e-01
 1.100     6.794831     4437.  -0.159  4.180  1.411  -0.1593   6.750   0.6713  0.5144   6.836e-01  3.957e-01  1.941e-01
 1.100     6.801015     4439.  -0.162  4.183  1.405  -0.1618   6.751   0.6800  0.5144   6.799e-01  3.954e-01  1.937e-01
 1.100     6.813293     4442.  -0.167  4.190  1.395  -0.1662   6.755   0.6974  0.5322   6.853e-01  3.916e-01  1.993e-01
 1.100     6.819387     4444.  -0.169  4.193  1.390  -0.1688   6.756   0.7061  0.5322   6.816e-01  3.913e-01  1.989e-01
 1.100     6.831486     4448.  -0.174  4.199  1.380  -0.1739   6.760   0.7234  0.5472   6.850e-01  3.879e-01  2.035e-01
 1.100     6.843465     4452.  -0.179  4.206  1.370  -0.1785   6.763   0.7408  0.5595   6.865e-01  3.849e-01  2.071e-01
 1.100     6.849408     4454.  -0.181  4.209  1.365  -0.1805   6.765   0.7495  0.5657   6.872e-01  3.834e-01  2.089e-01
 1.100     6.861203     4459.  -0.185  4.215  1.356  -0.1851   6.768   0.7669  0.5780   6.886e-01  3.803e-01  2.124e-01
 1.100     6.872874     4464.  -0.189  4.220  1.347  -0.1891   6.772   0.7843  0.5903   6.901e-01  3.771e-01  2.159e-01
 1.100     6.884421     4469.  -0.193  4.226  1.338  -0.1931   6.775   0.8018  0.6026   6.916e-01  3.739e-01  2.193e-01
 1.100     6.890148     4472.  -0.194  4.229  1.334  -0.1952   6.777   0.8105  0.6088   6.924e-01  3.722e-01  2.210e-01
 1.100     6.901507     4478.  -0.197  4.234  1.325  -0.1986   6.781   0.8279  0.6211   6.940e-01  3.688e-01  2.244e-01
 1.100     6.912738     4484.  -0.200  4.240  1.317  -0.2020   6.784   0.8453  0.6334   6.956e-01  3.653e-01  2.278e-01
 1.100     6.923843     4491.  -0.203  4.245  1.309  -0.2055   6.788   0.8627  0.6457   6.973e-01  3.617e-01  2.311e-01
 1.100     6.929347     4494.  -0.204  4.247  1.305  -0.2069   6.790   0.8714  0.6519   6.981e-01  3.599e-01  2.327e-01
 1.100     6.940260     4501.  -0.206  4.252  1.298  -0.2097   6.793   0.8889  0.6642   6.999e-01  3.562e-01  2.360e-01
 1.100     6.951045     4509.  -0.208  4.257  1.291  -0.2118   6.797   0.9063  0.6765   7.018e-01  3.523e-01  2.392e-01
 1.100     6.961702     4517.  -0.210  4.262  1.284  -0.2147   6.800   0.9237  0.6827   6.993e-01  3.500e-01  2.401e-01
 1.100     6.972230     4525.  -0.211  4.266  1.277  -0.2175   6.804   0.9412  0.6888   6.969e-01  3.477e-01  2.409e-01
 1.100     6.982629     4534.  -0.212  4.271  1.271  -0.2197   6.808   0.9586  0.7104   7.058e-01  3.412e-01  2.475e-01
 1.100     6.992900     4543.  -0.213  4.275  1.265  -0.2218   6.811   0.9761  0.7211   7.070e-01  3.374e-01  2.500e-01
 1.100     7.003038     4553.  -0.213  4.279  1.259  -0.2240   6.815   0.9935  0.7319   7.083e-01  3.335e-01  2.524e-01
 1.100     7.013048     4563.  -0.213  4.283  1.253  -0.2255   6.819   1.0110  0.7381   7.062e-01  3.309e-01  2.530e-01
 1.100     7.022927     4573.  -0.213  4.287  1.248  -0.2277   6.823   1.0285  0.7504   7.089e-01  3.265e-01  2.560e-01
 1.100     7.032679     4584.  -0.213  4.290  1.242  -0.2284   6.827   1.0459  0.7627   7.117e-01  3.219e-01  2.589e-01
 1.100     7.042300     4595.  -0.212  4.294  1.237  -0.2299   6.831   1.0634  0.7689   7.099e-01  3.191e-01  2.594e-01
 1.100     7.051789     4608.  -0.211  4.297  1.233  -0.2314   6.835   1.0809  0.7812   7.131e-01  3.144e-01  2.623e-01
 1.100     7.061155     4621.  -0.209  4.300  1.228  -0.2328   6.839   1.0984  0.7873   7.115e-01  3.115e-01  2.627e-01
 1.100     7.070389     4634.  -0.207  4.303  1.224  -0.2336   6.843   1.1158  0.7996   7.150e-01  3.065e-01  2.655e-01
 1.100     7.079492     4648.  -0.204  4.306  1.220  -0.2343   6.847   1.1333  0.8119   7.188e-01  3.014e-01  2.682e-01
 1.100     7.092910     4670.  -0.200  4.310  1.214  -0.2358   6.853   1.1596  0.8243   7.196e-01  2.957e-01  2.698e-01
 1.100     7.101696     4685.  -0.197  4.313  1.211  -0.2366   6.857   1.1771  0.8304   7.186e-01  2.925e-01  2.701e-01
 1.100     7.110354     4701.  -0.194  4.315  1.207  -0.2366   6.861   1.1946  0.8427   7.231e-01  2.871e-01  2.727e-01
 1.100     7.123113     4725.  -0.188  4.318  1.203  -0.2381   6.868   1.2208  0.8550   7.248e-01  2.809e-01  2.741e-01
 1.100     7.131465     4742.  -0.184  4.320  1.200  -0.2381   6.872   1.2383  0.8612   7.243e-01  2.776e-01  2.742e-01
 1.100     7.139703     4759.  -0.179  4.322  1.198  -0.2388   6.876   1.2558  0.8735   7.298e-01  2.716e-01  2.767e-01
 1.100     7.151842     4786.  -0.172  4.325  1.194  -0.2388   6.883   1.2821  0.8858   7.327e-01  2.650e-01  2.780e-01
 1.100     7.159793     4804.  -0.167  4.326  1.192  -0.2396   6.887   1.2996  0.8920   7.328e-01  2.614e-01  2.779e-01
 1.100     7.171513     4831.  -0.159  4.328  1.190  -0.2396   6.894   1.3259  0.9043   7.365e-01  2.545e-01  2.790e-01
 1.100     7.179193     4850.  -0.153  4.329  1.189  -0.2396   6.899   1.3434  0.9105   7.371e-01  2.507e-01  2.788e-01
 1.100     7.190517     4879.  -0.144  4.330  1.187  -0.2403   6.906   1.3697  0.9228   7.419e-01  2.434e-01  2.798e-01
 1.100     7.201605     4910.  -0.134  4.331  1.186  -0.2403   6.913   1.3959  0.9351   7.474e-01  2.358e-01  2.806e-01
 1.100     7.212465     4945.  -0.122  4.331  1.185  -0.2403   6.920   1.4222  0.9410   7.457e-01  2.313e-01  2.787e-01
 1.100     7.219503     4968.  -0.114  4.332  1.185  -0.2403   6.925   1.4396  0.9480   7.488e-01  2.266e-01  2.787e-01
 1.100     7.229692     5003.  -0.102  4.332  1.185  -0.2403   6.933   1.4651  0.9621   7.589e-01  2.174e-01  2.804e-01
 1.100     7.239437     5036.  -0.090  4.331  1.185  -0.2403   6.940   1.4901  0.9692   7.605e-01  2.120e-01  2.789e-01
 1.100     7.251823     5081.  -0.074  4.330  1.186  -0.2403   6.949   1.5224  0.9800   7.658e-01  2.036e-01  2.777e-01
 1.100     7.260646     5116.  -0.061  4.329  1.188  -0.2403   6.956   1.5459  0.9900   7.739e-01  1.960e-01  2.777e-01
 1.100     7.269125     5151.  -0.048  4.328  1.189  -0.2403   6.963   1.5689  0.9946   7.737e-01  1.917e-01  2.753e-01
 1.100     7.279900     5197.  -0.031  4.326  1.192  -0.2403   6.973   1.5986  1.0075   7.870e-01  1.810e-01  2.754e-01
 1.100     7.290115     5244.  -0.013  4.324  1.195  -0.2403   6.982   1.6273  1.0152   7.923e-01  1.737e-01  2.732e-01
 1.100     7.299793     5290.   0.004  4.322  1.197  -0.2403   6.991   1.6548  1.0221   7.972e-01  1.669e-01  2.708e-01
 1.100     7.311196     5347.   0.025  4.320  1.201  -0.2403   7.003   1.6886  1.0316   8.075e-01  1.572e-01  2.685e-01
 1.100     7.319839     5391.   0.042  4.317  1.204  -0.2403   7.012   1.7136  1.0373   8.126e-01  1.508e-01  2.659e-01
 1.100     7.330095     5446.   0.062  4.315  1.208  -0.2403   7.023   1.7437  1.0450   8.224e-01  1.419e-01  2.632e-01
 1.100     7.339761     5498.   0.082  4.312  1.212  -0.2403   7.034   1.7717  1.0536   8.383e-01  1.316e-01  2.614e-01
 1.100     7.350634     5556.   0.103  4.309  1.217  -0.2403   7.048   1.8022  1.0587   8.425e-01  1.243e-01  2.568e-01
 1.100     7.359145     5602.   0.120  4.306  1.220  -0.2403   7.059   1.8245  1.0653   8.579e-01  1.150e-01  2.547e-01
 1.100     7.369140     5655.   0.139  4.303  1.224  -0.2403   7.074   1.8476  1.0713   8.724e-01  1.053e-01  2.515e-01
 1.100     7.379929     5710.   0.157  4.302  1.226  -0.2403   7.091   1.8672  1.0767   8.856e-01  9.572e-02  2.479e-01
 1.100     7.390474     5761.   0.172  4.303  1.225  -0.2403   7.107   1.8812  1.0817   9.009e-01  8.583e-02  2.452e-01
 1.100     7.399729     5802.   0.180  4.307  1.219  -0.2403   7.120   1.8901  1.0846   9.070e-01  7.912e-02  2.431e-01
 1.100     7.409600     5841.   0.184  4.315  1.208  -0.2403   7.131   1.8959  1.0871   9.091e-01  7.299e-02  2.419e-01
 1.100     7.419834     5874.   0.180  4.328  1.189  -0.2403   7.141   1.8987  1.0891   9.069e-01  6.769e-02  2.420e-01
 1.100     7.430152     5899.   0.170  4.346  1.166  -0.2403   7.149   1.9016  1.0902   8.956e-01  6.458e-02  2.431e-01
 1.100     7.440745     5915.   0.154  4.366  1.138  -0.2403   7.154   1.9025  1.0907   8.794e-01  6.288e-02  2.453e-01
 1.100     7.449916     5921.   0.136  4.386  1.113  -0.2403   7.158   1.9009  1.0907   8.612e-01  6.294e-02  2.480e-01
 1.100     7.459515     5918.   0.115  4.406  1.087  -0.2403   7.161   1.8972  1.0902   8.385e-01  6.474e-02  2.512e-01
 1.100     7.469613     5909.   0.093  4.426  1.063  -0.2403   7.162   1.8935  1.0902   8.242e-01  6.497e-02  2.553e-01
 1.100     7.480628     5894.   0.070  4.445  1.040  -0.2403   7.163   1.8888  1.0891   8.023e-01  6.818e-02  2.589e-01
 1.100     7.491636     5877.   0.050  4.459  1.023  -0.2403   7.162   1.8849  1.0886   7.901e-01  6.977e-02  2.624e-01
 1.100     7.502843     5860.   0.036  4.469  1.012  -0.2403   7.162   1.8814  1.0876   7.775e-01  7.253e-02  2.647e-01
 1.100     7.510025     5851.   0.029  4.473  1.007  -0.2403   7.161   1.8796  1.0871   7.722e-01  7.388e-02  2.659e-01
 1.100     7.528433     5835.   0.019  4.478  1.001  -0.2403   7.160   1.8765  1.0864   7.658e-01  7.588e-02  2.676e-01
 1.100     7.540074     5830.   0.016  4.479  1.000  -0.2403   7.159   1.8754  1.0864   7.665e-01  7.595e-02  2.682e-01
 1.100     7.553642     5826.   0.016  4.478  1.001  -0.2403   7.158   1.8746  1.0856   7.626e-01  7.771e-02  2.679e-01
 1.100     7.569383     5824.   0.017  4.477  1.002  -0.2403   7.158   1.8740  1.0856   7.642e-01  7.773e-02  2.679e-01
 1.100     7.587549     5823.   0.018  4.475  1.004  -0.2403   7.157   1.8736  1.0856   7.658e-01  7.774e-02  2.677e-01
 1.100     7.608391     5822.   0.019  4.474  1.006  -0.2403   7.157   1.8732  1.0856   7.672e-01  7.774e-02  2.676e-01
 1.100     7.632149     5822.   0.020  4.472  1.007  -0.2403   7.156   1.8729  1.0856   7.683e-01  7.774e-02  2.674e-01
 1.100     7.659042     5824.   0.023  4.471  1.009  -0.2411   7.156   1.8751  1.0856   7.691e-01  7.770e-02  2.669e-01
 1.100     7.689259     5827.   0.025  4.470  1.011  -0.2411   7.156   1.8772  1.0856   7.695e-01  7.765e-02  2.664e-01
 1.100     7.722946     5833.   0.028  4.468  1.013  -0.2411   7.157   1.8815  1.0864   7.746e-01  7.585e-02  2.660e-01
 1.100     7.760198     5839.   0.031  4.467  1.014  -0.2411   7.157   1.8854  1.0864   7.741e-01  7.577e-02  2.653e-01
 1.100     7.801053     5848.   0.035  4.466  1.015  -0.2411   7.158   1.8918  1.0871   7.788e-01  7.389e-02  2.647e-01
 1.100     7.845491     5858.   0.039  4.465  1.017  -0.2411   7.159   1.8994  1.0876   7.815e-01  7.254e-02  2.637e-01
 1.100     7.893432     5868.   0.043  4.463  1.018  -0.2411   7.160   1.9071  1.0881   7.841e-01  7.117e-02  2.629e-01
 1.100     7.944746     5876.   0.046  4.463  1.019  -0.2411   7.160   1.9133  1.0886   7.871e-01  6.980e-02  2.622e-01
 1.100     7.999255     5882.   0.049  4.462  1.020  -0.2411   7.161   1.9179  1.0886   7.863e-01  6.973e-02  2.616e-01
 1.100     8.056749     5886.   0.050  4.462  1.020  -0.2411   7.161   1.9220  1.0891   7.902e-01  6.837e-02  2.614e-01
 1.100     8.116993     5889.   0.052  4.461  1.021  -0.2411   7.161   1.9252  1.0891   7.900e-01  6.833e-02  2.609e-01
 1.100     8.179733     5892.   0.053  4.460  1.022  -0.2411   7.161   1.9276  1.0891   7.899e-01  6.829e-02  2.606e-01
 1.100     8.244725     5893.   0.055  4.459  1.023  -0.2411   7.162   1.9294  1.0891   7.901e-01  6.827e-02  2.603e-01
 1.100     8.311716     5895.   0.056  4.459  1.024  -0.2411   7.162   1.9311  1.0891   7.905e-01  6.825e-02  2.600e-01
 1.100     8.374143     5896.   0.057  4.458  1.025  -0.2411   7.162   1.9329  1.0891   7.911e-01  6.823e-02  2.597e-01
 1.100     8.428715     5897.   0.059  4.457  1.026  -0.2411   7.163   1.9350  1.0891   7.917e-01  6.821e-02  2.595e-01
 1.100     8.477188     5898.   0.060  4.456  1.027  -0.2411   7.163   1.9370  1.0896   7.968e-01  6.687e-02  2.595e-01
 1.100     8.520790     5899.   0.061  4.455  1.029  -0.2411   7.164   1.9391  1.0896   7.975e-01  6.685e-02  2.592e-01
 1.100     8.560411     5899.   0.062  4.453  1.030  -0.2411   7.164   1.9411  1.0896   7.981e-01  6.683e-02  2.590e-01
 1.100     8.596718     5900.   0.064  4.452  1.031  -0.2411   7.165   1.9430  1.0896   7.987e-01  6.682e-02  2.587e-01
 1.100     8.630222     5901.   0.065  4.452  1.032  -0.2411   7.165   1.9448  1.0896   7.994e-01  6.680e-02  2.585e-01
 1.100     8.661326     5902.   0.066  4.451  1.033  -0.2411   7.166   1.9466  1.0896   8.000e-01  6.679e-02  2.582e-01
 1.100     8.690350     5903.   0.067  4.450  1.034  -0.2411   7.166   1.9485  1.0896   8.006e-01  6.677e-02  2.580e-01
 1.100     8.717556     5904.   0.069  4.449  1.035  -0.2411   7.167   1.9503  1.0896   8.011e-01  6.676e-02  2.577e-01
 1.100     8.743157     5904.   0.070  4.448  1.037  -0.2411   7.167   1.9521  1.0896   8.017e-01  6.674e-02  2.575e-01
 1.100     8.767333     5905.   0.071  4.447  1.038  -0.2411   7.168   1.9539  1.0896   8.023e-01  6.673e-02  2.572e-01
 1.100     8.790234     5906.   0.072  4.446  1.039  -0.2411   7.168   1.9557  1.0896   8.029e-01  6.671e-02  2.570e-01
 1.100     8.811987     5907.   0.073  4.445  1.040  -0.2411   7.169   1.9574  1.0896   8.035e-01  6.670e-02  2.568e-01
 1.100     8.832702     5907.   0.074  4.444  1.041  -0.2411   7.170   1.9592  1.0896   8.041e-01  6.669e-02  2.566e-01
 1.100     8.852475     5908.   0.075  4.443  1.042  -0.2411   7.170   1.9610  1.0896   8.046e-01  6.667e-02  2.563e-01
 1.100     8.871386     5909.   0.077  4.442  1.043  -0.2411   7.171   1.9628  1.0896   8.053e-01  6.666e-02  2.561e-01
 1.100     8.889507     5909.   0.078  4.441  1.044  -0.2411   7.171   1.9647  1.0902   8.114e-01  6.505e-02  2.563e-01
 1.100     8.906903     5910.   0.079  4.440  1.046  -0.2411   7.172   1.9666  1.0902   8.120e-01  6.504e-02  2.560e-01
 1.100     8.923629     5911.   0.080  4.439  1.047  -0.2411   7.172   1.9685  1.0902   8.126e-01  6.502e-02  2.558e-01
 1.100     8.939734     5912.   0.081  4.438  1.048  -0.2411   7.173   1.9705  1.0902   8.132e-01  6.501e-02  2.555e-01
 1.100     8.955264     5913.   0.082  4.437  1.049  -0.2411   7.173   1.9725  1.0902   8.138e-01  6.499e-02  2.553e-01
 1.100     8.970258     5913.   0.084  4.437  1.050  -0.2411   7.174   1.9744  1.0902   8.144e-01  6.498e-02  2.551e-01
 1.100     8.984750     5914.   0.085  4.436  1.051  -0.2411   7.174   1.9764  1.0902   8.149e-01  6.496e-02  2.548e-01
 1.100     8.998775     5915.   0.086  4.435  1.052  -0.2411   7.175   1.9785  1.0902   8.155e-01  6.495e-02  2.545e-01
 1.100     9.012361     5916.   0.087  4.434  1.054  -0.2411   7.176   1.9805  1.0902   8.161e-01  6.493e-02  2.543e-01
 1.100     9.025535     5917.   0.088  4.433  1.055  -0.2411   7.176   1.9826  1.0902   8.167e-01  6.492e-02  2.540e-01
 1.100     9.038322     5918.   0.090  4.432  1.056  -0.2411   7.177   1.9847  1.0902   8.173e-01  6.490e-02  2.538e-01
 1.100     9.050743     5919.   0.091  4.431  1.057  -0.2411   7.177   1.9868  1.0902   8.179e-01  6.488e-02  2.535e-01
 1.100     9.062815     5919.   0.092  4.430  1.058  -0.2411   7.178   1.9890  1.0902   8.185e-01  6.487e-02  2.533e-01
 1.100     9.074564     5920.   0.093  4.429  1.059  -0.2411   7.178   1.9911  1.0902   8.191e-01  6.485e-02  2.530e-01
 1.100     9.086004     5921.   0.095  4.428  1.061  -0.2411   7.179   1.9933  1.0902   8.197e-01  6.483e-02  2.527e-01
 1.100     9.097150     5922.   0.096  4.427  1.062  -0.2411   7.179   1.9955  1.0907   8.262e-01  6.317e-02  2.529e-01
 1.100     9.108017     5923.   0.097  4.426  1.063  -0.2411   7.180   1.9977  1.0907   8.268e-01  6.316e-02  2.526e-01
 1.100     9.118615     5924.   0.098  4.425  1.064  -0.2411   7.181   1.9999  1.0907   8.274e-01  6.314e-02  2.524e-01
 1.100     9.128964     5925.   0.100  4.424  1.065  -0.2411   7.181   2.0021  1.0907   8.280e-01  6.313e-02  2.521e-01
 1.100     9.139073     5926.   0.101  4.423  1.067  -0.2411   7.182   2.0044  1.0907   8.285e-01  6.311e-02  2.518e-01
 1.100     9.148951     5927.   0.102  4.422  1.068  -0.2411   7.182   2.0067  1.0907   8.291e-01  6.309e-02  2.515e-01
 1.100     9.158610     5928.   0.103  4.421  1.069  -0.2411   7.183   2.0090  1.0907   8.298e-01  6.307e-02  2.513e-01
 1.100     9.168058     5929.   0.105  4.420  1.070  -0.2411   7.184   2.0113  1.0907   8.304e-01  6.306e-02  2.510e-01
 1.100     9.177303     5930.   0.106  4.419  1.072  -0.2411   7.184   2.0137  1.0907   8.310e-01  6.304e-02  2.507e-01
 1.100     9.186357     5931.   0.107  4.418  1.073  -0.2411   7.185   2.0160  1.0907   8.316e-01  6.302e-02  2.505e-01
 1.100     9.195227     5932.   0.109  4.417  1.074  -0.2411   7.185   2.0184  1.0907   8.323e-01  6.301e-02  2.502e-01
 1.100     9.203919     5933.   0.110  4.416  1.076  -0.2411   7.186   2.0207  1.0907   8.329e-01  6.299e-02  2.499e-01
 1.100     9.212441     5933.   0.111  4.415  1.077  -0.2411   7.187   2.0231  1.0907   8.335e-01  6.297e-02  2.496e-01
 1.100     9.220796     5935.   0.113  4.414  1.078  -0.2411   7.187   2.0255  1.0913   8.405e-01  6.125e-02  2.498e-01
 1.100     9.228995     5936.   0.114  4.413  1.079  -0.2411   7.188   2.0279  1.0913   8.411e-01  6.124e-02  2.495e-01
 1.100     9.237043     5936.   0.115  4.412  1.081  -0.2411   7.188   2.0304  1.0913   8.418e-01  6.122e-02  2.492e-01
 1.100     9.244945     5937.   0.117  4.410  1.082  -0.2411   7.189   2.0329  1.0913   8.424e-01  6.120e-02  2.489e-01
 1.100     9.252705     5938.   0.118  4.409  1.083  -0.2411   7.190   2.0354  1.0913   8.431e-01  6.118e-02  2.486e-01
 1.100     9.260327     5939.   0.119  4.408  1.085  -0.2411   7.190   2.0379  1.0913   8.438e-01  6.117e-02  2.484e-01
 1.100     9.267819     5940.   0.121  4.407  1.086  -0.2411   7.191   2.0404  1.0913   8.444e-01  6.115e-02  2.481e-01
 1.100     9.275185     5941.   0.122  4.406  1.087  -0.2411   7.191   2.0429  1.0913   8.451e-01  6.113e-02  2.478e-01
 1.100     9.282427     5942.   0.123  4.405  1.089  -0.2411   7.192   2.0455  1.0913   8.457e-01  6.111e-02  2.475e-01
 1.100     9.289551     5943.   0.125  4.404  1.090  -0.2411   7.193   2.0481  1.0913   8.464e-01  6.109e-02  2.472e-01
 1.100     9.296558     5944.   0.126  4.403  1.091  -0.2411   7.194   2.0506  1.0913   8.470e-01  6.108e-02  2.469e-01
 1.100     9.303455     5945.   0.127  4.402  1.093  -0.2411   7.194   2.0533  1.0913   8.477e-01  6.106e-02  2.466e-01
 1.100     9.310245     5946.   0.129  4.401  1.094  -0.2411   7.195   2.0559  1.0919   8.552e-01  5.928e-02  2.468e-01
 1.100     9.316930     5947.   0.130  4.400  1.096  -0.2411   7.195   2.0586  1.0919   8.560e-01  5.926e-02  2.465e-01
 1.100     9.323514     5948.   0.132  4.398  1.097  -0.2411   7.196   2.0613  1.0919   8.567e-01  5.924e-02  2.462e-01
 1.100     9.329998     5949.   0.133  4.397  1.098  -0.2411   7.197   2.0640  1.0919   8.574e-01  5.923e-02  2.459e-01
 1.100     9.336388     5950.   0.134  4.396  1.100  -0.2411   7.197   2.0667  1.0919   8.581e-01  5.921e-02  2.456e-01
 1.100     9.342685     5951.   0.136  4.395  1.101  -0.2411   7.198   2.0694  1.0919   8.588e-01  5.919e-02  2.453e-01
 1.100     9.348893     5952.   0.137  4.394  1.103  -0.2411   7.199   2.0721  1.0919   8.595e-01  5.917e-02  2.450e-01
 1.100     9.355013     5953.   0.139  4.393  1.104  -0.2411   7.199   2.0749  1.0919   8.602e-01  5.916e-02  2.447e-01
 1.100     9.361048     5954.   0.140  4.392  1.106  -0.2411   7.200   2.0777  1.0919   8.609e-01  5.914e-02  2.444e-01
 1.100     9.366998     5954.   0.142  4.391  1.107  -0.2411   7.201   2.0806  1.0919   8.617e-01  5.912e-02  2.441e-01
 1.100     9.372870     5955.   0.143  4.389  1.109  -0.2411   7.201   2.0834  1.0919   8.625e-01  5.910e-02  2.438e-01
 1.100     9.378663     5956.   0.144  4.388  1.110  -0.2411   7.202   2.0863  1.0923   8.687e-01  5.772e-02  2.438e-01
 1.100     9.384380     5957.   0.146  4.387  1.112  -0.2411   7.203   2.0892  1.0923   8.695e-01  5.770e-02  2.435e-01
 1.100     9.390023     5958.   0.147  4.386  1.113  -0.2411   7.204   2.0921  1.0923   8.702e-01  5.768e-02  2.432e-01
 1.100     9.395592     5959.   0.149  4.385  1.115  -0.2411   7.204   2.0950  1.0923   8.710e-01  5.767e-02  2.429e-01
 1.100     9.401092     5960.   0.150  4.383  1.116  -0.2411   7.205   2.0979  1.0923   8.718e-01  5.765e-02  2.426e-01
 1.100     9.406523     5961.   0.152  4.382  1.118  -0.2411   7.206   2.1009  1.0923   8.726e-01  5.763e-02  2.423e-01
 1.100     9.411887     5962.   0.153  4.381  1.119  -0.2411   7.206   2.1039  1.0923   8.734e-01  5.761e-02  2.420e-01
 1.100     9.417186     5963.   0.155  4.380  1.121  -0.2411   7.207   2.1070  1.0923   8.742e-01  5.759e-02  2.417e-01
 1.100     9.422419     5964.   0.156  4.379  1.123  -0.2411   7.208   2.1101  1.0923   8.750e-01  5.758e-02  2.414e-01
 1.100     9.427592     5964.   0.158  4.377  1.124  -0.2411   7.208   2.1132  1.0928   8.817e-01  5.615e-02  2.414e-01
 1.100     9.432703     5965.   0.159  4.376  1.126  -0.2411   7.209   2.1163  1.0928   8.825e-01  5.613e-02  2.411e-01
 1.100     9.437755     5966.   0.161  4.375  1.127  -0.2411   7.210   2.1195  1.0928   8.833e-01  5.611e-02  2.408e-01
 1.100     9.442749     5967.   0.162  4.374  1.129  -0.2411   7.211   2.1226  1.0928   8.841e-01  5.610e-02  2.404e-01
 1.100     9.447685     5968.   0.164  4.372  1.131  -0.2411   7.211   2.1258  1.0928   8.850e-01  5.608e-02  2.401e-01
 1.100     9.452567     5969.   0.165  4.371  1.132  -0.2411   7.212   2.1291  1.0928   8.858e-01  5.606e-02  2.398e-01
 1.100     9.457394     5970.   0.167  4.370  1.134  -0.2411   7.213   2.1324  1.0928   8.867e-01  5.604e-02  2.395e-01
 1.100     9.462169     5971.   0.168  4.368  1.136  -0.2411   7.213   2.1357  1.0928   8.876e-01  5.602e-02  2.392e-01
 1.100     9.466891     5972.   0.170  4.367  1.137  -0.2411   7.214   2.1390  1.0930   8.926e-01  5.504e-02  2.391e-01
 1.100     9.471563     5972.   0.172  4.366  1.139  -0.2411   7.215   2.1424  1.0930   8.935e-01  5.502e-02  2.388e-01
 1.100     9.476184     5973.   0.173  4.365  1.141  -0.2411   7.216   2.1458  1.0930   8.944e-01  5.501e-02  2.384e-01
 1.100     9.480757     5974.   0.175  4.363  1.143  -0.2411   7.217   2.1492  1.0930   8.953e-01  5.499e-02  2.381e-01
 1.100     9.485283     5975.   0.176  4.362  1.144  -0.2411   7.217   2.1527  1.0930   8.962e-01  5.497e-02  2.378e-01
 1.100     9.489762     5976.   0.178  4.361  1.146  -0.2411   7.218   2.1561  1.0930   8.972e-01  5.495e-02  2.375e-01
 1.100     9.494195     5977.   0.179  4.359  1.148  -0.2411   7.219   2.1597  1.0930   8.981e-01  5.493e-02  2.371e-01
 1.100     9.498582     5978.   0.181  4.358  1.150  -0.2411   7.220   2.1633  1.0933   9.034e-01  5.393e-02  2.370e-01
 1.100     9.502927     5978.   0.183  4.356  1.151  -0.2411   7.221   2.1669  1.0933   9.044e-01  5.391e-02  2.367e-01
 1.100     9.507228     5979.   0.184  4.355  1.153  -0.2411   7.221   2.1706  1.0933   9.053e-01  5.389e-02  2.364e-01
 1.100     9.511488     5980.   0.186  4.354  1.155  -0.2411   7.222   2.1742  1.0933   9.063e-01  5.388e-02  2.361e-01
 1.100     9.515706     5981.   0.187  4.352  1.157  -0.2411   7.223   2.1780  1.0933   9.073e-01  5.386e-02  2.357e-01
 1.100     9.519882     5982.   0.189  4.351  1.159  -0.2411   7.224   2.1817  1.0933   9.083e-01  5.384e-02  2.354e-01
 1.100     9.524019     5982.   0.191  4.349  1.161  -0.2411   7.224   2.1855  1.0933   9.093e-01  5.382e-02  2.351e-01
 1.100     9.528118     5983.   0.192  4.348  1.163  -0.2411   7.225   2.1893  1.0936   9.149e-01  5.280e-02  2.349e-01
 1.100     9.532178     5984.   0.194  4.347  1.165  -0.2411   7.226   2.1933  1.0936   9.160e-01  5.278e-02  2.346e-01
 1.100     9.536201     5985.   0.196  4.345  1.167  -0.2411   7.227   2.1972  1.0936   9.170e-01  5.276e-02  2.343e-01
 1.100     9.540186     5986.   0.198  4.344  1.169  -0.2411   7.228   2.2012  1.0936   9.181e-01  5.274e-02  2.339e-01
 1.100     9.544135     5986.   0.199  4.342  1.171  -0.2411   7.229   2.2052  1.0936   9.192e-01  5.273e-02  2.336e-01
 1.100     9.548049     5987.   0.201  4.341  1.173  -0.2411   7.229   2.2092  1.0936   9.203e-01  5.271e-02  2.333e-01
 1.100     9.551928     5988.   0.203  4.339  1.175  -0.2411   7.230   2.2133  1.0936   9.214e-01  5.269e-02  2.329e-01
 1.100     9.555773     5989.   0.204  4.338  1.177  -0.2411   7.231   2.2175  1.0936   9.225e-01  5.267e-02  2.326e-01
 1.100     9.559583     5989.   0.206  4.336  1.179  -0.2411   7.232   2.2217  1.0939   9.284e-01  5.162e-02  2.325e-01
 1.100     9.563360     5990.   0.208  4.335  1.181  -0.2411   7.233   2.2259  1.0939   9.295e-01  5.160e-02  2.321e-01
 1.100     9.567105     5991.   0.209  4.333  1.183  -0.2411   7.234   2.2301  1.0939   9.307e-01  5.159e-02  2.318e-01
 1.100     9.570818     5991.   0.211  4.332  1.185  -0.2411   7.235   2.2342  1.0939   9.319e-01  5.157e-02  2.314e-01
 1.100     9.574500     5992.   0.213  4.330  1.187  -0.2411   7.236   2.2384  1.0939   9.331e-01  5.155e-02  2.311e-01
 1.100     9.578151     5993.   0.215  4.328  1.189  -0.2411   7.237   2.2426  1.0939   9.343e-01  5.154e-02  2.308e-01
 1.100     9.581770     5993.   0.216  4.327  1.191  -0.2411   7.238   2.2468  1.0939   9.356e-01  5.152e-02  2.304e-01
 1.100     9.585360     5994.   0.218  4.325  1.193  -0.2411   7.239   2.2509  1.0939   9.368e-01  5.151e-02  2.301e-01
 1.100     9.588921     5994.   0.220  4.324  1.196  -0.2411   7.240   2.2551  1.0942   9.431e-01  5.043e-02  2.300e-01
 1.100     9.592453     5995.   0.222  4.322  1.198  -0.2411   7.242   2.2593  1.0942   9.444e-01  5.042e-02  2.297e-01
 1.100     9.595957     5995.   0.223  4.321  1.200  -0.2411   7.243   2.2635  1.0942   9.457e-01  5.040e-02  2.294e-01
 1.100     9.599431     5995.   0.225  4.319  1.202  -0.2411   7.244   2.2677  1.0942   9.471e-01  5.039e-02  2.291e-01
 1.100     9.602879     5996.   0.227  4.317  1.204  -0.2411   7.245   2.2721  1.0942   9.484e-01  5.038e-02  2.287e-01
 1.100     9.606300     5996.   0.228  4.316  1.207  -0.2411   7.246   2.2765  1.0942   9.498e-01  5.036e-02  2.284e-01
 1.100     9.609694     5996.   0.230  4.314  1.209  -0.2411   7.247   2.2811  1.0942   9.511e-01  5.035e-02  2.281e-01
 1.100     9.613061     5997.   0.232  4.313  1.211  -0.2411   7.249   2.2858  1.0942   9.525e-01  5.033e-02  2.278e-01
 1.100     9.616402     5997.   0.233  4.311  1.213  -0.2411   7.250   2.2906  1.0942   9.540e-01  5.032e-02  2.275e-01
 1.100     9.619718     5997.   0.235  4.309  1.216  -0.2411   7.251   2.2954  1.0942   9.555e-01  5.031e-02  2.271e-01
 1.100     9.623009     5997.   0.237  4.308  1.218  -0.2411   7.252   2.3003  1.0942   9.570e-01  5.030e-02  2.268e-01
 1.100     9.626276     5997.   0.239  4.306  1.221  -0.2411   7.253   2.3052  1.0942   9.585e-01  5.028e-02  2.265e-01
 1.100     9.629518     5997.   0.240  4.304  1.223  -0.2411   7.254   2.3100  1.0942   9.600e-01  5.027e-02  2.262e-01
 1.100     9.632735     5997.   0.242  4.302  1.226  -0.2411   7.255   2.3151  1.0942   9.616e-01  5.026e-02  2.259e-01
 1.100     9.635929     5997.   0.244  4.301  1.228  -0.2411   7.256   2.3201  1.0945   9.694e-01  4.900e-02  2.258e-01
 1.100     9.639100     5997.   0.246  4.299  1.230  -0.2411   7.258   2.3250  1.0945   9.710e-01  4.899e-02  2.255e-01
 1.100     9.642248     5997.   0.247  4.297  1.233  -0.2411   7.259   2.3300  1.0945   9.726e-01  4.898e-02  2.252e-01
 1.100     9.645373     5997.   0.249  4.295  1.235  -0.2411   7.260   2.3350  1.0945   9.743e-01  4.897e-02  2.249e-01
 1.100     9.648476     5997.   0.251  4.294  1.238  -0.2411   7.262   2.3398  1.0945   9.759e-01  4.897e-02  2.246e-01
 1.100     9.651556     5997.   0.253  4.292  1.240  -0.2411   7.263   2.3449  1.0945   9.777e-01  4.896e-02  2.243e-01
 1.100     9.654615     5996.   0.254  4.290  1.243  -0.2411   7.265   2.3497  1.0945   9.795e-01  4.895e-02  2.241e-01
 1.100     9.657653     5996.   0.256  4.288  1.245  -0.2411   7.267   2.3546  1.0945   9.812e-01  4.894e-02  2.238e-01
 1.100     9.660670     5995.   0.257  4.287  1.248  -0.2411   7.269   2.3593  1.0945   9.830e-01  4.894e-02  2.235e-01
 1.100     9.663666     5995.   0.259  4.285  1.250  -0.2411   7.271   2.3640  1.0945   9.849e-01  4.893e-02  2.233e-01
 1.100     9.666641     5994.   0.260  4.283  1.253  -0.2411   7.273   2.3686  1.0945   9.867e-01  4.893e-02  2.231e-01
 1.100     9.669596     5993.   0.262  4.281  1.255  -0.2411   7.275   2.3731  1.0945   9.886e-01  4.893e-02  2.229e-01
 1.100     9.672531     5992.   0.263  4.280  1.258  -0.2411   7.277   2.3775  1.0945   9.906e-01  4.893e-02  2.227e-01
 1.100     9.675447     5991.   0.265  4.278  1.260  -0.2411   7.279   2.3821  1.0945   9.925e-01  4.893e-02  2.225e-01
 1.100     9.678343     5989.   0.266  4.276  1.263  -0.2411   7.281   2.3807  1.0942   9.881e-01  5.017e-02  2.221e-01
 1.100     9.681219     5988.   0.267  4.275  1.265  -0.2411   7.283   2.3760  1.0942   9.901e-01  5.018e-02  2.220e-01
 1.100     9.684077     5986.   0.268  4.273  1.267  -0.2411   7.285   2.3715  1.0942   9.922e-01  5.019e-02  2.219e-01
 1.100     9.686916     5984.   0.269  4.272  1.269  -0.2411   7.287   2.3667  1.0942   9.944e-01  5.020e-02  2.218e-01
 1.100     9.689737     5982.   0.270  4.270  1.272  -0.2411   7.289   2.3664  1.0942   9.967e-01  5.022e-02  2.218e-01
 1.100     9.692539     5979.   0.271  4.269  1.274  -0.2411   7.291   2.3643  1.0942   9.990e-01  5.023e-02  2.218e-01
 1.100     9.695323     5976.   0.271  4.267  1.276  -0.2411   7.292   2.3566  1.0939   9.959e-01  5.131e-02  2.216e-01
 1.100     9.698090     5973.   0.272  4.266  1.279  -0.2411   7.293   2.3503  1.0939   9.984e-01  5.133e-02  2.216e-01
 1.100     9.700840     5971.   0.273  4.264  1.281  -0.2411   7.295   2.3553  1.0939   1.001e+00  5.134e-02  2.215e-01
 1.100     9.703572     5968.   0.274  4.262  1.284  -0.2411   7.296   2.3598  1.0939   1.004e+00  5.136e-02  2.215e-01
 1.100     9.706287     5965.   0.275  4.260  1.286  -0.2411   7.297   2.3527  1.0936   1.001e+00  5.242e-02  2.214e-01
 1.100     9.708985     5961.   0.275  4.259  1.288  -0.2411   7.298   2.3475  1.0936   1.004e+00  5.245e-02  2.214e-01
 1.100     9.711666     5959.   0.277  4.257  1.291  -0.2411   7.300   2.3529  1.0936   1.006e+00  5.246e-02  2.213e-01
 1.100     9.714331     5956.   0.277  4.255  1.294  -0.2411   7.301   2.3572  1.0933   1.004e+00  5.349e-02  2.211e-01
 1.100     9.716979     5951.   0.278  4.254  1.296  -0.2411   7.302   2.3506  1.0933   1.007e+00  5.353e-02  2.213e-01
 1.100     9.719446     5948.   0.278  4.252  1.299  -0.2411   7.302   2.3447  1.0930   1.005e+00  5.453e-02  2.212e-01
 1.100     9.721490     5946.   0.280  4.250  1.302  -0.2411   7.304   2.3508  1.0930   1.008e+00  5.454e-02  2.210e-01
 1.100     9.723931     5943.   0.280  4.248  1.304  -0.2411   7.305   2.3542  1.0930   1.010e+00  5.457e-02  2.211e-01
 1.100     9.726522     5939.   0.281  4.247  1.307  -0.2411   7.307   2.3581  1.0930   1.013e+00  5.460e-02  2.212e-01
 1.100     9.729027     5935.   0.281  4.245  1.309  -0.2411   7.308   2.3562  1.0928   1.011e+00  5.559e-02  2.212e-01
 1.100     9.731103     5929.   0.281  4.244  1.311  -0.2411   7.305   2.3331  1.0923   1.007e+00  5.705e-02  2.213e-01
 1.100     9.732826     5930.   0.284  4.241  1.315  -0.2411   7.307   2.3429  1.0928   1.017e+00  5.562e-02  2.209e-01
 1.100     9.734885     5928.   0.285  4.240  1.317  -0.2411   7.308   2.3457  1.0923   1.012e+00  5.703e-02  2.206e-01
 1.100     9.737267     5924.   0.285  4.238  1.319  -0.2411   7.309   2.3488  1.0923   1.014e+00  5.706e-02  2.208e-01
 1.100     9.739454     5920.   0.285  4.237  1.322  -0.2411   7.311   2.3525  1.0923   1.018e+00  5.711e-02  2.210e-01
 1.100     9.741465     5916.   0.286  4.235  1.324  -0.2411   7.312   2.3558  1.0919   1.014e+00  5.849e-02  2.208e-01
 1.100     9.743321     5913.   0.286  4.234  1.326  -0.2411   7.314   2.3592  1.0919   1.016e+00  5.852e-02  2.209e-01
 1.100     9.745040     5909.   0.287  4.232  1.329  -0.2411   7.315   2.3626  1.0919   1.019e+00  5.856e-02  2.210e-01
 1.100     9.746638     5906.   0.287  4.231  1.331  -0.2411   7.316   2.3661  1.0913   1.013e+00  6.030e-02  2.206e-01
 1.100     9.748129     5904.   0.288  4.229  1.333  -0.2411   7.317   2.3695  1.0913   1.015e+00  6.033e-02  2.207e-01
 1.100     9.749368     5901.   0.288  4.228  1.335  -0.2411   7.319   2.3727  1.0913   1.017e+00  6.036e-02  2.208e-01
 1.100     9.750848     5897.   0.288  4.228  1.335  -0.2411   7.317   2.3603  1.0913   1.019e+00  6.042e-02  2.212e-01
 1.100     9.752079     5893.   0.287  4.227  1.336  -0.2411   7.311   2.3295  1.0907   1.013e+00  6.213e-02  2.211e-01
 1.100     9.753102     5895.   0.290  4.225  1.340  -0.2411   7.313   2.3375  1.0913   1.023e+00  6.042e-02  2.209e-01
 1.100     9.754326     5894.   0.291  4.224  1.342  -0.2411   7.314   2.3402  1.0913   1.024e+00  6.042e-02  2.208e-01
 1.100     9.755791     5892.   0.291  4.223  1.343  -0.2411   7.315   2.3424  1.0907   1.018e+00  6.210e-02  2.204e-01
 1.100     9.757542     5889.   0.291  4.222  1.345  -0.2411   7.316   2.3447  1.0907   1.020e+00  6.214e-02  2.206e-01
 1.100     9.759198     5885.   0.292  4.220  1.347  -0.2411   7.317   2.3473  1.0907   1.023e+00  6.218e-02  2.208e-01
 1.100     9.760756     5882.   0.292  4.219  1.349  -0.2411   7.318   2.3499  1.0907   1.025e+00  6.222e-02  2.209e-01
 1.100     9.762228     5879.   0.292  4.218  1.351  -0.2411   7.319   2.3526  1.0902   1.020e+00  6.385e-02  2.206e-01
 1.100     9.763618     5875.   0.293  4.216  1.353  -0.2411   7.320   2.3552  1.0902   1.022e+00  6.389e-02  2.208e-01
 1.100     9.764934     5873.   0.293  4.215  1.355  -0.2411   7.321   2.3579  1.0902   1.025e+00  6.393e-02  2.209e-01
 1.100     9.766184     5870.   0.293  4.214  1.357  -0.2411   7.322   2.3605  1.0902   1.027e+00  6.396e-02  2.210e-01
 1.100     9.767370     5867.   0.294  4.213  1.358  -0.2411   7.323   2.3631  1.0896   1.021e+00  6.553e-02  2.207e-01
 1.100     9.768498     5865.   0.294  4.212  1.360  -0.2411   7.324   2.3656  1.0896   1.023e+00  6.556e-02  2.208e-01
 1.100     9.769573     5863.   0.294  4.211  1.362  -0.2411   7.324   2.3682  1.0896   1.025e+00  6.558e-02  2.208e-01
 1.100     9.770597     5861.   0.295  4.210  1.363  -0.2411   7.325   2.3707  1.0896   1.027e+00  6.561e-02  2.209e-01
 1.100     9.771575     5859.   0.295  4.209  1.365  -0.2411   7.326   2.3732  1.0896   1.029e+00  6.563e-02  2.210e-01
 1.100     9.772509     5857.   0.296  4.208  1.366  -0.2411   7.327   2.3757  1.0891   1.024e+00  6.693e-02  2.206e-01
 1.100     9.773403     5855.   0.296  4.207  1.368  -0.2411   7.328   2.3777  1.0891   1.025e+00  6.695e-02  2.207e-01
 1.100     9.774256     5854.   0.296  4.206  1.369  -0.2411   7.329   2.3800  1.0891   1.027e+00  6.698e-02  2.208e-01
 1.100     9.775070     5852.   0.297  4.205  1.370  -0.2411   7.329   2.3825  1.0891   1.028e+00  6.699e-02  2.208e-01
 1.100     9.775848     5851.   0.297  4.204  1.372  -0.2411   7.330   2.3848  1.0891   1.030e+00  6.701e-02  2.208e-01
 1.100     9.776595     5850.   0.298  4.204  1.373  -0.2411   7.331   2.3873  1.0891   1.031e+00  6.702e-02  2.208e-01
 1.100     9.777311     5849.   0.298  4.203  1.374  -0.2411   7.332   2.3898  1.0891   1.032e+00  6.703e-02  2.208e-01
 1.100     9.777997     5848.   0.299  4.202  1.375  -0.2411   7.332   2.3923  1.0891   1.033e+00  6.704e-02  2.208e-01
 1.100     9.778655     5847.   0.299  4.201  1.377  -0.2411   7.333   2.3948  1.0891   1.034e+00  6.704e-02  2.207e-01
 1.100     9.779287     5847.   0.300  4.201  1.378  -0.2411   7.334   2.3973  1.0886   1.029e+00  6.829e-02  2.203e-01
 1.100     9.779894     5846.   0.300  4.200  1.379  -0.2411   7.335   2.3998  1.0886   1.030e+00  6.829e-02  2.202e-01
 1.100     9.780477     5846.   0.301  4.199  1.380  -0.2411   7.335   2.4022  1.0886   1.031e+00  6.829e-02  2.201e-01
 1.100     9.781038     5845.   0.301  4.199  1.381  -0.2411   7.336   2.4046  1.0886   1.031e+00  6.829e-02  2.201e-01
 1.100     9.781577     5845.   0.302  4.198  1.382  -0.2411   7.337   2.4069  1.0886   1.032e+00  6.829e-02  2.200e-01
 1.100     9.782096     5845.   0.303  4.197  1.383  -0.2411   7.338   2.4093  1.0886   1.033e+00  6.829e-02  2.199e-01
 1.100     9.789029     5850.   0.314  4.188  1.399  -0.2411   7.349   2.4476  1.0891   1.046e+00  6.686e-02  2.180e-01
