#-------------------------------------------------------------------------------------------------------------------
# M/Ms    log t(yr)  Teff     L/Ls    g   R/Rs Log(Li/Li0) log Tc  log ROc   Mrad     Rrad       k2conv      k2rad
#-------------------------------------------------------------------------------------------------------------------
 1.000     5.693063     4397.   0.508  3.456  3.096   0.0000   6.402  -0.5378  0.0000   0.000e+00  4.479e-01  0.000e+00
 1.000     5.699731     4397.   0.503  3.461  3.079   0.0000   6.404  -0.5308  0.0000   0.000e+00  4.480e-01  0.000e+00
 1.000     5.713101     4396.   0.493  3.470  3.045   0.0000   6.409  -0.5167  0.0000   0.000e+00  4.481e-01  0.000e+00
 1.000     5.719800     4396.   0.488  3.475  3.029   0.0000   6.412  -0.5097  0.0000   0.000e+00  4.481e-01  0.000e+00
 1.000     5.733232     4395.   0.479  3.485  2.995   0.0000   6.416  -0.4956  0.0000   0.000e+00  4.482e-01  0.000e+00
 1.000     5.739961     4395.   0.474  3.489  2.979   0.0000   6.418  -0.4886  0.0000   0.000e+00  4.482e-01  0.000e+00
 1.000     5.753449     4394.   0.464  3.499  2.946   0.0000   6.423  -0.4746  0.0000   0.000e+00  4.483e-01  0.000e+00
 1.000     5.760208     4394.   0.459  3.504  2.930   0.0000   6.426  -0.4675  0.0000   0.000e+00  4.484e-01  0.000e+00
 1.000     5.773752     4393.   0.449  3.513  2.898   0.0000   6.430  -0.4535  0.0000   0.000e+00  4.485e-01  0.000e+00
 1.000     5.780538     4393.   0.444  3.518  2.882   0.0000   6.433  -0.4464  0.0000   0.000e+00  4.485e-01  0.000e+00
 1.000     5.794137     4392.   0.434  3.528  2.851   0.0000   6.437  -0.4323  0.0000   0.000e+00  4.486e-01  0.000e+00
 1.000     5.800949     4392.   0.429  3.532  2.835   0.0000   6.439  -0.4253  0.0000   0.000e+00  4.487e-01  0.000e+00
 1.000     5.814599     4391.   0.419  3.542  2.804   0.0000   6.444  -0.4112  0.0000   0.000e+00  4.487e-01  0.000e+00
 1.000     5.821436     4390.   0.415  3.547  2.789   0.0000   6.446  -0.4042  0.0000   0.000e+00  4.488e-01  0.000e+00
 1.000     5.835137     4389.   0.405  3.556  2.758   0.0000   6.451  -0.3901  0.0000   0.000e+00  4.489e-01  0.000e+00
 1.000     5.841999     4389.   0.400  3.561  2.743   0.0000   6.453  -0.3831  0.0000   0.000e+00  4.489e-01  0.000e+00
 1.000     5.855747     4388.   0.390  3.571  2.713   0.0000   6.458  -0.3690  0.0000   0.000e+00  4.490e-01  0.000e+00
 1.000     5.862633     4388.   0.385  3.575  2.698   0.0000   6.460  -0.3620  0.0000   0.000e+00  4.491e-01  0.000e+00
 1.000     5.869527     4387.   0.380  3.580  2.683   0.0000   6.463  -0.3549  0.0000   0.000e+00  4.491e-01  0.000e+00
 1.000     5.883335     4386.   0.370  3.590  2.654   0.0000   6.467  -0.3409  0.0000   0.000e+00  4.492e-01  0.000e+00
 1.000     5.890250     4386.   0.365  3.595  2.639   0.0000   6.470  -0.3338  0.0000   0.000e+00  4.492e-01  0.000e+00
 1.000     5.904100     4385.   0.355  3.604  2.610   0.0000   6.474  -0.3197  0.0000   0.000e+00  4.493e-01  0.000e+00
 1.000     5.911036     4384.   0.350  3.609  2.596   0.0000   6.477  -0.3127  0.0000   0.000e+00  4.494e-01  0.000e+00
 1.000     5.924927     4383.   0.340  3.619  2.567   0.0000   6.481  -0.2986  0.0000   0.000e+00  4.495e-01  0.000e+00
 1.000     5.931884     4383.   0.335  3.623  2.553   0.0000   6.484  -0.2916  0.0000   0.000e+00  4.495e-01  0.000e+00
 1.000     5.945815     4382.   0.325  3.633  2.525   0.0000   6.488  -0.2775  0.0000   0.000e+00  4.496e-01  0.000e+00
 1.000     5.952791     4381.   0.320  3.638  2.511   0.0000   6.491  -0.2705  0.0000   0.000e+00  4.496e-01  0.000e+00
 1.000     5.959773     4380.   0.315  3.642  2.498   0.0000   6.493  -0.2634  0.0000   0.000e+00  4.497e-01  0.000e+00
 1.000     5.973755     4379.   0.305  3.652  2.470   0.0000   6.498  -0.2493  0.0000   0.000e+00  4.497e-01  0.000e+00
 1.000     5.980759     4379.   0.300  3.657  2.457   0.0000   6.500  -0.2423  0.0000   0.000e+00  4.498e-01  0.000e+00
 1.000     5.994779     4378.   0.290  3.666  2.430   0.0000   6.505  -0.2282  0.0000   0.000e+00  4.499e-01  0.000e+00
 1.000     6.001799     4377.   0.285  3.671  2.416   0.0000   6.507  -0.2212  0.0000   0.000e+00  4.499e-01  0.000e+00
 1.000     6.015863     4376.   0.275  3.681  2.390   0.0000   6.511  -0.2071  0.0000   0.000e+00  4.500e-01  0.000e+00
 1.000     6.022902     4375.   0.270  3.686  2.377   0.0000   6.514  -0.2000  0.0000   0.000e+00  4.500e-01  0.000e+00
 1.000     6.029948     4375.   0.265  3.690  2.364   0.0000   6.516  -0.1930  0.0000   0.000e+00  4.501e-01  0.000e+00
 1.000     6.044057     4373.   0.255  3.700  2.338   0.0000   6.521  -0.1789  0.0000   0.000e+00  4.502e-01  0.000e+00
 1.000     6.051122     4373.   0.250  3.705  2.325   0.0000   6.523  -0.1718  0.0000   0.000e+00  4.502e-01  0.000e+00
 1.000     6.065270     4371.   0.240  3.714  2.299   0.0000   6.528  -0.1577  0.0000   0.000e+00  4.503e-01  0.000e+00
 1.000     6.072353     4371.   0.235  3.719  2.287  -0.0004   6.530  -0.1507  0.0000   0.000e+00  4.503e-01  0.000e+00
 1.000     6.079445     4370.   0.229  3.724  2.274  -0.0004   6.533  -0.1436  0.0000   0.000e+00  4.504e-01  0.000e+00
 1.000     6.093642     4369.   0.219  3.733  2.249  -0.0004   6.537  -0.1295  0.0000   0.000e+00  4.504e-01  0.000e+00
 1.000     6.100753     4368.   0.214  3.738  2.237  -0.0004   6.540  -0.1224  0.0000   0.000e+00  4.505e-01  0.000e+00
 1.000     6.114991     4367.   0.204  3.748  2.212  -0.0004   6.544  -0.1083  0.0000   0.000e+00  4.505e-01  0.000e+00
 1.000     6.122121     4366.   0.199  3.753  2.200  -0.0004   6.547  -0.1013  0.0000   0.000e+00  4.506e-01  0.000e+00
 1.000     6.129255     4366.   0.194  3.757  2.188  -0.0009   6.549  -0.0942  0.0000   0.000e+00  4.506e-01  0.000e+00
 1.000     6.143543     4364.   0.184  3.767  2.164  -0.0009   6.554  -0.0801  0.0000   0.000e+00  4.507e-01  0.000e+00
 1.000     6.150695     4364.   0.179  3.772  2.152  -0.0009   6.556  -0.0730  0.0000   0.000e+00  4.507e-01  0.000e+00
 1.000     6.165016     4362.   0.169  3.781  2.129  -0.0013   6.561  -0.0588  0.0000   0.000e+00  4.508e-01  0.000e+00
 1.000     6.172185     4362.   0.164  3.786  2.117  -0.0017   6.563  -0.0518  0.0000   0.000e+00  4.508e-01  0.000e+00
 1.000     6.179356     4361.   0.159  3.791  2.105  -0.0017   6.565  -0.0447  0.0000   0.000e+00  4.508e-01  0.000e+00
 1.000     6.193720     4360.   0.149  3.800  2.082  -0.0022   6.570  -0.0305  0.0000   0.000e+00  4.509e-01  0.000e+00
 1.000     6.200908     4359.   0.144  3.805  2.071  -0.0026   6.572  -0.0234  0.0000   0.000e+00  4.509e-01  0.000e+00
 1.000     6.215294     4358.   0.134  3.815  2.048  -0.0035   6.577  -0.0092  0.0005   8.780e-02  4.510e-01  5.632e-04
 1.000     6.222493     4357.   0.128  3.820  2.037  -0.0039   6.580  -0.0021  0.0016   1.310e-01  4.510e-01  1.599e-03
 1.000     6.229695     4356.   0.123  3.824  2.026  -0.0044   6.582   0.0051  0.0028   1.586e-01  4.510e-01  2.621e-03
 1.000     6.244106     4355.   0.113  3.834  2.004  -0.0057   6.586   0.0194  0.0067   2.093e-01  4.511e-01  5.348e-03
 1.000     6.251317     4354.   0.108  3.839  1.993  -0.0061   6.589   0.0266  0.0082   2.232e-01  4.511e-01  6.366e-03
 1.000     6.265744     4353.   0.098  3.848  1.971  -0.0074   6.593   0.0411  0.0112   2.458e-01  4.511e-01  8.302e-03
 1.000     6.272964     4352.   0.093  3.853  1.960  -0.0083   6.595   0.0484  0.0143   2.652e-01  4.511e-01  1.016e-02
 1.000     6.280182     4352.   0.088  3.858  1.949  -0.0092   6.597   0.0557  0.0173   2.817e-01  4.511e-01  1.194e-02
 1.000     6.294632     4350.   0.078  3.867  1.928  -0.0110   6.602   0.0703  0.0233   3.088e-01  4.510e-01  1.537e-02
 1.000     6.301859     4350.   0.073  3.872  1.917  -0.0119   6.604   0.0777  0.0267   3.216e-01  4.510e-01  1.720e-02
 1.000     6.309091     4349.   0.068  3.877  1.907  -0.0128   6.606   0.0851  0.0300   3.332e-01  4.509e-01  1.900e-02
 1.000     6.322261     4348.   0.059  3.886  1.888  -0.0150   6.610   0.0986  0.0367   3.538e-01  4.508e-01  2.251e-02
 1.000     6.329278     4347.   0.054  3.890  1.878  -0.0159   6.612   0.1058  0.0367   3.519e-01  4.508e-01  2.250e-02
 1.000     6.341858     4346.   0.045  3.898  1.860  -0.0182   6.615   0.1188  0.0434   3.695e-01  4.507e-01  2.592e-02
 1.000     6.352071     4344.   0.038  3.905  1.846  -0.0200   6.618   0.1294  0.0507   3.875e-01  4.505e-01  2.960e-02
 1.000     6.362047     4343.   0.031  3.912  1.832  -0.0223   6.621   0.1398  0.0581   4.035e-01  4.503e-01  3.322e-02
 1.000     6.371801     4342.   0.024  3.918  1.818  -0.0241   6.624   0.1500  0.0581   4.005e-01  4.503e-01  3.321e-02
 1.000     6.381213     4341.   0.017  3.924  1.805  -0.0264   6.626   0.1599  0.0655   4.150e-01  4.501e-01  3.675e-02
 1.000     6.390571     4340.   0.011  3.931  1.793  -0.0287   6.629   0.1698  0.0729   4.281e-01  4.498e-01  4.024e-02
 1.000     6.399111     4339.   0.005  3.936  1.781  -0.0311   6.631   0.1789  0.0729   4.253e-01  4.498e-01  4.023e-02
 1.000     6.409157     4338.  -0.002  3.943  1.768  -0.0334   6.634   0.1896  0.0802   4.369e-01  4.495e-01  4.367e-02
 1.000     6.419333     4337.  -0.009  3.949  1.754  -0.0367   6.637   0.2005  0.0876   4.476e-01  4.492e-01  4.707e-02
 1.000     6.431084     4336.  -0.018  3.957  1.739  -0.0400   6.640   0.2132  0.0950   4.569e-01  4.488e-01  5.042e-02
 1.000     6.441943     4334.  -0.025  3.964  1.725  -0.0438   6.643   0.2249  0.1023   4.657e-01  4.484e-01  5.374e-02
 1.000     6.453005     4333.  -0.033  3.971  1.710  -0.0472   6.646   0.2369  0.1097   4.738e-01  4.480e-01  5.702e-02
 1.000     6.460095     4332.  -0.038  3.976  1.701  -0.0496   6.647   0.2445  0.1097   4.711e-01  4.480e-01  5.700e-02
 1.000     6.474792     4330.  -0.048  3.985  1.683  -0.0550   6.651   0.2605  0.1245   4.883e-01  4.472e-01  6.351e-02
 1.000     6.482154     4330.  -0.053  3.990  1.674  -0.0580   6.653   0.2686  0.1245   4.855e-01  4.471e-01  6.348e-02
 1.000     6.489530     4329.  -0.058  3.995  1.665  -0.0605   6.655   0.2767  0.1318   4.933e-01  4.467e-01  6.669e-02
 1.000     6.504315     4327.  -0.068  4.004  1.647  -0.0665   6.659   0.2930  0.1392   4.978e-01  4.462e-01  6.984e-02
 1.000     6.511724     4326.  -0.073  4.009  1.638  -0.0696   6.661   0.3012  0.1466   5.048e-01  4.456e-01  7.300e-02
 1.000     6.519150     4325.  -0.078  4.014  1.629  -0.0731   6.662   0.3094  0.1539   5.115e-01  4.451e-01  7.615e-02
 1.000     6.534043     4323.  -0.089  4.023  1.611  -0.0794   6.666   0.3261  0.1613   5.148e-01  4.445e-01  7.922e-02
 1.000     6.541513     4323.  -0.094  4.028  1.603  -0.0830   6.668   0.3344  0.1687   5.207e-01  4.439e-01  8.232e-02
 1.000     6.549000     4322.  -0.099  4.033  1.594  -0.0867   6.670   0.3429  0.1760   5.265e-01  4.432e-01  8.541e-02
 1.000     6.564023     4320.  -0.109  4.042  1.577  -0.0937   6.673   0.3598  0.1834   5.287e-01  4.425e-01  8.841e-02
 1.000     6.571563     4319.  -0.114  4.047  1.568  -0.0980   6.675   0.3684  0.1908   5.339e-01  4.419e-01  9.145e-02
 1.000     6.579123     4318.  -0.119  4.051  1.560  -0.1018   6.677   0.3770  0.1982   5.388e-01  4.412e-01  9.448e-02
 1.000     6.594215     4317.  -0.129  4.061  1.543  -0.1101   6.681   0.3943  0.2055   5.402e-01  4.404e-01  9.742e-02
 1.000     6.601720     4316.  -0.134  4.065  1.535  -0.1141   6.683   0.4030  0.2129   5.447e-01  4.396e-01  1.004e-01
 1.000     6.609198     4315.  -0.139  4.070  1.527  -0.1186   6.684   0.4116  0.2203   5.491e-01  4.389e-01  1.034e-01
 1.000     6.624074     4314.  -0.148  4.079  1.511  -0.1278   6.688   0.4290  0.2276   5.500e-01  4.380e-01  1.063e-01
 1.000     6.631471     4314.  -0.153  4.084  1.503  -0.1325   6.690   0.4376  0.2350   5.540e-01  4.371e-01  1.092e-01
 1.000     6.646185     4313.  -0.162  4.093  1.487  -0.1415   6.694   0.4549  0.2498   5.616e-01  4.354e-01  1.151e-01
 1.000     6.653501     4312.  -0.167  4.097  1.480  -0.1463   6.695   0.4636  0.2571   5.652e-01  4.345e-01  1.180e-01
 1.000     6.660790     4312.  -0.172  4.101  1.472  -0.1512   6.697   0.4722  0.2571   5.619e-01  4.344e-01  1.179e-01
 1.000     6.675287     4311.  -0.181  4.110  1.458  -0.1618   6.700   0.4896  0.2719   5.687e-01  4.325e-01  1.236e-01
 1.000     6.682495     4310.  -0.185  4.114  1.451  -0.1662   6.702   0.4982  0.2792   5.720e-01  4.315e-01  1.265e-01
 1.000     6.689676     4310.  -0.190  4.119  1.443  -0.1713   6.704   0.5069  0.2844   5.732e-01  4.308e-01  1.285e-01
 1.000     6.703958     4310.  -0.198  4.127  1.429  -0.1818   6.707   0.5242  0.2948   5.755e-01  4.292e-01  1.324e-01
 1.000     6.711058     4309.  -0.202  4.131  1.422  -0.1871   6.709   0.5329  0.3046   5.806e-01  4.278e-01  1.362e-01
 1.000     6.725175     4309.  -0.211  4.140  1.409  -0.1979   6.713   0.5502  0.3144   5.821e-01  4.263e-01  1.399e-01
 1.000     6.732191     4309.  -0.215  4.144  1.402  -0.2034   6.714   0.5589  0.3144   5.787e-01  4.261e-01  1.396e-01
 1.000     6.739180     4309.  -0.219  4.148  1.396  -0.2090   6.716   0.5675  0.3243   5.835e-01  4.247e-01  1.434e-01
 1.000     6.753071     4309.  -0.227  4.156  1.383  -0.2197   6.719   0.5849  0.3341   5.847e-01  4.230e-01  1.470e-01
 1.000     6.759974     4309.  -0.231  4.160  1.377  -0.2255   6.721   0.5936  0.3439   5.892e-01  4.214e-01  1.508e-01
 1.000     6.773694     4310.  -0.239  4.168  1.364  -0.2373   6.724   0.6109  0.3537   5.903e-01  4.196e-01  1.543e-01
 1.000     6.780511     4310.  -0.242  4.172  1.358  -0.2426   6.726   0.6196  0.3635   5.946e-01  4.180e-01  1.580e-01
 1.000     6.794058     4311.  -0.250  4.179  1.346  -0.2541   6.729   0.6369  0.3734   5.954e-01  4.161e-01  1.614e-01
 1.000     6.800789     4311.  -0.253  4.183  1.340  -0.2588   6.731   0.6456  0.3800   5.971e-01  4.148e-01  1.639e-01
 1.000     6.814162     4312.  -0.260  4.191  1.329  -0.2708   6.735   0.6630  0.3866   5.955e-01  4.134e-01  1.660e-01
 1.000     6.820806     4313.  -0.264  4.194  1.323  -0.2765   6.736   0.6716  0.3933   5.971e-01  4.121e-01  1.684e-01
 1.000     6.834005     4314.  -0.271  4.202  1.312  -0.2882   6.740   0.6890  0.4026   5.973e-01  4.101e-01  1.715e-01
 1.000     6.840560     4315.  -0.274  4.205  1.307  -0.2933   6.741   0.6977  0.4119   6.009e-01  4.083e-01  1.749e-01
 1.000     6.853581     4317.  -0.280  4.212  1.296  -0.3045   6.745   0.7150  0.4212   6.010e-01  4.062e-01  1.780e-01
 1.000     6.860046     4318.  -0.283  4.216  1.291  -0.3107   6.746   0.7237  0.4304   6.044e-01  4.043e-01  1.814e-01
 1.000     6.872887     4320.  -0.289  4.223  1.280  -0.3215   6.750   0.7411  0.4397   6.045e-01  4.022e-01  1.844e-01
 1.000     6.879261     4322.  -0.292  4.226  1.275  -0.3261   6.751   0.7498  0.4490   6.078e-01  4.002e-01  1.878e-01
 1.000     6.891919     4324.  -0.298  4.233  1.266  -0.3382   6.755   0.7672  0.4583   6.079e-01  3.979e-01  1.908e-01
 1.000     6.904453     4327.  -0.303  4.240  1.256  -0.3487   6.758   0.7845  0.4676   6.079e-01  3.956e-01  1.937e-01
 1.000     6.910673     4329.  -0.306  4.243  1.251  -0.3536   6.760   0.7932  0.4757   6.103e-01  3.937e-01  1.965e-01
 1.000     6.923021     4332.  -0.311  4.249  1.242  -0.3625   6.763   0.8106  0.4919   6.151e-01  3.898e-01  2.022e-01
 1.000     6.929148     4334.  -0.314  4.252  1.238  -0.3675   6.765   0.8193  0.4975   6.157e-01  3.883e-01  2.040e-01
 1.000     6.941306     4338.  -0.318  4.259  1.229  -0.3757   6.769   0.8367  0.5087   6.170e-01  3.854e-01  2.076e-01
 1.000     6.953337     4342.  -0.323  4.265  1.220  -0.3851   6.772   0.8541  0.5199   6.183e-01  3.823e-01  2.111e-01
 1.000     6.959304     4344.  -0.325  4.268  1.216  -0.3883   6.774   0.8628  0.5255   6.190e-01  3.807e-01  2.129e-01
 1.000     6.971143     4349.  -0.329  4.273  1.208  -0.3969   6.777   0.8802  0.5366   6.203e-01  3.775e-01  2.164e-01
 1.000     6.982852     4354.  -0.332  4.279  1.200  -0.4045   6.781   0.8976  0.5478   6.216e-01  3.743e-01  2.199e-01
 1.000     6.994433     4360.  -0.336  4.285  1.192  -0.4134   6.784   0.9150  0.5534   6.191e-01  3.723e-01  2.210e-01
 1.000     7.000174     4363.  -0.337  4.288  1.189  -0.4168   6.786   0.9237  0.5590   6.198e-01  3.706e-01  2.227e-01
 1.000     7.011562     4369.  -0.340  4.293  1.181  -0.4248   6.789   0.9412  0.5702   6.212e-01  3.671e-01  2.261e-01
 1.000     7.022816     4375.  -0.343  4.298  1.174  -0.4318   6.793   0.9586  0.5814   6.227e-01  3.636e-01  2.294e-01
 1.000     7.033946     4382.  -0.345  4.303  1.167  -0.4389   6.796   0.9760  0.5926   6.242e-01  3.600e-01  2.327e-01
 1.000     7.039458     4385.  -0.346  4.306  1.164  -0.4425   6.798   0.9847  0.5982   6.250e-01  3.581e-01  2.343e-01
 1.000     7.050387     4393.  -0.348  4.311  1.157  -0.4486   6.802   1.0022  0.6094   6.267e-01  3.544e-01  2.376e-01
 1.000     7.061185     4401.  -0.350  4.315  1.151  -0.4535   6.806   1.0196  0.6206   6.284e-01  3.505e-01  2.407e-01
 1.000     7.071853     4409.  -0.351  4.320  1.145  -0.4597   6.809   1.0370  0.6262   6.262e-01  3.481e-01  2.416e-01
 1.000     7.082390     4418.  -0.352  4.325  1.139  -0.4647   6.813   1.0545  0.6360   6.271e-01  3.445e-01  2.442e-01
 1.000     7.092794     4427.  -0.353  4.329  1.133  -0.4698   6.817   1.0719  0.6458   6.280e-01  3.408e-01  2.467e-01
 1.000     7.103064     4437.  -0.354  4.333  1.128  -0.4737   6.821   1.0894  0.6556   6.291e-01  3.371e-01  2.491e-01
 1.000     7.113208     4447.  -0.354  4.337  1.123  -0.4776   6.824   1.1068  0.6710   6.344e-01  3.314e-01  2.539e-01
 1.000     7.123221     4457.  -0.353  4.341  1.118  -0.4815   6.828   1.1243  0.6766   6.325e-01  3.288e-01  2.545e-01
 1.000     7.133104     4468.  -0.353  4.345  1.113  -0.4855   6.832   1.1418  0.6878   6.350e-01  3.243e-01  2.575e-01
 1.000     7.142855     4480.  -0.352  4.348  1.108  -0.4881   6.836   1.1592  0.6990   6.376e-01  3.196e-01  2.604e-01
 1.000     7.152478     4491.  -0.351  4.352  1.104  -0.4908   6.840   1.1767  0.7046   6.360e-01  3.169e-01  2.609e-01
 1.000     7.161976     4504.  -0.349  4.355  1.100  -0.4935   6.844   1.1942  0.7157   6.389e-01  3.120e-01  2.637e-01
 1.000     7.171346     4517.  -0.348  4.358  1.096  -0.4962   6.848   1.2116  0.7213   6.375e-01  3.091e-01  2.641e-01
 1.000     7.180593     4530.  -0.345  4.361  1.092  -0.4976   6.852   1.2291  0.7325   6.407e-01  3.041e-01  2.669e-01
 1.000     7.189718     4544.  -0.343  4.364  1.088  -0.4989   6.856   1.2466  0.7437   6.441e-01  2.989e-01  2.696e-01
 1.000     7.203180     4566.  -0.339  4.368  1.083  -0.5017   6.862   1.2728  0.7549   6.450e-01  2.931e-01  2.712e-01
 1.000     7.212006     4581.  -0.335  4.371  1.080  -0.5031   6.867   1.2903  0.7605   6.441e-01  2.899e-01  2.715e-01
 1.000     7.220715     4597.  -0.332  4.373  1.077  -0.5045   6.871   1.3078  0.7717   6.482e-01  2.844e-01  2.741e-01
 1.000     7.229305     4614.  -0.327  4.375  1.075  -0.5058   6.875   1.3253  0.7773   6.476e-01  2.811e-01  2.742e-01
 1.000     7.241980     4641.  -0.320  4.378  1.071  -0.5072   6.882   1.3515  0.7871   6.481e-01  2.754e-01  2.749e-01
 1.000     7.250286     4660.  -0.315  4.380  1.068  -0.5086   6.886   1.3690  0.7941   6.491e-01  2.713e-01  2.756e-01
 1.000     7.262541     4689.  -0.307  4.383  1.065  -0.5086   6.893   1.3953  0.8053   6.515e-01  2.647e-01  2.768e-01
 1.000     7.270579     4709.  -0.301  4.384  1.063  -0.5100   6.898   1.4128  0.8165   6.571e-01  2.583e-01  2.792e-01
 1.000     7.282430     4740.  -0.292  4.386  1.061  -0.5100   6.905   1.4390  0.8277   6.605e-01  2.513e-01  2.804e-01
 1.000     7.290202     4761.  -0.285  4.387  1.059  -0.5114   6.910   1.4565  0.8333   6.610e-01  2.474e-01  2.802e-01
 1.000     7.301672     4793.  -0.275  4.389  1.057  -0.5114   6.917   1.4828  0.8389   6.589e-01  2.430e-01  2.786e-01
 1.000     7.309200     4815.  -0.268  4.390  1.056  -0.5114   6.922   1.5003  0.8501   6.663e-01  2.359e-01  2.810e-01
 1.000     7.320283     4847.  -0.258  4.391  1.055  -0.5114   6.929   1.5265  0.8554   6.645e-01  2.314e-01  2.791e-01
 1.000     7.330917     4880.  -0.247  4.392  1.054  -0.5129   6.937   1.5520  0.8683   6.726e-01  2.225e-01  2.808e-01
 1.000     7.341142     4914.  -0.235  4.392  1.054  -0.5129   6.944   1.5769  0.8747   6.732e-01  2.171e-01  2.794e-01
 1.000     7.350938     4950.  -0.222  4.392  1.054  -0.5129   6.951   1.6011  0.8811   6.744e-01  2.117e-01  2.781e-01
 1.000     7.360381     4987.  -0.210  4.392  1.054  -0.5129   6.959   1.6248  0.8909   6.813e-01  2.039e-01  2.787e-01
 1.000     7.369464     5021.  -0.198  4.392  1.054  -0.5129   6.966   1.6478  0.8955   6.808e-01  1.995e-01  2.766e-01
 1.000     7.381005     5066.  -0.182  4.392  1.054  -0.5129   6.976   1.6774  0.9083   6.923e-01  1.885e-01  2.773e-01
 1.000     7.389347     5100.  -0.169  4.391  1.055  -0.5129   6.983   1.6990  0.9121   6.918e-01  1.844e-01  2.750e-01
 1.000     7.399992     5147.  -0.153  4.390  1.056  -0.5129   6.992   1.7266  0.9194   6.961e-01  1.771e-01  2.732e-01
 1.000     7.410178     5194.  -0.136  4.389  1.057  -0.5129   7.002   1.7531  0.9292   7.067e-01  1.673e-01  2.728e-01
 1.000     7.419981     5240.  -0.120  4.389  1.058  -0.5129   7.012   1.7791  0.9350   7.104e-01  1.606e-01  2.707e-01
 1.000     7.429384     5286.  -0.104  4.388  1.059  -0.5129   7.022   1.8029  0.9405   7.144e-01  1.541e-01  2.685e-01
 1.000     7.440675     5342.  -0.085  4.387  1.059  -0.5129   7.034   1.8302  0.9477   7.216e-01  1.452e-01  2.663e-01
 1.000     7.449414     5386.  -0.071  4.388  1.059  -0.5129   7.045   1.8495  0.9527   7.265e-01  1.387e-01  2.645e-01
 1.000     7.460508     5441.  -0.054  4.388  1.058  -0.5129   7.060   1.8701  0.9578   7.301e-01  1.314e-01  2.618e-01
 1.000     7.471086     5491.  -0.040  4.390  1.056  -0.5129   7.075   1.8846  0.9624   7.332e-01  1.245e-01  2.596e-01
 1.000     7.479686     5530.  -0.031  4.393  1.052  -0.5129   7.087   1.8932  0.9665   7.379e-01  1.183e-01  2.586e-01
 1.000     7.490703     5573.  -0.024  4.400  1.045  -0.5129   7.099   1.8999  0.9701   7.385e-01  1.122e-01  2.574e-01
 1.000     7.499380     5600.  -0.023  4.407  1.036  -0.5129   7.108   1.9019  0.9730   7.395e-01  1.073e-01  2.576e-01
 1.000     7.510116     5625.  -0.027  4.419  1.022  -0.5129   7.117   1.9013  0.9749   7.335e-01  1.038e-01  2.581e-01
 1.000     7.520920     5640.  -0.037  4.434  1.004  -0.5129   7.123   1.9008  0.9762   7.249e-01  1.013e-01  2.596e-01
 1.000     7.529725     5646.  -0.049  4.447  0.989  -0.5129   7.127   1.9013  0.9776   7.196e-01  9.889e-02  2.618e-01
 1.000     7.541051     5645.  -0.067  4.465  0.968  -0.5129   7.130   1.9019  0.9776   7.055e-01  9.895e-02  2.642e-01
 1.000     7.550950     5639.  -0.084  4.480  0.952  -0.5129   7.133   1.9020  0.9776   6.950e-01  9.909e-02  2.668e-01
 1.000     7.561052     5628.  -0.101  4.494  0.937  -0.5129   7.134   1.9011  0.9776   6.864e-01  9.930e-02  2.695e-01
 1.000     7.575198     5609.  -0.123  4.510  0.920  -0.5129   7.135   1.8992  0.9776   6.777e-01  9.961e-02  2.730e-01
 1.000     7.584215     5597.  -0.134  4.517  0.912  -0.5129   7.135   1.8974  0.9762   6.680e-01  1.022e-01  2.741e-01
 1.000     7.594792     5584.  -0.145  4.524  0.905  -0.5129   7.135   1.8953  0.9762   6.650e-01  1.024e-01  2.760e-01
 1.000     7.607155     5570.  -0.154  4.529  0.900  -0.5129   7.135   1.8933  0.9762   6.630e-01  1.026e-01  2.777e-01
 1.000     7.621540     5559.  -0.162  4.533  0.896  -0.5129   7.134   1.8914  0.9749   6.564e-01  1.051e-01  2.782e-01
 1.000     7.638196     5550.  -0.167  4.535  0.894  -0.5129   7.133   1.8898  0.9749   6.563e-01  1.053e-01  2.791e-01
 1.000     7.657374     5543.  -0.169  4.535  0.894  -0.5129   7.132   1.8884  0.9749   6.569e-01  1.054e-01  2.797e-01
 1.000     7.679323     5539.  -0.170  4.535  0.894  -0.5129   7.132   1.8873  0.9739   6.543e-01  1.070e-01  2.793e-01
 1.000     7.704278     5536.  -0.169  4.534  0.895  -0.5129   7.131   1.8860  0.9739   6.554e-01  1.071e-01  2.795e-01
 1.000     7.732444     5534.  -0.169  4.533  0.896  -0.5129   7.130   1.8848  0.9739   6.566e-01  1.071e-01  2.796e-01
 1.000     7.763997     5532.  -0.169  4.532  0.897  -0.5129   7.130   1.8838  0.9739   6.577e-01  1.071e-01  2.797e-01
 1.000     7.799064     5532.  -0.168  4.530  0.899  -0.5129   7.129   1.8847  0.9739   6.585e-01  1.071e-01  2.795e-01
 1.000     7.837718     5532.  -0.167  4.530  0.900  -0.5129   7.129   1.8850  0.9739   6.592e-01  1.071e-01  2.794e-01
 1.000     7.879974     5532.  -0.166  4.529  0.900  -0.5129   7.128   1.8853  0.9739   6.598e-01  1.071e-01  2.793e-01
 1.000     7.925788     5533.  -0.165  4.528  0.901  -0.5129   7.128   1.8862  0.9739   6.603e-01  1.071e-01  2.792e-01
 1.000     7.975062     5536.  -0.163  4.527  0.902  -0.5129   7.128   1.8893  0.9739   6.604e-01  1.071e-01  2.787e-01
 1.000     8.027643     5541.  -0.161  4.526  0.903  -0.5129   7.128   1.8924  0.9739   6.604e-01  1.070e-01  2.782e-01
 1.000     8.083341     5547.  -0.158  4.525  0.904  -0.5129   7.129   1.8974  0.9739   6.602e-01  1.069e-01  2.774e-01
 1.000     8.141932     5554.  -0.155  4.524  0.905  -0.5129   7.129   1.9030  0.9749   6.636e-01  1.052e-01  2.773e-01
 1.000     8.203180     5561.  -0.152  4.523  0.906  -0.5129   7.129   1.9084  0.9749   6.633e-01  1.051e-01  2.765e-01
 1.000     8.266827     5565.  -0.150  4.523  0.907  -0.5129   7.129   1.9121  0.9749   6.631e-01  1.050e-01  2.760e-01
 1.000     8.332626     5567.  -0.148  4.522  0.907  -0.5129   7.129   1.9148  0.9749   6.632e-01  1.050e-01  2.757e-01
 1.000     8.392312     5569.  -0.147  4.521  0.908  -0.5129   7.129   1.9171  0.9749   6.635e-01  1.050e-01  2.754e-01
 1.000     8.444777     5570.  -0.146  4.521  0.909  -0.5129   7.129   1.9190  0.9749   6.638e-01  1.049e-01  2.752e-01
 1.000     8.491582     5572.  -0.145  4.520  0.909  -0.5129   7.130   1.9203  0.9749   6.641e-01  1.049e-01  2.750e-01
 1.000     8.533829     5572.  -0.144  4.519  0.910  -0.5129   7.130   1.9216  0.9749   6.645e-01  1.049e-01  2.748e-01
 1.000     8.572329     5573.  -0.143  4.519  0.911  -0.5129   7.130   1.9227  0.9749   6.649e-01  1.049e-01  2.747e-01
 1.000     8.607692     5574.  -0.142  4.518  0.911  -0.5129   7.130   1.9240  0.9749   6.653e-01  1.049e-01  2.746e-01
 1.000     8.640391     5575.  -0.141  4.517  0.912  -0.5129   7.131   1.9253  0.9749   6.656e-01  1.049e-01  2.744e-01
 1.000     8.670800     5576.  -0.140  4.517  0.913  -0.5129   7.131   1.9267  0.9749   6.660e-01  1.049e-01  2.742e-01
 1.000     8.699217     5576.  -0.139  4.516  0.913  -0.5129   7.131   1.9280  0.9749   6.663e-01  1.048e-01  2.741e-01
 1.000     8.725890     5577.  -0.139  4.516  0.914  -0.5129   7.131   1.9294  0.9749   6.666e-01  1.048e-01  2.739e-01
 1.000     8.751019     5578.  -0.138  4.515  0.915  -0.5129   7.132   1.9308  0.9762   6.726e-01  1.025e-01  2.746e-01
 1.000     8.774772     5579.  -0.137  4.514  0.915  -0.5129   7.132   1.9322  0.9762   6.729e-01  1.025e-01  2.744e-01
 1.000     8.797294     5580.  -0.136  4.514  0.916  -0.5129   7.132   1.9337  0.9762   6.732e-01  1.025e-01  2.742e-01
 1.000     8.818705     5581.  -0.135  4.513  0.917  -0.5129   7.133   1.9351  0.9762   6.735e-01  1.024e-01  2.741e-01
 1.000     8.839110     5582.  -0.134  4.513  0.917  -0.5129   7.133   1.9366  0.9762   6.738e-01  1.024e-01  2.739e-01
 1.000     8.858599     5583.  -0.133  4.512  0.918  -0.5143   7.133   1.9380  0.9762   6.741e-01  1.024e-01  2.737e-01
 1.000     8.877250     5584.  -0.132  4.511  0.919  -0.5143   7.134   1.9395  0.9762   6.744e-01  1.024e-01  2.736e-01
 1.000     8.895134     5585.  -0.131  4.511  0.919  -0.5143   7.134   1.9409  0.9762   6.747e-01  1.024e-01  2.734e-01
 1.000     8.912310     5586.  -0.130  4.510  0.920  -0.5143   7.134   1.9424  0.9762   6.750e-01  1.024e-01  2.732e-01
 1.000     8.928833     5587.  -0.130  4.510  0.920  -0.5143   7.135   1.9439  0.9762   6.752e-01  1.023e-01  2.730e-01
 1.000     8.944750     5588.  -0.129  4.509  0.921  -0.5143   7.135   1.9454  0.9762   6.755e-01  1.023e-01  2.729e-01
 1.000     8.960105     5589.  -0.128  4.509  0.922  -0.5143   7.135   1.9469  0.9762   6.758e-01  1.023e-01  2.727e-01
 1.000     8.974935     5590.  -0.127  4.508  0.922  -0.5143   7.136   1.9483  0.9762   6.761e-01  1.023e-01  2.726e-01
 1.000     8.989275     5591.  -0.126  4.507  0.923  -0.5143   7.136   1.9498  0.9762   6.764e-01  1.023e-01  2.724e-01
 1.000     9.003155     5592.  -0.125  4.507  0.923  -0.5143   7.136   1.9513  0.9762   6.767e-01  1.023e-01  2.722e-01
 1.000     9.016607     5593.  -0.124  4.506  0.924  -0.5143   7.136   1.9528  0.9762   6.770e-01  1.023e-01  2.720e-01
 1.000     9.029656     5594.  -0.123  4.506  0.925  -0.5143   7.137   1.9543  0.9762   6.772e-01  1.022e-01  2.718e-01
 1.000     9.042323     5595.  -0.122  4.505  0.925  -0.5143   7.137   1.9558  0.9762   6.775e-01  1.022e-01  2.717e-01
 1.000     9.054632     5597.  -0.122  4.505  0.926  -0.5143   7.138   1.9574  0.9762   6.777e-01  1.022e-01  2.715e-01
 1.000     9.066602     5598.  -0.121  4.504  0.926  -0.5143   7.138   1.9589  0.9762   6.780e-01  1.022e-01  2.713e-01
 1.000     9.078247     5599.  -0.120  4.503  0.927  -0.5143   7.138   1.9605  0.9762   6.782e-01  1.022e-01  2.711e-01
 1.000     9.089591     5600.  -0.119  4.503  0.928  -0.5143   7.139   1.9620  0.9762   6.785e-01  1.022e-01  2.709e-01
 1.000     9.100646     5601.  -0.118  4.502  0.928  -0.5143   7.139   1.9636  0.9762   6.788e-01  1.021e-01  2.707e-01
 1.000     9.111427     5602.  -0.117  4.502  0.929  -0.5143   7.139   1.9651  0.9762   6.790e-01  1.021e-01  2.706e-01
 1.000     9.121947     5603.  -0.116  4.501  0.930  -0.5143   7.140   1.9667  0.9762   6.793e-01  1.021e-01  2.704e-01
 1.000     9.132215     5604.  -0.115  4.500  0.930  -0.5143   7.140   1.9683  0.9762   6.795e-01  1.021e-01  2.702e-01
 1.000     9.142249     5605.  -0.114  4.500  0.931  -0.5143   7.141   1.9699  0.9762   6.798e-01  1.021e-01  2.700e-01
 1.000     9.152056     5606.  -0.113  4.499  0.931  -0.5143   7.141   1.9715  0.9762   6.801e-01  1.021e-01  2.698e-01
 1.000     9.161646     5607.  -0.112  4.499  0.932  -0.5143   7.141   1.9731  0.9762   6.804e-01  1.020e-01  2.696e-01
 1.000     9.171030     5608.  -0.111  4.498  0.933  -0.5143   7.142   1.9747  0.9762   6.807e-01  1.020e-01  2.695e-01
 1.000     9.180212     5609.  -0.111  4.497  0.933  -0.5143   7.142   1.9763  0.9762   6.809e-01  1.020e-01  2.693e-01
 1.000     9.189207     5610.  -0.110  4.497  0.934  -0.5143   7.142   1.9779  0.9762   6.812e-01  1.020e-01  2.691e-01
 1.000     9.198019     5612.  -0.109  4.496  0.935  -0.5143   7.143   1.9795  0.9762   6.815e-01  1.020e-01  2.689e-01
 1.000     9.206656     5613.  -0.108  4.496  0.935  -0.5143   7.143   1.9811  0.9762   6.817e-01  1.019e-01  2.687e-01
 1.000     9.215124     5614.  -0.107  4.495  0.936  -0.5143   7.144   1.9828  0.9762   6.820e-01  1.019e-01  2.685e-01
 1.000     9.223428     5615.  -0.106  4.494  0.937  -0.5143   7.144   1.9844  0.9762   6.823e-01  1.019e-01  2.683e-01
 1.000     9.231579     5616.  -0.105  4.494  0.937  -0.5143   7.144   1.9861  0.9776   6.887e-01  9.949e-02  2.690e-01
 1.000     9.239580     5617.  -0.104  4.493  0.938  -0.5143   7.145   1.9877  0.9776   6.890e-01  9.947e-02  2.688e-01
 1.000     9.247436     5618.  -0.103  4.493  0.938  -0.5143   7.145   1.9894  0.9776   6.892e-01  9.945e-02  2.686e-01
 1.000     9.255152     5619.  -0.102  4.492  0.939  -0.5143   7.146   1.9911  0.9776   6.895e-01  9.943e-02  2.684e-01
 1.000     9.262733     5621.  -0.101  4.491  0.940  -0.5143   7.146   1.9927  0.9776   6.898e-01  9.941e-02  2.682e-01
 1.000     9.270183     5621.  -0.100  4.491  0.940  -0.5143   7.146   1.9944  0.9776   6.901e-01  9.940e-02  2.681e-01
 1.000     9.277508     5623.  -0.099  4.490  0.941  -0.5143   7.147   1.9961  0.9776   6.904e-01  9.938e-02  2.679e-01
 1.000     9.284713     5624.  -0.098  4.490  0.942  -0.5143   7.147   1.9978  0.9776   6.907e-01  9.936e-02  2.677e-01
 1.000     9.291799     5625.  -0.097  4.489  0.942  -0.5143   7.147   1.9995  0.9776   6.909e-01  9.934e-02  2.675e-01
 1.000     9.298772     5626.  -0.096  4.488  0.943  -0.5143   7.148   2.0012  0.9776   6.912e-01  9.932e-02  2.673e-01
 1.000     9.305633     5627.  -0.095  4.488  0.944  -0.5143   7.148   2.0029  0.9776   6.915e-01  9.931e-02  2.671e-01
 1.000     9.312389     5628.  -0.094  4.487  0.944  -0.5143   7.149   2.0046  0.9776   6.918e-01  9.928e-02  2.669e-01
 1.000     9.319041     5629.  -0.093  4.487  0.945  -0.5143   7.149   2.0064  0.9776   6.921e-01  9.927e-02  2.667e-01
 1.000     9.325594     5630.  -0.092  4.486  0.946  -0.5143   7.150   2.0081  0.9776   6.924e-01  9.925e-02  2.665e-01
 1.000     9.332048     5631.  -0.091  4.485  0.947  -0.5143   7.150   2.0098  0.9776   6.926e-01  9.923e-02  2.663e-01
 1.000     9.338407     5633.  -0.090  4.485  0.947  -0.5143   7.150   2.0116  0.9776   6.929e-01  9.921e-02  2.661e-01
 1.000     9.344675     5634.  -0.089  4.484  0.948  -0.5143   7.151   2.0133  0.9776   6.932e-01  9.919e-02  2.659e-01
 1.000     9.350854     5635.  -0.089  4.483  0.949  -0.5143   7.151   2.0151  0.9776   6.935e-01  9.917e-02  2.657e-01
 1.000     9.356947     5636.  -0.088  4.483  0.949  -0.5143   7.152   2.0169  0.9776   6.938e-01  9.915e-02  2.655e-01
 1.000     9.362955     5637.  -0.087  4.482  0.950  -0.5143   7.152   2.0187  0.9776   6.941e-01  9.913e-02  2.653e-01
 1.000     9.368880     5638.  -0.086  4.481  0.951  -0.5143   7.152   2.0205  0.9776   6.944e-01  9.911e-02  2.651e-01
 1.000     9.374726     5639.  -0.085  4.481  0.951  -0.5143   7.153   2.0223  0.9776   6.947e-01  9.909e-02  2.649e-01
 1.000     9.380495     5640.  -0.084  4.480  0.952  -0.5143   7.153   2.0241  0.9776   6.950e-01  9.907e-02  2.647e-01
 1.000     9.386189     5641.  -0.083  4.479  0.953  -0.5143   7.154   2.0259  0.9776   6.953e-01  9.906e-02  2.645e-01
 1.000     9.391808     5642.  -0.082  4.479  0.954  -0.5143   7.154   2.0277  0.9776   6.956e-01  9.903e-02  2.643e-01
 1.000     9.397354     5644.  -0.081  4.478  0.954  -0.5143   7.155   2.0295  0.9776   6.959e-01  9.902e-02  2.641e-01
 1.000     9.402832     5645.  -0.080  4.477  0.955  -0.5143   7.155   2.0313  0.9776   6.962e-01  9.899e-02  2.639e-01
 1.000     9.408242     5646.  -0.079  4.477  0.956  -0.5143   7.155   2.0331  0.9776   6.965e-01  9.897e-02  2.637e-01
 1.000     9.413585     5647.  -0.078  4.476  0.957  -0.5143   7.156   2.0350  0.9788   7.028e-01  9.676e-02  2.643e-01
 1.000     9.418863     5648.  -0.077  4.476  0.957  -0.5143   7.156   2.0369  0.9788   7.031e-01  9.674e-02  2.641e-01
 1.000     9.424078     5649.  -0.076  4.475  0.958  -0.5143   7.157   2.0387  0.9788   7.034e-01  9.672e-02  2.639e-01
 1.000     9.429229     5650.  -0.075  4.474  0.959  -0.5143   7.157   2.0406  0.9788   7.037e-01  9.670e-02  2.637e-01
 1.000     9.434321     5651.  -0.074  4.473  0.959  -0.5143   7.158   2.0425  0.9788   7.040e-01  9.668e-02  2.635e-01
 1.000     9.439355     5652.  -0.073  4.473  0.960  -0.5143   7.158   2.0444  0.9788   7.044e-01  9.666e-02  2.632e-01
 1.000     9.444331     5654.  -0.072  4.472  0.961  -0.5143   7.158   2.0463  0.9788   7.047e-01  9.664e-02  2.631e-01
 1.000     9.449250     5655.  -0.070  4.471  0.962  -0.5143   7.159   2.0482  0.9788   7.050e-01  9.662e-02  2.628e-01
 1.000     9.454113     5656.  -0.069  4.471  0.962  -0.5143   7.159   2.0501  0.9788   7.053e-01  9.660e-02  2.626e-01
 1.000     9.458923     5657.  -0.068  4.470  0.963  -0.5143   7.160   2.0520  0.9788   7.056e-01  9.658e-02  2.624e-01
 1.000     9.463681     5658.  -0.067  4.469  0.964  -0.5143   7.160   2.0539  0.9788   7.060e-01  9.656e-02  2.622e-01
 1.000     9.468387     5659.  -0.066  4.469  0.965  -0.5143   7.161   2.0558  0.9788   7.063e-01  9.654e-02  2.620e-01
 1.000     9.473043     5660.  -0.065  4.468  0.966  -0.5143   7.161   2.0578  0.9788   7.066e-01  9.652e-02  2.618e-01
 1.000     9.477648     5661.  -0.064  4.467  0.966  -0.5143   7.162   2.0597  0.9788   7.070e-01  9.650e-02  2.616e-01
 1.000     9.482206     5663.  -0.063  4.467  0.967  -0.5143   7.162   2.0617  0.9788   7.073e-01  9.648e-02  2.613e-01
 1.000     9.486717     5664.  -0.062  4.466  0.968  -0.5143   7.162   2.0637  0.9788   7.076e-01  9.646e-02  2.611e-01
 1.000     9.491181     5665.  -0.061  4.465  0.969  -0.5143   7.163   2.0657  0.9788   7.080e-01  9.644e-02  2.609e-01
 1.000     9.495600     5666.  -0.060  4.464  0.970  -0.5143   7.163   2.0677  0.9788   7.083e-01  9.642e-02  2.607e-01
 1.000     9.499973     5667.  -0.059  4.464  0.970  -0.5143   7.164   2.0697  0.9788   7.087e-01  9.640e-02  2.605e-01
 1.000     9.504304     5668.  -0.058  4.463  0.971  -0.5143   7.164   2.0717  0.9788   7.090e-01  9.638e-02  2.603e-01
 1.000     9.508592     5669.  -0.057  4.462  0.972  -0.5143   7.165   2.0737  0.9788   7.094e-01  9.636e-02  2.600e-01
 1.000     9.512838     5670.  -0.056  4.462  0.973  -0.5143   7.165   2.0757  0.9788   7.097e-01  9.634e-02  2.598e-01
 1.000     9.517043     5671.  -0.055  4.461  0.974  -0.5143   7.166   2.0778  0.9788   7.100e-01  9.632e-02  2.596e-01
 1.000     9.521207     5673.  -0.054  4.460  0.974  -0.5143   7.166   2.0798  0.9798   7.158e-01  9.439e-02  2.601e-01
 1.000     9.525331     5674.  -0.053  4.459  0.975  -0.5143   7.167   2.0819  0.9798   7.161e-01  9.437e-02  2.599e-01
 1.000     9.529418     5675.  -0.051  4.459  0.976  -0.5143   7.167   2.0839  0.9798   7.165e-01  9.435e-02  2.596e-01
 1.000     9.533466     5676.  -0.050  4.458  0.977  -0.5143   7.168   2.0860  0.9798   7.168e-01  9.433e-02  2.594e-01
 1.000     9.537477     5677.  -0.049  4.457  0.978  -0.5143   7.168   2.0882  0.9798   7.172e-01  9.431e-02  2.592e-01
 1.000     9.541451     5678.  -0.048  4.456  0.979  -0.5143   7.169   2.0903  0.9798   7.176e-01  9.429e-02  2.590e-01
 1.000     9.545388     5679.  -0.047  4.456  0.979  -0.5143   7.169   2.0924  0.9798   7.180e-01  9.427e-02  2.587e-01
 1.000     9.549290     5680.  -0.046  4.455  0.980  -0.5143   7.170   2.0945  0.9798   7.184e-01  9.425e-02  2.585e-01
 1.000     9.553158     5681.  -0.045  4.454  0.981  -0.5143   7.170   2.0966  0.9798   7.187e-01  9.423e-02  2.583e-01
 1.000     9.556992     5683.  -0.044  4.453  0.982  -0.5143   7.171   2.0988  0.9798   7.191e-01  9.420e-02  2.581e-01
 1.000     9.560792     5684.  -0.043  4.452  0.983  -0.5143   7.171   2.1009  0.9798   7.195e-01  9.418e-02  2.578e-01
 1.000     9.564558     5685.  -0.042  4.452  0.984  -0.5143   7.172   2.1031  0.9798   7.198e-01  9.416e-02  2.576e-01
 1.000     9.568293     5686.  -0.040  4.451  0.985  -0.5143   7.172   2.1053  0.9798   7.202e-01  9.414e-02  2.574e-01
 1.000     9.571996     5687.  -0.039  4.450  0.986  -0.5143   7.173   2.1074  0.9798   7.206e-01  9.412e-02  2.571e-01
 1.000     9.575668     5688.  -0.038  4.449  0.987  -0.5143   7.173   2.1096  0.9798   7.210e-01  9.409e-02  2.569e-01
 1.000     9.579309     5689.  -0.037  4.449  0.987  -0.5143   7.174   2.1119  0.9798   7.214e-01  9.408e-02  2.567e-01
 1.000     9.582919     5690.  -0.036  4.448  0.988  -0.5143   7.174   2.1141  0.9798   7.218e-01  9.405e-02  2.564e-01
 1.000     9.586500     5691.  -0.035  4.447  0.989  -0.5143   7.175   2.1164  0.9798   7.222e-01  9.403e-02  2.562e-01
 1.000     9.590051     5692.  -0.034  4.446  0.990  -0.5143   7.175   2.1186  0.9798   7.226e-01  9.401e-02  2.560e-01
 1.000     9.593574     5694.  -0.032  4.445  0.991  -0.5143   7.176   2.1209  0.9798   7.230e-01  9.399e-02  2.557e-01
 1.000     9.597069     5695.  -0.031  4.445  0.992  -0.5143   7.176   2.1231  0.9798   7.234e-01  9.397e-02  2.555e-01
 1.000     9.600535     5696.  -0.030  4.444  0.993  -0.5143   7.177   2.1254  0.9808   7.296e-01  9.199e-02  2.560e-01
 1.000     9.603973     5697.  -0.029  4.443  0.994  -0.5143   7.177   2.1277  0.9808   7.300e-01  9.197e-02  2.557e-01
 1.000     9.607385     5698.  -0.028  4.442  0.995  -0.5143   7.178   2.1300  0.9808   7.304e-01  9.194e-02  2.555e-01
 1.000     9.610771     5699.  -0.027  4.441  0.996  -0.5143   7.178   2.1323  0.9808   7.308e-01  9.192e-02  2.552e-01
 1.000     9.614130     5700.  -0.025  4.440  0.997  -0.5143   7.179   2.1347  0.9808   7.312e-01  9.190e-02  2.550e-01
 1.000     9.617464     5701.  -0.024  4.440  0.998  -0.5143   7.179   2.1371  0.9808   7.317e-01  9.188e-02  2.548e-01
 1.000     9.620771     5702.  -0.023  4.439  0.999  -0.5143   7.180   2.1395  0.9808   7.321e-01  9.186e-02  2.545e-01
 1.000     9.624054     5703.  -0.022  4.438  1.000  -0.5143   7.180   2.1419  0.9808   7.325e-01  9.184e-02  2.543e-01
 1.000     9.627313     5705.  -0.021  4.437  1.001  -0.5143   7.181   2.1443  0.9808   7.330e-01  9.181e-02  2.540e-01
 1.000     9.630547     5706.  -0.020  4.436  1.002  -0.5143   7.181   2.1467  0.9808   7.334e-01  9.179e-02  2.538e-01
 1.000     9.633757     5707.  -0.018  4.435  1.003  -0.5143   7.182   2.1491  0.9808   7.339e-01  9.177e-02  2.535e-01
 1.000     9.636943     5708.  -0.017  4.434  1.004  -0.5143   7.183   2.1515  0.9808   7.343e-01  9.175e-02  2.533e-01
 1.000     9.640107     5709.  -0.016  4.434  1.005  -0.5143   7.183   2.1540  0.9808   7.347e-01  9.172e-02  2.530e-01
 1.000     9.643247     5710.  -0.015  4.433  1.006  -0.5143   7.184   2.1564  0.9808   7.352e-01  9.170e-02  2.528e-01
 1.000     9.646365     5711.  -0.014  4.432  1.007  -0.5143   7.184   2.1589  0.9808   7.356e-01  9.168e-02  2.525e-01
 1.000     9.649461     5712.  -0.012  4.431  1.008  -0.5143   7.185   2.1615  0.9808   7.361e-01  9.166e-02  2.523e-01
 1.000     9.652534     5713.  -0.011  4.430  1.009  -0.5143   7.185   2.1640  0.9808   7.366e-01  9.163e-02  2.520e-01
 1.000     9.655587     5714.  -0.010  4.429  1.010  -0.5143   7.186   2.1665  0.9817   7.421e-01  8.997e-02  2.524e-01
 1.000     9.658618     5715.  -0.009  4.428  1.011  -0.5143   7.186   2.1691  0.9817   7.425e-01  8.995e-02  2.521e-01
 1.000     9.661628     5717.  -0.007  4.427  1.012  -0.5143   7.187   2.1717  0.9817   7.430e-01  8.993e-02  2.519e-01
 1.000     9.664618     5718.  -0.006  4.426  1.013  -0.5143   7.188   2.1742  0.9817   7.435e-01  8.990e-02  2.516e-01
 1.000     9.667586     5719.  -0.005  4.425  1.014  -0.5143   7.188   2.1768  0.9817   7.439e-01  8.988e-02  2.514e-01
 1.000     9.670534     5720.  -0.004  4.424  1.015  -0.5143   7.189   2.1794  0.9817   7.444e-01  8.986e-02  2.511e-01
 1.000     9.673463     5721.  -0.002  4.424  1.016  -0.5143   7.189   2.1821  0.9817   7.449e-01  8.983e-02  2.508e-01
 1.000     9.676373     5722.  -0.001  4.423  1.017  -0.5143   7.190   2.1847  0.9817   7.454e-01  8.981e-02  2.506e-01
 1.000     9.679263     5723.   0.000  4.422  1.018  -0.5143   7.190   2.1875  0.9817   7.459e-01  8.979e-02  2.503e-01
 1.000     9.682133     5724.   0.001  4.421  1.020  -0.5143   7.191   2.1902  0.9817   7.464e-01  8.976e-02  2.500e-01
 1.000     9.684984     5725.   0.003  4.420  1.021  -0.5143   7.191   2.1929  0.9817   7.469e-01  8.974e-02  2.498e-01
 1.000     9.687818     5726.   0.004  4.419  1.022  -0.5143   7.192   2.1956  0.9817   7.474e-01  8.972e-02  2.495e-01
 1.000     9.690633     5727.   0.005  4.418  1.023  -0.5143   7.193   2.1984  0.9817   7.480e-01  8.969e-02  2.493e-01
 1.000     9.693430     5728.   0.007  4.417  1.024  -0.5143   7.193   2.2011  0.9817   7.485e-01  8.967e-02  2.490e-01
 1.000     9.696209     5730.   0.008  4.416  1.025  -0.5143   7.194   2.2039  0.9817   7.490e-01  8.965e-02  2.487e-01
 1.000     9.698969     5731.   0.009  4.415  1.026  -0.5143   7.194   2.2067  0.9817   7.495e-01  8.962e-02  2.484e-01
 1.000     9.701713     5732.   0.011  4.414  1.028  -0.5143   7.195   2.2095  0.9825   7.554e-01  8.792e-02  2.488e-01
 1.000     9.704440     5733.   0.012  4.413  1.029  -0.5143   7.196   2.2124  0.9825   7.559e-01  8.790e-02  2.485e-01
 1.000     9.707149     5734.   0.013  4.412  1.030  -0.5143   7.196   2.2153  0.9825   7.565e-01  8.787e-02  2.482e-01
 1.000     9.709842     5735.   0.015  4.411  1.031  -0.5143   7.197   2.2182  0.9825   7.570e-01  8.785e-02  2.480e-01
 1.000     9.712518     5736.   0.016  4.410  1.032  -0.5143   7.197   2.2212  0.9825   7.576e-01  8.783e-02  2.477e-01
 1.000     9.715177     5737.   0.017  4.409  1.034  -0.5143   7.198   2.2241  0.9825   7.581e-01  8.780e-02  2.474e-01
 1.000     9.717821     5738.   0.019  4.408  1.035  -0.5143   7.199   2.2271  0.9825   7.587e-01  8.778e-02  2.471e-01
 1.000     9.720449     5739.   0.020  4.407  1.036  -0.5143   7.199   2.2300  0.9825   7.593e-01  8.775e-02  2.468e-01
 1.000     9.723061     5740.   0.021  4.406  1.037  -0.5143   7.200   2.2330  0.9825   7.598e-01  8.773e-02  2.466e-01
 1.000     9.725656     5741.   0.023  4.405  1.039  -0.5143   7.200   2.2361  0.9825   7.604e-01  8.770e-02  2.463e-01
 1.000     9.728237     5742.   0.024  4.404  1.040  -0.5143   7.201   2.2391  0.9825   7.610e-01  8.768e-02  2.460e-01
 1.000     9.730802     5743.   0.026  4.402  1.041  -0.5143   7.202   2.2423  0.9825   7.616e-01  8.765e-02  2.457e-01
 1.000     9.733353     5744.   0.027  4.401  1.043  -0.5143   7.202   2.2454  0.9825   7.622e-01  8.763e-02  2.454e-01
 1.000     9.735889     5745.   0.028  4.400  1.044  -0.5143   7.203   2.2486  0.9825   7.628e-01  8.760e-02  2.451e-01
 1.000     9.738410     5746.   0.030  4.399  1.045  -0.5143   7.204   2.2517  0.9825   7.634e-01  8.758e-02  2.449e-01
 1.000     9.740915     5748.   0.031  4.398  1.047  -0.5143   7.204   2.2549  0.9825   7.640e-01  8.755e-02  2.446e-01
 1.000     9.743407     5749.   0.033  4.397  1.048  -0.5143   7.205   2.2581  0.9833   7.703e-01  8.581e-02  2.449e-01
 1.000     9.745885     5750.   0.034  4.396  1.049  -0.5143   7.205   2.2614  0.9833   7.710e-01  8.579e-02  2.446e-01
 1.000     9.748349     5751.   0.036  4.395  1.051  -0.5143   7.206   2.2646  0.9833   7.716e-01  8.576e-02  2.443e-01
 1.000     9.750798     5752.   0.037  4.394  1.052  -0.5143   7.207   2.2679  0.9833   7.722e-01  8.574e-02  2.440e-01
 1.000     9.753234     5753.   0.038  4.392  1.053  -0.5143   7.207   2.2713  0.9833   7.729e-01  8.571e-02  2.437e-01
 1.000     9.755656     5754.   0.040  4.391  1.055  -0.5143   7.208   2.2746  0.9833   7.735e-01  8.568e-02  2.434e-01
 1.000     9.758065     5755.   0.041  4.390  1.056  -0.5143   7.209   2.2780  0.9833   7.742e-01  8.566e-02  2.431e-01
 1.000     9.760461     5756.   0.043  4.389  1.058  -0.5143   7.209   2.2814  0.9833   7.749e-01  8.563e-02  2.428e-01
 1.000     9.762844     5757.   0.044  4.388  1.059  -0.5143   7.210   2.2848  0.9833   7.755e-01  8.561e-02  2.425e-01
 1.000     9.765212     5758.   0.046  4.387  1.060  -0.5143   7.211   2.2883  0.9833   7.762e-01  8.558e-02  2.422e-01
 1.000     9.767569     5759.   0.047  4.385  1.062  -0.5143   7.211   2.2917  0.9833   7.769e-01  8.556e-02  2.419e-01
 1.000     9.769913     5760.   0.049  4.384  1.063  -0.5143   7.212   2.2951  0.9833   7.776e-01  8.553e-02  2.416e-01
 1.000     9.772245     5761.   0.050  4.383  1.065  -0.5143   7.213   2.2986  0.9833   7.783e-01  8.550e-02  2.413e-01
 1.000     9.774564     5762.   0.052  4.382  1.066  -0.5143   7.214   2.3021  0.9833   7.790e-01  8.548e-02  2.410e-01
 1.000     9.776870     5763.   0.053  4.380  1.068  -0.5143   7.214   2.3056  0.9833   7.797e-01  8.545e-02  2.407e-01
 1.000     9.779164     5764.   0.055  4.379  1.069  -0.5143   7.215   2.3091  0.9833   7.805e-01  8.543e-02  2.403e-01
 1.000     9.781447     5765.   0.056  4.378  1.071  -0.5143   7.216   2.3126  0.9842   7.879e-01  8.349e-02  2.407e-01
 1.000     9.783717     5766.   0.058  4.377  1.073  -0.5143   7.217   2.3161  0.9842   7.886e-01  8.347e-02  2.404e-01
 1.000     9.785976     5766.   0.059  4.375  1.074  -0.5143   7.218   2.3196  0.9842   7.893e-01  8.344e-02  2.401e-01
 1.000     9.788222     5767.   0.061  4.374  1.076  -0.5143   7.218   2.3231  0.9842   7.901e-01  8.342e-02  2.398e-01
 1.000     9.790458     5768.   0.063  4.373  1.077  -0.5143   7.219   2.3266  0.9842   7.908e-01  8.339e-02  2.395e-01
 1.000     9.792682     5769.   0.064  4.372  1.079  -0.5143   7.220   2.3302  0.9842   7.917e-01  8.337e-02  2.392e-01
 1.000     9.794894     5770.   0.066  4.370  1.080  -0.5143   7.221   2.3338  0.9842   7.925e-01  8.334e-02  2.389e-01
 1.000     9.797096     5771.   0.067  4.369  1.082  -0.5143   7.222   2.3373  0.9842   7.933e-01  8.332e-02  2.386e-01
 1.000     9.799286     5772.   0.069  4.368  1.084  -0.5143   7.223   2.3409  0.9842   7.941e-01  8.329e-02  2.383e-01
 1.000     9.801465     5772.   0.070  4.367  1.085  -0.5143   7.224   2.3444  0.9842   7.949e-01  8.327e-02  2.380e-01
 1.000     9.803633     5773.   0.072  4.365  1.087  -0.5143   7.225   2.3479  0.9842   7.957e-01  8.325e-02  2.377e-01
 1.000     9.805791     5774.   0.073  4.364  1.088  -0.5143   7.226   2.3514  0.9842   7.965e-01  8.322e-02  2.374e-01
 1.000     9.807938     5775.   0.075  4.363  1.090  -0.5143   7.227   2.3549  0.9842   7.974e-01  8.320e-02  2.371e-01
 1.000     9.810075     5775.   0.076  4.361  1.092  -0.5143   7.228   2.3584  0.9842   7.983e-01  8.318e-02  2.368e-01
 1.000     9.812200     5776.   0.078  4.360  1.093  -0.5143   7.229   2.3618  0.9842   7.992e-01  8.316e-02  2.365e-01
 1.000     9.814316     5777.   0.079  4.359  1.095  -0.5143   7.230   2.3653  0.9842   8.001e-01  8.314e-02  2.362e-01
 1.000     9.816421     5777.   0.081  4.357  1.097  -0.5143   7.231   2.3688  0.9842   8.010e-01  8.311e-02  2.359e-01
 1.000     9.818516     5778.   0.082  4.356  1.098  -0.5143   7.232   2.3723  0.9842   8.019e-01  8.309e-02  2.356e-01
 1.000     9.820601     5778.   0.084  4.355  1.100  -0.5143   7.233   2.3757  0.9842   8.028e-01  8.307e-02  2.354e-01
 1.000     9.822676     5779.   0.085  4.353  1.102  -0.5143   7.234   2.3792  0.9842   8.037e-01  8.306e-02  2.351e-01
 1.000     9.824741     5779.   0.087  4.352  1.104  -0.5143   7.235   2.3829  0.9851   8.119e-01  8.107e-02  2.355e-01
 1.000     9.830879     5780.   0.091  4.348  1.109  -0.5143   7.238   2.3942  0.9851   8.149e-01  8.102e-02  2.346e-01
 1.000     9.840919     5782.   0.099  4.341  1.118  -0.5143   7.242   2.4136  0.9851   8.201e-01  8.093e-02  2.333e-01
 1.000     9.850733     5784.   0.107  4.333  1.127  -0.5143   7.248   2.4336  0.9851   8.257e-01  8.084e-02  2.319e-01
 1.000     9.860329     5784.   0.114  4.326  1.137  -0.5143   7.254   2.4529  0.9851   8.316e-01  8.077e-02  2.306e-01
 1.000     9.869718     5784.   0.122  4.319  1.147  -0.5143   7.262   2.4709  0.9851   8.377e-01  8.072e-02  2.294e-01
 1.000     9.880723     5781.   0.129  4.310  1.158  -0.5143   7.274   2.4902  0.9851   8.457e-01  8.070e-02  2.283e-01
 1.000     9.889686     5777.   0.135  4.303  1.168  -0.5143   7.283   2.5078  0.9851   8.529e-01  8.071e-02  2.276e-01
 1.000     9.900203     5773.   0.144  4.293  1.181  -0.5143   7.287   2.5417  0.9842   8.550e-01  8.265e-02  2.258e-01
 1.000     9.910470     5770.   0.155  4.281  1.197  -0.5143   7.286   2.5824  0.9842   8.657e-01  8.260e-02  2.242e-01
 1.000     9.920501     5767.   0.166  4.269  1.214  -0.5143   7.284   2.6208  0.9842   8.772e-01  8.255e-02  2.225e-01
