#-------------------------------------------------------------------------------------------------------------------
# M/Ms    log t(yr)  Teff     L/Ls    g   R/Rs Log(Li/Li0) log Tc  log ROc   Mrad     Rrad       k2conv      k2rad
#-------------------------------------------------------------------------------------------------------------------
 1.200     5.693263     4537.   0.634  3.463  3.362   0.0000   6.444  -0.5666  0.0000   0.000e+00  4.483e-01  0.000e+00
 1.200     5.699859     4537.   0.629  3.468  3.344   0.0000   6.447  -0.5596  0.0000   0.000e+00  4.483e-01  0.000e+00
 1.200     5.713064     4537.   0.620  3.478  3.307   0.0000   6.451  -0.5456  0.0000   0.000e+00  4.484e-01  0.000e+00
 1.200     5.719678     4537.   0.615  3.483  3.289   0.0000   6.454  -0.5386  0.0000   0.000e+00  4.485e-01  0.000e+00
 1.200     5.732927     4538.   0.606  3.492  3.253   0.0000   6.458  -0.5245  0.0000   0.000e+00  4.486e-01  0.000e+00
 1.200     5.739559     4538.   0.601  3.497  3.235   0.0000   6.461  -0.5175  0.0000   0.000e+00  4.486e-01  0.000e+00
 1.200     5.752850     4538.   0.591  3.506  3.200   0.0000   6.465  -0.5035  0.0000   0.000e+00  4.487e-01  0.000e+00
 1.200     5.759504     4538.   0.587  3.511  3.183   0.0000   6.468  -0.4965  0.0000   0.000e+00  4.487e-01  0.000e+00
 1.200     5.772838     4538.   0.577  3.521  3.148   0.0000   6.472  -0.4824  0.0000   0.000e+00  4.488e-01  0.000e+00
 1.200     5.779514     4538.   0.572  3.525  3.131   0.0000   6.474  -0.4754  0.0000   0.000e+00  4.488e-01  0.000e+00
 1.200     5.792892     4537.   0.563  3.535  3.096   0.0000   6.479  -0.4613  0.0000   0.000e+00  4.489e-01  0.000e+00
 1.200     5.799591     4537.   0.558  3.540  3.080   0.0000   6.481  -0.4543  0.0000   0.000e+00  4.490e-01  0.000e+00
 1.200     5.813016     4537.   0.548  3.549  3.046   0.0000   6.486  -0.4402  0.0000   0.000e+00  4.490e-01  0.000e+00
 1.200     5.819739     4537.   0.544  3.554  3.029   0.0000   6.488  -0.4332  0.0000   0.000e+00  4.491e-01  0.000e+00
 1.200     5.833210     4537.   0.534  3.564  2.996   0.0000   6.493  -0.4191  0.0000   0.000e+00  4.492e-01  0.000e+00
 1.200     5.839959     4536.   0.529  3.568  2.980   0.0000   6.495  -0.4121  0.0000   0.000e+00  4.492e-01  0.000e+00
 1.200     5.853477     4536.   0.519  3.578  2.947   0.0000   6.500  -0.3980  0.0000   0.000e+00  4.493e-01  0.000e+00
 1.200     5.860251     4536.   0.515  3.583  2.931   0.0000   6.502  -0.3910  0.0000   0.000e+00  4.493e-01  0.000e+00
 1.200     5.873820     4535.   0.505  3.592  2.899   0.0000   6.507  -0.3769  0.0000   0.000e+00  4.494e-01  0.000e+00
 1.200     5.880615     4535.   0.500  3.597  2.883   0.0000   6.509  -0.3698  0.0000   0.000e+00  4.494e-01  0.000e+00
 1.200     5.894232     4535.   0.490  3.606  2.852   0.0000   6.514  -0.3557  0.0000   0.000e+00  4.495e-01  0.000e+00
 1.200     5.901052     4534.   0.485  3.611  2.836   0.0000   6.516  -0.3487  0.0000   0.000e+00  4.495e-01  0.000e+00
 1.200     5.914716     4534.   0.476  3.621  2.805   0.0000   6.521  -0.3346  0.0000   0.000e+00  4.496e-01  0.000e+00
 1.200     5.921560     4533.   0.471  3.626  2.790   0.0000   6.523  -0.3275  0.0000   0.000e+00  4.496e-01  0.000e+00
 1.200     5.935268     4533.   0.461  3.635  2.759   0.0000   6.528  -0.3134  0.0000   0.000e+00  4.497e-01  0.000e+00
 1.200     5.942135     4533.   0.456  3.640  2.744   0.0000   6.530  -0.3064  0.0000   0.000e+00  4.497e-01  0.000e+00
 1.200     5.949006     4532.   0.451  3.645  2.729   0.0000   6.533  -0.2993  0.0000   0.000e+00  4.498e-01  0.000e+00
 1.200     5.962773     4532.   0.441  3.654  2.699   0.0000   6.537  -0.2852  0.0000   0.000e+00  4.499e-01  0.000e+00
 1.200     5.969666     4531.   0.436  3.659  2.685   0.0000   6.540  -0.2782  0.0000   0.000e+00  4.499e-01  0.000e+00
 1.200     5.983471     4530.   0.427  3.669  2.655  -0.0004   6.544  -0.2641  0.0000   0.000e+00  4.500e-01  0.000e+00
 1.200     5.990384     4530.   0.422  3.673  2.641  -0.0004   6.547  -0.2571  0.0000   0.000e+00  4.500e-01  0.000e+00
 1.200     6.004227     4529.   0.412  3.683  2.612  -0.0004   6.551  -0.2430  0.0000   0.000e+00  4.501e-01  0.000e+00
 1.200     6.011160     4529.   0.407  3.688  2.597  -0.0004   6.554  -0.2359  0.0000   0.000e+00  4.501e-01  0.000e+00
 1.200     6.025039     4528.   0.397  3.697  2.569  -0.0004   6.558  -0.2219  0.0002   8.154e-02  4.502e-01  2.267e-04
 1.200     6.031990     4527.   0.392  3.702  2.555  -0.0009   6.561  -0.2148  0.0013   1.446e-01  4.502e-01  1.164e-03
 1.200     6.045913     4526.   0.382  3.712  2.527  -0.0009   6.565  -0.2007  0.0034   1.974e-01  4.503e-01  2.615e-03
 1.200     6.052882     4526.   0.377  3.716  2.513  -0.0009   6.567  -0.1936  0.0052   2.271e-01  4.503e-01  3.749e-03
 1.200     6.059859     4525.   0.372  3.721  2.499  -0.0013   6.570  -0.1865  0.0080   2.604e-01  4.503e-01  5.336e-03
 1.200     6.073832     4524.   0.362  3.731  2.472  -0.0013   6.574  -0.1722  0.0135   3.076e-01  4.504e-01  8.285e-03
 1.200     6.080828     4524.   0.357  3.735  2.458  -0.0013   6.576  -0.1650  0.0171   3.320e-01  4.504e-01  1.013e-02
 1.200     6.094845     4523.   0.347  3.745  2.431  -0.0017   6.581  -0.1506  0.0244   3.706e-01  4.503e-01  1.365e-02
 1.200     6.101867     4522.   0.342  3.750  2.418  -0.0017   6.583  -0.1433  0.0244   3.686e-01  4.504e-01  1.365e-02
 1.200     6.115930     4521.   0.332  3.759  2.392  -0.0022   6.587  -0.1287  0.0320   4.004e-01  4.503e-01  1.717e-02
 1.200     6.122976     4521.   0.327  3.764  2.379  -0.0026   6.589  -0.1214  0.0360   4.149e-01  4.503e-01  1.897e-02
 1.200     6.130028     4520.   0.322  3.769  2.365  -0.0026   6.591  -0.1140  0.0360   4.126e-01  4.503e-01  1.897e-02
 1.200     6.144163     4519.   0.312  3.778  2.340  -0.0031   6.596  -0.0992  0.0440   4.376e-01  4.502e-01  2.247e-02
 1.200     6.151244     4518.   0.307  3.783  2.327  -0.0035   6.598  -0.0918  0.0521   4.615e-01  4.501e-01  2.588e-02
 1.200     6.165431     4517.   0.297  3.793  2.301  -0.0039   6.602  -0.0768  0.0609   4.824e-01  4.499e-01  2.956e-02
 1.200     6.172542     4517.   0.292  3.798  2.289  -0.0044   6.604  -0.0692  0.0609   4.797e-01  4.499e-01  2.955e-02
 1.200     6.179661     4516.   0.287  3.802  2.276  -0.0044   6.606  -0.0616  0.0697   5.006e-01  4.497e-01  3.316e-02
 1.200     6.193553     4515.   0.278  3.812  2.252  -0.0052   6.610  -0.0468  0.0786   5.168e-01  4.495e-01  3.670e-02
 1.200     6.199632     4515.   0.273  3.816  2.241  -0.0057   6.612  -0.0402  0.0786   5.143e-01  4.495e-01  3.669e-02
 1.200     6.210233     4514.   0.266  3.823  2.223  -0.0061   6.614  -0.0288  0.0874   5.300e-01  4.492e-01  4.018e-02
 1.200     6.219461     4513.   0.259  3.829  2.207  -0.0066   6.617  -0.0187  0.0963   5.449e-01  4.489e-01  4.361e-02
 1.200     6.231153     4513.   0.251  3.837  2.187  -0.0070   6.620  -0.0060  0.1051   5.574e-01  4.486e-01  4.700e-02
 1.200     6.242733     4512.   0.243  3.845  2.168  -0.0079   6.623   0.0067  0.1140   5.689e-01  4.483e-01  5.035e-02
 1.200     6.249954     4511.   0.238  3.849  2.156  -0.0083   6.625   0.0147  0.1140   5.656e-01  4.483e-01  5.033e-02
 1.200     6.261042     4511.   0.231  3.857  2.138  -0.0092   6.628   0.0269  0.1228   5.763e-01  4.479e-01  5.364e-02
 1.200     6.271941     4510.   0.223  3.864  2.120  -0.0101   6.631   0.0390  0.1317   5.863e-01  4.475e-01  5.692e-02
 1.200     6.279379     4509.   0.218  3.869  2.108  -0.0106   6.633   0.0473  0.1405   5.971e-01  4.470e-01  6.018e-02
 1.200     6.289397     4509.   0.211  3.875  2.092  -0.0114   6.636   0.0585  0.1493   6.061e-01  4.466e-01  6.340e-02
 1.200     6.299804     4508.   0.204  3.882  2.076  -0.0123   6.639   0.0702  0.1582   6.143e-01  4.461e-01  6.659e-02
 1.200     6.309837     4508.   0.197  3.889  2.060  -0.0128   6.641   0.0816  0.1670   6.221e-01  4.456e-01  6.976e-02
 1.200     6.319452     4507.   0.191  3.895  2.045  -0.0137   6.644   0.0926  0.1759   6.296e-01  4.450e-01  7.291e-02
 1.200     6.329416     4507.   0.184  3.902  2.030  -0.0150   6.646   0.1039  0.1847   6.365e-01  4.445e-01  7.603e-02
 1.200     6.339879     4506.   0.177  3.909  2.014  -0.0159   6.649   0.1160  0.1936   6.426e-01  4.439e-01  7.912e-02
 1.200     6.349456     4506.   0.171  3.915  2.000  -0.0168   6.652   0.1270  0.2024   6.489e-01  4.433e-01  8.221e-02
 1.200     6.359236     4505.   0.164  3.921  1.985  -0.0177   6.654   0.1383  0.2113   6.546e-01  4.426e-01  8.526e-02
 1.200     6.372945     4505.   0.155  3.930  1.965  -0.0195   6.657   0.1542  0.2201   6.580e-01  4.419e-01  8.826e-02
 1.200     6.380365     4505.   0.151  3.935  1.955  -0.0205   6.659   0.1629  0.2289   6.643e-01  4.412e-01  9.130e-02
 1.200     6.395125     4504.   0.141  3.944  1.934  -0.0218   6.663   0.1802  0.2378   6.664e-01  4.405e-01  9.425e-02
 1.200     6.402466     4504.   0.136  3.949  1.923  -0.0227   6.665   0.1889  0.2466   6.722e-01  4.397e-01  9.725e-02
 1.200     6.409781     4504.   0.132  3.953  1.913  -0.0237   6.667   0.1975  0.2555   6.779e-01  4.390e-01  1.002e-01
 1.200     6.424336     4504.   0.123  3.962  1.893  -0.0255   6.670   0.2148  0.2643   6.792e-01  4.381e-01  1.031e-01
 1.200     6.431576     4504.   0.118  3.967  1.883  -0.0269   6.672   0.2235  0.2732   6.843e-01  4.373e-01  1.061e-01
 1.200     6.445976     4504.   0.109  3.976  1.864  -0.0287   6.676   0.2408  0.2909   6.941e-01  4.356e-01  1.120e-01
 1.200     6.453139     4504.   0.105  3.981  1.854  -0.0297   6.678   0.2495  0.2909   6.900e-01  4.355e-01  1.118e-01
 1.200     6.460275     4505.   0.100  3.985  1.845  -0.0306   6.680   0.2581  0.2997   6.946e-01  4.346e-01  1.148e-01
 1.200     6.474471     4505.   0.091  3.994  1.826  -0.0329   6.683   0.2755  0.3174   7.034e-01  4.328e-01  1.206e-01
 1.200     6.481531     4505.   0.087  3.998  1.817  -0.0339   6.685   0.2841  0.3262   7.076e-01  4.318e-01  1.234e-01
 1.200     6.495572     4505.   0.079  4.007  1.799  -0.0362   6.689   0.3014  0.3351   7.074e-01  4.307e-01  1.262e-01
 1.200     6.502554     4506.   0.074  4.011  1.790  -0.0372   6.690   0.3101  0.3475   7.146e-01  4.293e-01  1.302e-01
 1.200     6.509510     4506.   0.070  4.015  1.781  -0.0386   6.692   0.3188  0.3475   7.104e-01  4.292e-01  1.301e-01
 1.200     6.523342     4507.   0.062  4.024  1.764  -0.0410   6.696   0.3361  0.3656   7.181e-01  4.271e-01  1.358e-01
 1.200     6.530219     4507.   0.058  4.028  1.755  -0.0419   6.697   0.3448  0.3656   7.139e-01  4.269e-01  1.357e-01
 1.200     6.543891     4508.   0.050  4.036  1.739  -0.0443   6.701   0.3621  0.3891   7.258e-01  4.240e-01  1.432e-01
 1.200     6.550686     4508.   0.046  4.040  1.731  -0.0458   6.702   0.3708  0.3891   7.217e-01  4.239e-01  1.431e-01
 1.200     6.564192     4509.   0.039  4.048  1.715  -0.0482   6.706   0.3881  0.4009   7.232e-01  4.222e-01  1.466e-01
 1.200     6.570905     4510.   0.035  4.052  1.707  -0.0496   6.708   0.3968  0.4127   7.288e-01  4.207e-01  1.504e-01
 1.200     6.584248     4511.   0.027  4.060  1.691  -0.0521   6.711   0.4142  0.4245   7.301e-01  4.189e-01  1.538e-01
 1.200     6.590879     4512.   0.024  4.064  1.684  -0.0535   6.713   0.4228  0.4362   7.354e-01  4.172e-01  1.576e-01
 1.200     6.604060     4513.   0.017  4.072  1.669  -0.0560   6.716   0.4402  0.4480   7.365e-01  4.153e-01  1.610e-01
 1.200     6.610610     4514.   0.013  4.076  1.662  -0.0570   6.718   0.4489  0.4560   7.386e-01  4.141e-01  1.634e-01
 1.200     6.623632     4516.   0.006  4.083  1.647  -0.0595   6.721   0.4662  0.4719   7.427e-01  4.116e-01  1.682e-01
 1.200     6.630101     4517.   0.003  4.087  1.640  -0.0610   6.723   0.4749  0.4719   7.385e-01  4.114e-01  1.679e-01
 1.200     6.642961     4519.  -0.004  4.094  1.626  -0.0635   6.726   0.4923  0.4942   7.473e-01  4.078e-01  1.748e-01
 1.200     6.649350     4520.  -0.007  4.098  1.620  -0.0650   6.728   0.5010  0.4942   7.432e-01  4.076e-01  1.745e-01
 1.200     6.662043     4523.  -0.013  4.105  1.606  -0.0675   6.731   0.5183  0.5054   7.434e-01  4.056e-01  1.776e-01
 1.200     6.674624     4525.  -0.019  4.112  1.593  -0.0701   6.735   0.5357  0.5277   7.518e-01  4.017e-01  1.843e-01
 1.200     6.680871     4527.  -0.022  4.115  1.587  -0.0711   6.737   0.5444  0.5277   7.477e-01  4.015e-01  1.840e-01
 1.200     6.693279     4530.  -0.027  4.122  1.575  -0.0737   6.740   0.5618  0.5500   7.559e-01  3.975e-01  1.907e-01
 1.200     6.699440     4531.  -0.030  4.126  1.569  -0.0747   6.742   0.5705  0.5500   7.518e-01  3.973e-01  1.903e-01
 1.200     6.711672     4535.  -0.036  4.132  1.557  -0.0773   6.745   0.5878  0.5708   7.589e-01  3.933e-01  1.965e-01
 1.200     6.723789     4539.  -0.041  4.139  1.545  -0.0794   6.748   0.6052  0.5805   7.578e-01  3.911e-01  1.989e-01
 1.200     6.729803     4541.  -0.043  4.142  1.539  -0.0804   6.750   0.6139  0.5903   7.608e-01  3.892e-01  2.017e-01
 1.200     6.741744     4545.  -0.048  4.148  1.528  -0.0825   6.754   0.6313  0.6037   7.624e-01  3.863e-01  2.054e-01
 1.200     6.753568     4549.  -0.052  4.154  1.518  -0.0846   6.757   0.6487  0.6171   7.640e-01  3.833e-01  2.089e-01
 1.200     6.759437     4551.  -0.054  4.157  1.512  -0.0857   6.759   0.6574  0.6238   7.648e-01  3.817e-01  2.107e-01
 1.200     6.771085     4556.  -0.059  4.163  1.502  -0.0872   6.762   0.6748  0.6373   7.664e-01  3.786e-01  2.142e-01
 1.200     6.782614     4561.  -0.062  4.169  1.492  -0.0894   6.766   0.6922  0.6507   7.680e-01  3.754e-01  2.177e-01
 1.200     6.794024     4567.  -0.066  4.175  1.482  -0.0910   6.769   0.7096  0.6641   7.697e-01  3.721e-01  2.211e-01
 1.200     6.799684     4569.  -0.068  4.178  1.478  -0.0915   6.771   0.7183  0.6708   7.706e-01  3.704e-01  2.228e-01
 1.200     6.810912     4575.  -0.071  4.183  1.468  -0.0937   6.774   0.7357  0.6776   7.675e-01  3.683e-01  2.239e-01
 1.200     6.822018     4582.  -0.074  4.188  1.459  -0.0953   6.778   0.7532  0.6910   7.693e-01  3.649e-01  2.273e-01
 1.200     6.833000     4588.  -0.076  4.194  1.451  -0.0969   6.782   0.7706  0.7044   7.712e-01  3.613e-01  2.306e-01
 1.200     6.843859     4595.  -0.079  4.199  1.442  -0.0980   6.785   0.7880  0.7179   7.732e-01  3.576e-01  2.338e-01
 1.200     6.849242     4599.  -0.080  4.201  1.438  -0.0991   6.787   0.7967  0.7246   7.742e-01  3.557e-01  2.354e-01
 1.200     6.859914     4607.  -0.082  4.206  1.430  -0.1002   6.791   0.8142  0.7380   7.763e-01  3.519e-01  2.386e-01
 1.200     6.870458     4615.  -0.083  4.210  1.423  -0.1013   6.794   0.8316  0.7514   7.785e-01  3.480e-01  2.418e-01
 1.200     6.880875     4624.  -0.084  4.215  1.416  -0.1024   6.798   0.8491  0.7632   7.796e-01  3.444e-01  2.443e-01
 1.200     6.891164     4633.  -0.085  4.219  1.408  -0.1035   6.802   0.8665  0.7749   7.808e-01  3.407e-01  2.469e-01
 1.200     6.901326     4642.  -0.086  4.223  1.402  -0.1046   6.805   0.8840  0.7867   7.821e-01  3.369e-01  2.493e-01
 1.200     6.911359     4652.  -0.086  4.227  1.395  -0.1057   6.809   0.9014  0.7985   7.835e-01  3.331e-01  2.518e-01
 1.200     6.921265     4662.  -0.086  4.231  1.389  -0.1062   6.813   0.9189  0.8119   7.864e-01  3.287e-01  2.547e-01
 1.200     6.931043     4673.  -0.086  4.235  1.383  -0.1073   6.817   0.9363  0.8186   7.842e-01  3.260e-01  2.553e-01
 1.200     6.940693     4684.  -0.086  4.239  1.377  -0.1079   6.821   0.9538  0.8320   7.874e-01  3.215e-01  2.582e-01
 1.200     6.950216     4696.  -0.085  4.242  1.372  -0.1085   6.824   0.9713  0.8455   7.908e-01  3.167e-01  2.611e-01
 1.200     6.959610     4708.  -0.083  4.245  1.367  -0.1090   6.828   0.9888  0.8522   7.890e-01  3.139e-01  2.616e-01
 1.200     6.973458     4727.  -0.081  4.250  1.360  -0.1101   6.834   1.0150  0.8656   7.892e-01  3.086e-01  2.633e-01
 1.200     6.982529     4741.  -0.079  4.253  1.355  -0.1107   6.838   1.0325  0.8790   7.933e-01  3.035e-01  2.661e-01
 1.200     6.991473     4754.  -0.077  4.256  1.351  -0.1107   6.843   1.0500  0.8925   7.976e-01  2.984e-01  2.688e-01
 1.200     7.000291     4768.  -0.074  4.258  1.347  -0.1113   6.847   1.0675  0.8992   7.964e-01  2.953e-01  2.690e-01
 1.200     7.008983     4783.  -0.071  4.260  1.343  -0.1113   6.851   1.0850  0.9126   8.013e-01  2.899e-01  2.717e-01
 1.200     7.021793     4806.  -0.066  4.264  1.338  -0.1118   6.857   1.1112  0.9261   8.031e-01  2.838e-01  2.731e-01
 1.200     7.030175     4821.  -0.063  4.266  1.335  -0.1124   6.861   1.1287  0.9328   8.025e-01  2.805e-01  2.732e-01
 1.200     7.042524     4844.  -0.057  4.268  1.331  -0.1124   6.868   1.1550  0.9445   8.035e-01  2.748e-01  2.739e-01
 1.200     7.050600     4861.  -0.053  4.270  1.329  -0.1124   6.872   1.1725  0.9596   8.116e-01  2.682e-01  2.770e-01
 1.200     7.062495     4886.  -0.045  4.272  1.326  -0.1129   6.879   1.1988  0.9731   8.153e-01  2.615e-01  2.781e-01
 1.200     7.070274     4904.  -0.040  4.273  1.324  -0.1129   6.883   1.2163  0.9798   8.157e-01  2.578e-01  2.780e-01
 1.200     7.081732     4934.  -0.031  4.274  1.322  -0.1129   6.890   1.2426  0.9932   8.204e-01  2.507e-01  2.790e-01
 1.200     7.089227     4955.  -0.024  4.275  1.321  -0.1129   6.894   1.2601  0.9999   8.214e-01  2.469e-01  2.788e-01
 1.200     7.100264     4986.  -0.014  4.276  1.320  -0.1129   6.901   1.2864  1.0134   8.273e-01  2.394e-01  2.796e-01
 1.200     7.111054     5018.  -0.003  4.276  1.319  -0.1129   6.909   1.3127  1.0265   8.338e-01  2.318e-01  2.803e-01
 1.200     7.121609     5050.   0.008  4.276  1.319  -0.1135   6.916   1.3390  1.0342   8.341e-01  2.266e-01  2.788e-01
 1.200     7.131731     5083.   0.020  4.275  1.320  -0.1135   6.923   1.3648  1.0496   8.456e-01  2.174e-01  2.803e-01
 1.200     7.141406     5117.   0.032  4.275  1.321  -0.1135   6.930   1.3901  1.0573   8.475e-01  2.119e-01  2.788e-01
 1.200     7.150652     5151.   0.044  4.274  1.323  -0.1135   6.937   1.4147  1.0691   8.567e-01  2.039e-01  2.790e-01
 1.200     7.159483     5185.   0.057  4.272  1.325  -0.1135   6.944   1.4387  1.0746   8.568e-01  1.995e-01  2.766e-01
 1.200     7.170631     5230.   0.074  4.270  1.328  -0.1135   6.954   1.4697  1.0900   8.722e-01  1.884e-01  2.770e-01
 1.200     7.181146     5275.   0.092  4.267  1.332  -0.1135   6.963   1.4997  1.0991   8.786e-01  1.808e-01  2.748e-01
 1.200     7.191068     5320.   0.110  4.265  1.337  -0.1135   6.972   1.5287  1.1075   8.851e-01  1.736e-01  2.725e-01
 1.200     7.200421     5364.   0.127  4.261  1.342  -0.1135   6.981   1.5565  1.1187   8.998e-01  1.639e-01  2.716e-01
 1.200     7.209292     5407.   0.144  4.258  1.347  -0.1135   6.989   1.5835  1.1254   9.063e-01  1.572e-01  2.688e-01
 1.200     7.219681     5459.   0.165  4.253  1.354  -0.1135   7.000   1.6157  1.1346   9.187e-01  1.479e-01  2.658e-01
 1.200     7.229329     5508.   0.186  4.248  1.362  -0.1135   7.011   1.6468  1.1432   9.331e-01  1.386e-01  2.630e-01
 1.200     7.239987     5563.   0.210  4.242  1.372  -0.1135   7.023   1.6812  1.1523   9.508e-01  1.278e-01  2.592e-01
 1.200     7.249709     5614.   0.232  4.235  1.383  -0.1135   7.035   1.7128  1.1598   9.677e-01  1.181e-01  2.553e-01
 1.200     7.260024     5670.   0.257  4.228  1.395  -0.1135   7.048   1.7462  1.1687   9.958e-01  1.054e-01  2.514e-01
 1.200     7.269422     5722.   0.280  4.221  1.406  -0.1135   7.061   1.7761  1.1758   1.023e+00  9.379e-02  2.474e-01
 1.200     7.279252     5778.   0.304  4.214  1.418  -0.1135   7.075   1.8055  1.1811   1.045e+00  8.358e-02  2.422e-01
 1.200     7.289029     5834.   0.326  4.208  1.426  -0.1135   7.091   1.8312  1.1865   1.076e+00  7.166e-02  2.376e-01
 1.200     7.299952     5898.   0.348  4.206  1.431  -0.1135   7.111   1.8546  1.1905   1.101e+00  6.074e-02  2.324e-01
 1.200     7.309334     5953.   0.362  4.208  1.428  -0.1135   7.126   1.8704  1.1930   1.117e+00  5.260e-02  2.285e-01
 1.200     7.319947     6011.   0.371  4.215  1.415  -0.1135   7.142   1.8839  1.1951   1.128e+00  4.465e-02  2.252e-01
 1.200     7.330079     6060.   0.373  4.227  1.395  -0.1135   7.156   1.8923  1.1964   1.129e+00  3.887e-02  2.234e-01
 1.200     7.339223     6098.   0.367  4.244  1.369  -0.1135   7.166   1.8953  1.1971   1.122e+00  3.476e-02  2.233e-01
 1.200     7.349023     6126.   0.353  4.266  1.335  -0.1135   7.174   1.8937  1.1975   1.101e+00  3.270e-02  2.248e-01
 1.200     7.359287     6142.   0.330  4.293  1.294  -0.1135   7.180   1.8883  1.1976   1.073e+00  3.183e-02  2.282e-01
 1.200     7.370208     6143.   0.300  4.324  1.249  -0.1135   7.183   1.8812  1.1975   1.036e+00  3.283e-02  2.332e-01
 1.200     7.379247     6135.   0.273  4.349  1.214  -0.1135   7.184   1.8745  1.1971   1.003e+00  3.495e-02  2.380e-01
 1.200     7.390395     6118.   0.241  4.375  1.177  -0.1135   7.185   1.8676  1.1965   9.664e-01  3.829e-02  2.437e-01
 1.200     7.402504     6095.   0.213  4.397  1.148  -0.1135   7.184   1.8612  1.1958   9.368e-01  4.190e-02  2.489e-01
 1.200     7.412538     6077.   0.197  4.408  1.133  -0.1135   7.183   1.8571  1.1954   9.224e-01  4.402e-02  2.520e-01
 1.200     7.418982     6068.   0.190  4.413  1.127  -0.1135   7.182   1.8552  1.1951   9.159e-01  4.522e-02  2.534e-01
 1.200     7.435548     6053.   0.181  4.417  1.121  -0.1135   7.180   1.8533  1.1944   9.039e-01  4.816e-02  2.548e-01
 1.200     7.446058     6049.   0.181  4.417  1.122  -0.1135   7.179   1.8531  1.1944   9.055e-01  4.820e-02  2.550e-01
 1.200     7.458345     6049.   0.183  4.414  1.125  -0.1135   7.179   1.8540  1.1944   9.078e-01  4.819e-02  2.547e-01
 1.200     7.472644     6050.   0.186  4.411  1.129  -0.1135   7.179   1.8551  1.1944   9.102e-01  4.816e-02  2.540e-01
 1.200     7.489203     6052.   0.190  4.408  1.133  -0.1135   7.179   1.8562  1.1947   9.180e-01  4.676e-02  2.536e-01
 1.200     7.508276     6057.   0.194  4.406  1.137  -0.1135   7.179   1.8589  1.1947   9.193e-01  4.671e-02  2.527e-01
 1.200     7.530110     6062.   0.197  4.404  1.139  -0.1135   7.179   1.8617  1.1947   9.197e-01  4.665e-02  2.519e-01
 1.200     7.554938     6070.   0.202  4.402  1.142  -0.1135   7.180   1.8670  1.1951   9.255e-01  4.515e-02  2.509e-01
 1.200     7.582973     6078.   0.205  4.401  1.143  -0.1135   7.181   1.8720  1.1954   9.292e-01  4.397e-02  2.501e-01
 1.200     7.614388     6090.   0.210  4.399  1.145  -0.1135   7.183   1.8799  1.1958   9.361e-01  4.194e-02  2.490e-01
 1.200     7.649311     6105.   0.216  4.397  1.147  -0.1135   7.184   1.8897  1.1962   9.412e-01  4.020e-02  2.475e-01
 1.200     7.687820     6120.   0.221  4.396  1.149  -0.1135   7.186   1.9000  1.1965   9.464e-01  3.836e-02  2.461e-01
 1.200     7.729931     6133.   0.226  4.395  1.150  -0.1135   7.188   1.9092  1.1967   9.482e-01  3.726e-02  2.448e-01
 1.200     7.775605     6144.   0.230  4.395  1.151  -0.1135   7.189   1.9178  1.1969   9.508e-01  3.615e-02  2.437e-01
 1.200     7.824741     6152.   0.232  4.394  1.151  -0.1135   7.189   1.9239  1.1971   9.541e-01  3.502e-02  2.430e-01
 1.200     7.877193     6159.   0.235  4.394  1.152  -0.1135   7.190   1.9289  1.1973   9.583e-01  3.386e-02  2.424e-01
 1.200     7.932770     6164.   0.236  4.394  1.152  -0.1135   7.191   1.9319  1.1973   9.572e-01  3.383e-02  2.420e-01
 1.200     7.991252     6167.   0.237  4.394  1.152  -0.1135   7.191   1.9340  1.1975   9.611e-01  3.295e-02  2.417e-01
 1.200     8.052394     6170.   0.239  4.393  1.153  -0.1135   7.192   1.9361  1.1975   9.609e-01  3.293e-02  2.414e-01
 1.200     8.115953     6172.   0.240  4.392  1.154  -0.1135   7.192   1.9383  1.1975   9.610e-01  3.291e-02  2.411e-01
 1.200     8.181669     6174.   0.241  4.391  1.155  -0.1135   7.193   1.9405  1.1976   9.660e-01  3.200e-02  2.409e-01
 1.200     8.249301     6175.   0.243  4.390  1.157  -0.1135   7.194   1.9425  1.1976   9.665e-01  3.199e-02  2.405e-01
 1.200     8.318618     6177.   0.244  4.389  1.158  -0.1135   7.195   1.9445  1.1976   9.673e-01  3.198e-02  2.402e-01
 1.200     8.380128     6178.   0.246  4.388  1.160  -0.1135   7.196   1.9467  1.1976   9.682e-01  3.197e-02  2.398e-01
 1.200     8.433997     6178.   0.247  4.386  1.162  -0.1135   7.197   1.9489  1.1977   9.727e-01  3.134e-02  2.396e-01
 1.200     8.481915     6179.   0.249  4.385  1.164  -0.1135   7.197   1.9511  1.1977   9.738e-01  3.134e-02  2.393e-01
 1.200     8.525068     6180.   0.251  4.384  1.165  -0.1135   7.198   1.9531  1.1977   9.749e-01  3.133e-02  2.390e-01
 1.200     8.564318     6180.   0.252  4.382  1.167  -0.1135   7.199   1.9551  1.1977   9.760e-01  3.132e-02  2.387e-01
 1.200     8.600313     6180.   0.253  4.381  1.169  -0.1135   7.200   1.9572  1.1977   9.771e-01  3.131e-02  2.384e-01
 1.200     8.633551     6181.   0.255  4.380  1.171  -0.1135   7.200   1.9590  1.1977   9.783e-01  3.131e-02  2.382e-01
 1.200     8.664426     6181.   0.256  4.379  1.172  -0.1135   7.201   1.9612  1.1977   9.795e-01  3.130e-02  2.379e-01
 1.200     8.693251     6181.   0.258  4.377  1.174  -0.1135   7.202   1.9634  1.1977   9.807e-01  3.129e-02  2.376e-01
 1.200     8.720281     6182.   0.259  4.376  1.176  -0.1135   7.203   1.9655  1.1978   9.854e-01  3.066e-02  2.374e-01
 1.200     8.745727     6182.   0.261  4.374  1.178  -0.1135   7.203   1.9678  1.1978   9.867e-01  3.065e-02  2.371e-01
 1.200     8.769763     6182.   0.262  4.373  1.180  -0.1135   7.204   1.9700  1.1978   9.879e-01  3.065e-02  2.369e-01
 1.200     8.792539     6182.   0.263  4.372  1.182  -0.1135   7.205   1.9723  1.1978   9.891e-01  3.064e-02  2.366e-01
 1.200     8.814180     6183.   0.265  4.370  1.183  -0.1135   7.205   1.9746  1.1978   9.904e-01  3.063e-02  2.363e-01
 1.200     8.834794     6183.   0.266  4.369  1.185  -0.1135   7.206   1.9769  1.1978   9.916e-01  3.063e-02  2.361e-01
 1.200     8.854473     6183.   0.268  4.368  1.187  -0.1135   7.207   1.9793  1.1978   9.928e-01  3.062e-02  2.358e-01
 1.200     8.873299     6184.   0.269  4.366  1.189  -0.1135   7.207   1.9817  1.1978   9.940e-01  3.061e-02  2.355e-01
 1.200     8.891343     6184.   0.271  4.365  1.191  -0.1135   7.208   1.9841  1.1978   9.952e-01  3.061e-02  2.352e-01
 1.200     8.908667     6184.   0.272  4.364  1.193  -0.1135   7.209   1.9865  1.1979   1.000e+00  2.996e-02  2.350e-01
 1.200     8.925327     6185.   0.274  4.362  1.195  -0.1135   7.210   1.9890  1.1979   1.001e+00  2.995e-02  2.347e-01
 1.200     8.941370     6185.   0.275  4.361  1.197  -0.1135   7.210   1.9916  1.1979   1.003e+00  2.994e-02  2.345e-01
 1.200     8.956842     6186.   0.277  4.359  1.198  -0.1135   7.211   1.9941  1.1979   1.004e+00  2.993e-02  2.342e-01
 1.200     8.971782     6186.   0.278  4.358  1.200  -0.1135   7.212   1.9967  1.1979   1.005e+00  2.993e-02  2.339e-01
 1.200     8.986225     6186.   0.280  4.357  1.202  -0.1135   7.213   1.9993  1.1979   1.006e+00  2.992e-02  2.336e-01
 1.200     9.000204     6187.   0.281  4.355  1.204  -0.1135   7.213   2.0020  1.1979   1.008e+00  2.991e-02  2.333e-01
 1.200     9.013747     6187.   0.283  4.354  1.206  -0.1135   7.214   2.0046  1.1979   1.009e+00  2.991e-02  2.330e-01
 1.200     9.026876     6188.   0.284  4.352  1.208  -0.1135   7.215   2.0073  1.1980   1.014e+00  2.924e-02  2.328e-01
 1.200     9.039624     6188.   0.286  4.351  1.210  -0.1135   7.216   2.0100  1.1980   1.015e+00  2.923e-02  2.325e-01
 1.200     9.052009     6189.   0.287  4.350  1.212  -0.1135   7.217   2.0128  1.1980   1.017e+00  2.922e-02  2.322e-01
 1.200     9.064050     6189.   0.289  4.348  1.214  -0.1135   7.218   2.0156  1.1980   1.018e+00  2.922e-02  2.319e-01
 1.200     9.075766     6190.   0.290  4.347  1.216  -0.1135   7.218   2.0184  1.1980   1.019e+00  2.921e-02  2.316e-01
 1.200     9.087171     6190.   0.292  4.345  1.218  -0.1135   7.219   2.0213  1.1980   1.020e+00  2.920e-02  2.313e-01
 1.200     9.098287     6191.   0.294  4.344  1.220  -0.1135   7.220   2.0242  1.1980   1.022e+00  2.919e-02  2.310e-01
 1.200     9.109126     6191.   0.295  4.342  1.222  -0.1135   7.221   2.0271  1.1981   1.027e+00  2.851e-02  2.308e-01
 1.200     9.119701     6192.   0.297  4.341  1.224  -0.1135   7.222   2.0301  1.1981   1.028e+00  2.850e-02  2.304e-01
 1.200     9.130025     6192.   0.298  4.339  1.226  -0.1135   7.223   2.0331  1.1981   1.030e+00  2.849e-02  2.301e-01
 1.200     9.140109     6193.   0.300  4.338  1.229  -0.1135   7.223   2.0361  1.1981   1.031e+00  2.848e-02  2.298e-01
 1.200     9.149961     6193.   0.302  4.336  1.231  -0.1135   7.224   2.0392  1.1981   1.032e+00  2.848e-02  2.295e-01
 1.200     9.159597     6194.   0.303  4.335  1.233  -0.1135   7.225   2.0423  1.1981   1.034e+00  2.847e-02  2.292e-01
 1.200     9.169025     6194.   0.305  4.333  1.235  -0.1135   7.226   2.0455  1.1981   1.035e+00  2.846e-02  2.289e-01
 1.200     9.178252     6195.   0.307  4.332  1.237  -0.1135   7.227   2.0486  1.1981   1.037e+00  2.845e-02  2.286e-01
 1.200     9.187287     6195.   0.308  4.330  1.239  -0.1135   7.228   2.0519  1.1981   1.038e+00  2.844e-02  2.283e-01
 1.200     9.196135     6196.   0.310  4.329  1.241  -0.1135   7.229   2.0552  1.1982   1.044e+00  2.767e-02  2.280e-01
 1.200     9.204809     6196.   0.312  4.327  1.244  -0.1135   7.230   2.0585  1.1982   1.046e+00  2.766e-02  2.277e-01
 1.200     9.213313     6197.   0.313  4.326  1.246  -0.1135   7.231   2.0618  1.1982   1.047e+00  2.766e-02  2.274e-01
 1.200     9.221654     6197.   0.315  4.324  1.248  -0.1135   7.232   2.0652  1.1982   1.048e+00  2.765e-02  2.271e-01
 1.200     9.229838     6198.   0.317  4.323  1.250  -0.1135   7.232   2.0686  1.1982   1.050e+00  2.764e-02  2.268e-01
 1.200     9.237868     6198.   0.319  4.321  1.253  -0.1135   7.234   2.0721  1.1982   1.051e+00  2.763e-02  2.264e-01
 1.200     9.245754     6199.   0.320  4.320  1.255  -0.1135   7.234   2.0756  1.1982   1.053e+00  2.763e-02  2.261e-01
 1.200     9.253500     6199.   0.322  4.318  1.257  -0.1135   7.235   2.0792  1.1982   1.054e+00  2.762e-02  2.258e-01
 1.200     9.261111     6200.   0.324  4.316  1.260  -0.1135   7.236   2.0828  1.1984   1.061e+00  2.682e-02  2.256e-01
 1.200     9.268590     6200.   0.325  4.315  1.262  -0.1135   7.237   2.0865  1.1984   1.063e+00  2.681e-02  2.252e-01
 1.200     9.275940     6201.   0.327  4.313  1.264  -0.1135   7.238   2.0902  1.1984   1.064e+00  2.681e-02  2.249e-01
 1.200     9.283170     6201.   0.329  4.311  1.267  -0.1135   7.239   2.0940  1.1984   1.066e+00  2.680e-02  2.246e-01
 1.200     9.290282     6201.   0.331  4.310  1.269  -0.1135   7.240   2.0978  1.1984   1.067e+00  2.679e-02  2.242e-01
 1.200     9.297279     6202.   0.332  4.308  1.271  -0.1135   7.241   2.1017  1.1984   1.069e+00  2.678e-02  2.239e-01
 1.200     9.304165     6202.   0.334  4.306  1.274  -0.1135   7.242   2.1056  1.1984   1.071e+00  2.678e-02  2.236e-01
 1.200     9.310942     6202.   0.336  4.305  1.276  -0.1135   7.244   2.1097  1.1984   1.072e+00  2.677e-02  2.233e-01
 1.200     9.317616     6203.   0.338  4.303  1.279  -0.1135   7.245   2.1137  1.1984   1.074e+00  2.676e-02  2.229e-01
 1.200     9.324190     6203.   0.340  4.301  1.281  -0.1135   7.246   2.1179  1.1984   1.076e+00  2.676e-02  2.226e-01
 1.200     9.330665     6203.   0.341  4.300  1.284  -0.1135   7.247   2.1220  1.1985   1.083e+00  2.593e-02  2.223e-01
 1.200     9.337046     6204.   0.343  4.298  1.287  -0.1135   7.248   2.1262  1.1985   1.085e+00  2.592e-02  2.220e-01
 1.200     9.343334     6204.   0.345  4.296  1.289  -0.1135   7.249   2.1305  1.1985   1.086e+00  2.592e-02  2.217e-01
 1.200     9.349530     6204.   0.347  4.294  1.292  -0.1135   7.250   2.1348  1.1985   1.088e+00  2.591e-02  2.214e-01
 1.200     9.355641     6204.   0.349  4.293  1.294  -0.1135   7.251   2.1392  1.1985   1.090e+00  2.590e-02  2.210e-01
 1.200     9.361667     6204.   0.350  4.291  1.297  -0.1135   7.252   2.1437  1.1985   1.092e+00  2.590e-02  2.207e-01
 1.200     9.367611     6204.   0.352  4.289  1.300  -0.1135   7.254   2.1482  1.1985   1.094e+00  2.589e-02  2.204e-01
 1.200     9.373475     6204.   0.354  4.287  1.302  -0.1135   7.255   2.1528  1.1985   1.096e+00  2.588e-02  2.201e-01
 1.200     9.379258     6204.   0.356  4.285  1.305  -0.1135   7.256   2.1574  1.1985   1.098e+00  2.588e-02  2.198e-01
 1.200     9.384968     6204.   0.358  4.284  1.308  -0.1135   7.257   2.1621  1.1985   1.099e+00  2.587e-02  2.194e-01
 1.200     9.390603     6204.   0.359  4.282  1.311  -0.1135   7.259   2.1669  1.1985   1.101e+00  2.587e-02  2.191e-01
 1.200     9.396166     6204.   0.361  4.280  1.314  -0.1135   7.260   2.1720  1.1986   1.110e+00  2.501e-02  2.189e-01
 1.200     9.401659     6204.   0.363  4.278  1.317  -0.1135   7.261   2.1775  1.1986   1.112e+00  2.501e-02  2.185e-01
 1.200     9.407081     6204.   0.365  4.276  1.320  -0.1135   7.262   2.1831  1.1986   1.114e+00  2.500e-02  2.182e-01
 1.200     9.412439     6204.   0.367  4.274  1.323  -0.1135   7.263   2.1893  1.1986   1.116e+00  2.499e-02  2.178e-01
 1.200     9.417731     6204.   0.369  4.272  1.326  -0.1135   7.264   2.1958  1.1986   1.118e+00  2.499e-02  2.174e-01
 1.200     9.422959     6204.   0.371  4.270  1.329  -0.1135   7.266   2.2014  1.1986   1.120e+00  2.498e-02  2.171e-01
 1.200     9.428125     6203.   0.373  4.268  1.332  -0.1135   7.268   2.2070  1.1986   1.123e+00  2.498e-02  2.168e-01
 1.200     9.433229     6203.   0.375  4.266  1.335  -0.1135   7.269   2.2132  1.1986   1.125e+00  2.497e-02  2.165e-01
 1.200     9.438275     6202.   0.377  4.264  1.338  -0.1135   7.270   2.2195  1.1986   1.127e+00  2.497e-02  2.162e-01
 1.200     9.443263     6202.   0.379  4.262  1.341  -0.1135   7.272   2.2257  1.1986   1.129e+00  2.497e-02  2.159e-01
 1.200     9.448194     6201.   0.380  4.260  1.344  -0.1135   7.274   2.2319  1.1986   1.132e+00  2.496e-02  2.156e-01
 1.200     9.453071     6200.   0.382  4.258  1.347  -0.1135   7.275   2.2374  1.1986   1.134e+00  2.496e-02  2.154e-01
 1.200     9.457892     6199.   0.384  4.256  1.350  -0.1135   7.277   2.2422  1.1986   1.137e+00  2.496e-02  2.151e-01
 1.200     9.462660     6198.   0.385  4.254  1.353  -0.1135   7.279   2.2482  1.1986   1.139e+00  2.496e-02  2.149e-01
 1.200     9.467377     6196.   0.387  4.252  1.356  -0.1135   7.281   2.2523  1.1986   1.142e+00  2.496e-02  2.146e-01
 1.200     9.472044     6195.   0.389  4.250  1.360  -0.1135   7.283   2.2569  1.1986   1.145e+00  2.496e-02  2.144e-01
 1.200     9.476661     6193.   0.390  4.248  1.363  -0.1135   7.284   2.2567  1.1986   1.148e+00  2.496e-02  2.142e-01
 1.200     9.481229     6191.   0.392  4.246  1.366  -0.1135   7.286   2.2513  1.1986   1.151e+00  2.497e-02  2.140e-01
 1.200     9.485748     6189.   0.393  4.244  1.369  -0.1135   7.287   2.2512  1.1985   1.147e+00  2.582e-02  2.137e-01
 1.200     9.490223     6187.   0.395  4.242  1.372  -0.1135   7.288   2.2516  1.1985   1.150e+00  2.582e-02  2.136e-01
 1.200     9.494651     6184.   0.396  4.240  1.376  -0.1135   7.290   2.2516  1.1985   1.153e+00  2.583e-02  2.134e-01
 1.200     9.499035     6182.   0.397  4.238  1.379  -0.1135   7.290   2.2426  1.1985   1.157e+00  2.583e-02  2.133e-01
 1.200     9.503375     6181.   0.400  4.235  1.383  -0.1135   7.292   2.2508  1.1985   1.160e+00  2.583e-02  2.129e-01
 1.200     9.507671     6178.   0.401  4.233  1.386  -0.1135   7.294   2.2550  1.1985   1.163e+00  2.584e-02  2.129e-01
 1.200     9.511926     6174.   0.402  4.231  1.389  -0.1135   7.296   2.2595  1.1984   1.160e+00  2.667e-02  2.127e-01
 1.200     9.516140     6170.   0.402  4.229  1.392  -0.1135   7.294   2.2360  1.1984   1.164e+00  2.668e-02  2.128e-01
 1.200     9.519963     6170.   0.406  4.226  1.397  -0.1135   7.293   2.2212  1.1984   1.167e+00  2.667e-02  2.122e-01
 1.200     9.523123     6172.   0.409  4.223  1.403  -0.1135   7.295   2.2310  1.1985   1.176e+00  2.583e-02  2.115e-01
 1.200     9.526886     6172.   0.411  4.221  1.405  -0.1135   7.296   2.2356  1.1985   1.178e+00  2.583e-02  2.113e-01
 1.200     9.530956     6168.   0.412  4.219  1.408  -0.1135   7.298   2.2393  1.1984   1.175e+00  2.665e-02  2.112e-01
 1.200     9.534990     6164.   0.412  4.217  1.411  -0.1135   7.300   2.2429  1.1984   1.179e+00  2.667e-02  2.113e-01
 1.200     9.538987     6158.   0.413  4.215  1.415  -0.1135   7.302   2.2464  1.1982   1.178e+00  2.748e-02  2.113e-01
 1.200     9.542947     6153.   0.414  4.213  1.418  -0.1135   7.303   2.2489  1.1982   1.182e+00  2.750e-02  2.114e-01
 1.200     9.546872     6147.   0.414  4.211  1.422  -0.1135   7.305   2.2523  1.1981   1.181e+00  2.829e-02  2.115e-01
 1.200     9.550761     6141.   0.415  4.209  1.426  -0.1135   7.306   2.2561  1.1980   1.181e+00  2.898e-02  2.116e-01
 1.200     9.554615     6136.   0.416  4.206  1.430  -0.1135   7.305   2.2429  1.1980   1.186e+00  2.900e-02  2.117e-01
 1.200     9.557802     6132.   0.417  4.204  1.434  -0.1135   7.307   2.2491  1.1979   1.185e+00  2.967e-02  2.114e-01
 1.200     9.561595     6127.   0.418  4.201  1.438  -0.1135   7.308   2.2529  1.1979   1.190e+00  2.969e-02  2.115e-01
 1.200     9.565355     6121.   0.419  4.199  1.441  -0.1135   7.310   2.2568  1.1978   1.190e+00  3.035e-02  2.116e-01
 1.200     9.569082     6114.   0.419  4.197  1.445  -0.1135   7.312   2.2609  1.1977   1.191e+00  3.101e-02  2.117e-01
 1.200     9.572503     6108.   0.420  4.194  1.449  -0.1135   7.313   2.2652  1.1976   1.192e+00  3.164e-02  2.119e-01
 1.200     9.575332     6104.   0.421  4.192  1.453  -0.1135   7.307   2.2315  1.1976   1.196e+00  3.166e-02  2.118e-01
 1.200     9.577677     6105.   0.425  4.189  1.459  -0.1135   7.310   2.2401  1.1976   1.199e+00  3.164e-02  2.111e-01
 1.200     9.580472     6104.   0.426  4.187  1.462  -0.1135   7.311   2.2441  1.1976   1.202e+00  3.164e-02  2.110e-01
 1.200     9.583804     6099.   0.426  4.185  1.465  -0.1135   7.312   2.2474  1.1975   1.199e+00  3.254e-02  2.110e-01
 1.200     9.587273     6092.   0.427  4.183  1.468  -0.1135   7.314   2.2505  1.1975   1.204e+00  3.258e-02  2.112e-01
 1.200     9.590480     6085.   0.427  4.181  1.473  -0.1135   7.315   2.2537  1.1973   1.204e+00  3.347e-02  2.114e-01
 1.200     9.593448     6078.   0.427  4.178  1.477  -0.1135   7.316   2.2569  1.1971   1.201e+00  3.460e-02  2.115e-01
 1.200     9.596204     6071.   0.428  4.176  1.480  -0.1135   7.318   2.2599  1.1969   1.199e+00  3.568e-02  2.116e-01
 1.200     9.598773     6065.   0.428  4.174  1.484  -0.1135   7.319   2.2629  1.1969   1.204e+00  3.572e-02  2.119e-01
 1.200     9.601176     6059.   0.428  4.172  1.487  -0.1135   7.320   2.2659  1.1967   1.202e+00  3.677e-02  2.119e-01
 1.200     9.603429     6053.   0.428  4.170  1.491  -0.1135   7.321   2.2688  1.1967   1.207e+00  3.680e-02  2.122e-01
 1.200     9.605546     6048.   0.429  4.168  1.494  -0.1135   7.322   2.2716  1.1965   1.204e+00  3.781e-02  2.122e-01
 1.200     9.607542     6043.   0.429  4.166  1.497  -0.1135   7.323   2.2745  1.1965   1.208e+00  3.785e-02  2.124e-01
 1.200     9.609426     6038.   0.429  4.165  1.500  -0.1135   7.324   2.2770  1.1964   1.206e+00  3.873e-02  2.125e-01
 1.200     9.611207     6033.   0.430  4.163  1.502  -0.1135   7.325   2.2797  1.1964   1.210e+00  3.876e-02  2.127e-01
 1.200     9.612895     6029.   0.430  4.162  1.505  -0.1135   7.326   2.2824  1.1962   1.208e+00  3.961e-02  2.127e-01
 1.200     9.614498     6025.   0.430  4.160  1.508  -0.1135   7.327   2.2849  1.1962   1.211e+00  3.964e-02  2.128e-01
 1.200     9.616019     6021.   0.430  4.159  1.510  -0.1135   7.328   2.2877  1.1960   1.209e+00  4.047e-02  2.129e-01
 1.200     9.617465     6018.   0.431  4.158  1.512  -0.1135   7.329   2.2903  1.1960   1.212e+00  4.049e-02  2.130e-01
 1.200     9.618841     6014.   0.431  4.156  1.514  -0.1135   7.330   2.2928  1.1958   1.209e+00  4.130e-02  2.130e-01
 1.200     9.620152     6011.   0.431  4.155  1.516  -0.1135   7.330   2.2954  1.1958   1.212e+00  4.132e-02  2.131e-01
 1.200     9.621403     6008.   0.432  4.154  1.518  -0.1135   7.331   2.2979  1.1956   1.210e+00  4.210e-02  2.131e-01
 1.200     9.622597     6006.   0.432  4.153  1.520  -0.1135   7.332   2.3004  1.1956   1.212e+00  4.213e-02  2.132e-01
 1.200     9.623744     6003.   0.432  4.152  1.522  -0.1135   7.333   2.3026  1.1956   1.215e+00  4.215e-02  2.132e-01
 1.200     9.624842     6001.   0.433  4.151  1.524  -0.1135   7.334   2.3050  1.1954   1.209e+00  4.327e-02  2.131e-01
 1.200     9.625892     5998.   0.433  4.150  1.526  -0.1135   7.334   2.3074  1.1954   1.211e+00  4.329e-02  2.132e-01
 1.200     9.626901     5996.   0.433  4.149  1.528  -0.1135   7.335   2.3097  1.1954   1.213e+00  4.330e-02  2.132e-01
 1.200     9.627867     5994.   0.434  4.148  1.529  -0.1135   7.336   2.3120  1.1954   1.215e+00  4.332e-02  2.132e-01
 1.200     9.628795     5992.   0.434  4.147  1.531  -0.1135   7.337   2.3143  1.1954   1.217e+00  4.333e-02  2.133e-01
 1.200     9.629689     5990.   0.434  4.146  1.532  -0.1135   7.337   2.3165  1.1951   1.212e+00  4.441e-02  2.131e-01
 1.200     9.630547     5989.   0.435  4.145  1.534  -0.1135   7.338   2.3187  1.1951   1.213e+00  4.442e-02  2.131e-01
 1.200     9.631373     5987.   0.435  4.144  1.535  -0.1135   7.339   2.3209  1.1951   1.215e+00  4.444e-02  2.131e-01
 1.200     9.632167     5986.   0.435  4.144  1.537  -0.1135   7.340   2.3231  1.1951   1.217e+00  4.444e-02  2.132e-01
 1.200     9.632933     5984.   0.436  4.143  1.538  -0.1135   7.340   2.3253  1.1951   1.218e+00  4.445e-02  2.132e-01
 1.200     9.633670     5983.   0.436  4.142  1.539  -0.1135   7.341   2.3274  1.1951   1.219e+00  4.446e-02  2.132e-01
 1.200     9.634382     5982.   0.437  4.141  1.541  -0.1135   7.342   2.3295  1.1951   1.221e+00  4.447e-02  2.132e-01
 1.200     9.635068     5981.   0.437  4.141  1.542  -0.1135   7.342   2.3316  1.1951   1.222e+00  4.448e-02  2.131e-01
 1.200     9.635730     5980.   0.437  4.140  1.543  -0.1135   7.343   2.3336  1.1951   1.223e+00  4.448e-02  2.131e-01
 1.200     9.636370     5979.   0.438  4.139  1.544  -0.1135   7.343   2.3357  1.1951   1.224e+00  4.449e-02  2.131e-01
 1.200     9.636987     5978.   0.438  4.139  1.545  -0.1135   7.344   2.3375  1.1951   1.225e+00  4.449e-02  2.131e-01
 1.200     9.637584     5977.   0.438  4.138  1.546  -0.1135   7.345   2.3395  1.1947   1.217e+00  4.587e-02  2.127e-01
 1.200     9.638159     5977.   0.439  4.137  1.548  -0.1135   7.346   2.3416  1.1947   1.218e+00  4.587e-02  2.127e-01
 1.200     9.638714     5976.   0.439  4.137  1.549  -0.1135   7.346   2.3438  1.1947   1.219e+00  4.587e-02  2.126e-01
 1.200     9.639249     5976.   0.440  4.136  1.550  -0.1135   7.347   2.3459  1.1947   1.220e+00  4.587e-02  2.126e-01
 1.200     9.639768     5976.   0.440  4.136  1.551  -0.1135   7.348   2.3481  1.1947   1.221e+00  4.587e-02  2.125e-01
 1.200     9.640269     5976.   0.441  4.135  1.552  -0.1135   7.348   2.3502  1.1947   1.221e+00  4.587e-02  2.124e-01
 1.200     9.640753     5976.   0.442  4.135  1.553  -0.1135   7.349   2.3523  1.1947   1.222e+00  4.586e-02  2.123e-01
 1.200     9.641221     5976.   0.442  4.134  1.554  -0.1135   7.349   2.3544  1.1947   1.222e+00  4.586e-02  2.122e-01
 1.200     9.641674     5976.   0.443  4.133  1.555  -0.1135   7.350   2.3565  1.1947   1.223e+00  4.585e-02  2.121e-01
 1.200     9.642113     5976.   0.443  4.133  1.556  -0.1135   7.351   2.3586  1.1947   1.224e+00  4.585e-02  2.120e-01
 1.200     9.642538     5976.   0.444  4.132  1.557  -0.1135   7.351   2.3606  1.1951   1.233e+00  4.447e-02  2.122e-01
 1.200     9.642948     5976.   0.444  4.132  1.557  -0.1135   7.352   2.3627  1.1951   1.234e+00  4.446e-02  2.121e-01
 1.200     9.643346     5977.   0.445  4.131  1.558  -0.1135   7.353   2.3647  1.1951   1.234e+00  4.446e-02  2.119e-01
 1.200     9.643731     5977.   0.445  4.131  1.559  -0.1135   7.353   2.3666  1.1951   1.235e+00  4.445e-02  2.119e-01
 1.200     9.644104     5977.   0.446  4.131  1.560  -0.1135   7.354   2.3688  1.1951   1.235e+00  4.445e-02  2.117e-01
 1.200     9.644463     5978.   0.447  4.130  1.561  -0.1135   7.354   2.3710  1.1951   1.235e+00  4.444e-02  2.116e-01
 1.200     9.644813     5978.   0.447  4.130  1.562  -0.1135   7.355   2.3731  1.1951   1.236e+00  4.443e-02  2.114e-01
 1.200     9.645150     5979.   0.448  4.129  1.562  -0.1135   7.356   2.3753  1.1951   1.236e+00  4.442e-02  2.113e-01
 1.200     9.645477     5980.   0.449  4.129  1.563  -0.1135   7.356   2.3774  1.1951   1.236e+00  4.441e-02  2.111e-01
 1.200     9.645795     5981.   0.449  4.128  1.564  -0.1135   7.357   2.3796  1.1951   1.236e+00  4.439e-02  2.110e-01
 1.200     9.646102     5982.   0.450  4.128  1.565  -0.1135   7.357   2.3817  1.1951   1.236e+00  4.438e-02  2.108e-01
 1.200     9.646399     5983.   0.451  4.127  1.565  -0.1135   7.358   2.3838  1.1951   1.236e+00  4.437e-02  2.106e-01
 1.200     9.646688     5983.   0.451  4.127  1.566  -0.1135   7.359   2.3859  1.1951   1.236e+00  4.436e-02  2.105e-01
 1.200     9.646967     5985.   0.452  4.127  1.567  -0.1135   7.359   2.3880  1.1954   1.244e+00  4.328e-02  2.105e-01
 1.200     9.647239     5985.   0.453  4.126  1.568  -0.1135   7.360   2.3901  1.1954   1.244e+00  4.326e-02  2.103e-01
 1.200     9.647502     5987.   0.453  4.126  1.568  -0.1135   7.361   2.3922  1.1954   1.243e+00  4.325e-02  2.102e-01
 1.200     9.647757     5988.   0.454  4.126  1.569  -0.1135   7.361   2.3943  1.1954   1.243e+00  4.324e-02  2.100e-01
 1.200     9.648005     5989.   0.455  4.125  1.570  -0.1135   7.362   2.3964  1.1954   1.243e+00  4.322e-02  2.098e-01
 1.200     9.648246     5990.   0.455  4.125  1.570  -0.1135   7.362   2.3985  1.1954   1.243e+00  4.321e-02  2.096e-01
 1.200     9.648479     5991.   0.456  4.124  1.571  -0.1135   7.363   2.4006  1.1956   1.251e+00  4.209e-02  2.096e-01
 1.200     9.648705     5993.   0.457  4.124  1.572  -0.1135   7.363   2.4026  1.1956   1.251e+00  4.207e-02  2.094e-01
 1.200     9.648925     5994.   0.458  4.124  1.572  -0.1135   7.364   2.4046  1.1956   1.250e+00  4.206e-02  2.093e-01
 1.200     9.649138     5996.   0.459  4.123  1.573  -0.1135   7.365   2.4075  1.1956   1.250e+00  4.204e-02  2.090e-01
 1.200     9.649345     5997.   0.460  4.123  1.574  -0.1135   7.365   2.4099  1.1956   1.250e+00  4.202e-02  2.087e-01
 1.200     9.649545     5999.   0.461  4.122  1.575  -0.1135   7.366   2.4122  1.1958   1.255e+00  4.124e-02  2.086e-01
 1.200     9.649739     6001.   0.461  4.122  1.575  -0.1135   7.367   2.4145  1.1958   1.255e+00  4.122e-02  2.084e-01
 1.200     9.649927     6002.   0.462  4.122  1.576  -0.1135   7.367   2.4167  1.1958   1.254e+00  4.120e-02  2.082e-01
 1.200     9.650110     6004.   0.463  4.121  1.577  -0.1135   7.368   2.4189  1.1960   1.260e+00  4.041e-02  2.081e-01
 1.200     9.650288     6006.   0.464  4.121  1.577  -0.1135   7.368   2.4211  1.1960   1.259e+00  4.039e-02  2.079e-01
 1.200     9.650460     6007.   0.465  4.121  1.578  -0.1135   7.369   2.4233  1.1960   1.259e+00  4.037e-02  2.076e-01
 1.200     9.650627     6009.   0.465  4.120  1.579  -0.1135   7.370   2.4255  1.1960   1.259e+00  4.036e-02  2.074e-01
 1.200     9.650789     6010.   0.466  4.120  1.579  -0.1135   7.370   2.4278  1.1962   1.264e+00  3.954e-02  2.073e-01
 1.200     9.650947     6012.   0.467  4.120  1.580  -0.1135   7.371   2.4300  1.1962   1.264e+00  3.952e-02  2.071e-01
 1.200     9.651100     6014.   0.468  4.119  1.580  -0.1135   7.371   2.4324  1.1962   1.263e+00  3.950e-02  2.068e-01
 1.200     9.651247     6015.   0.469  4.119  1.581  -0.1135   7.372   2.4348  1.1962   1.263e+00  3.948e-02  2.066e-01
 1.200     9.651390     6017.   0.470  4.118  1.582  -0.1135   7.372   2.4372  1.1964   1.268e+00  3.865e-02  2.065e-01
 1.200     9.651530     6019.   0.471  4.118  1.583  -0.1135   7.373   2.4397  1.1964   1.268e+00  3.862e-02  2.062e-01
 1.200     9.651666     6021.   0.472  4.117  1.584  -0.1135   7.373   2.4421  1.1964   1.268e+00  3.860e-02  2.059e-01
