1.8819e+00   -2.519e+01      3.848   1.021
1.4824e+00   -6.768e+02     81.971   0.002
1.3110e+00   -2.564e+03    162.797   0.027
1.2352e+00   -5.054e+03    227.916   0.092
1.1880e+00   -8.432e+03    292.304   0.071
1.1731e+00   -1.051e+04    311.030   0.259
1.1613e+00   -1.281e+04    331.522   0.167
1.1552e+00   -1.436e+04    332.356   0.416
1.1501e+00   -1.606e+04    345.723   0.306
1.1469e+00   -1.727e+04    345.036   0.521
1.1441e+00   -1.860e+04    353.021   0.399
1.1420e+00   -1.959e+04    353.051   0.578
1.1401e+00   -2.069e+04    358.693   0.462
1.1387e+00   -2.154e+04    359.550   0.613
1.1373e+00   -2.250e+04    363.854   0.500
1.1361e+00   -2.325e+04    365.358   0.631
1.1350e+00   -2.413e+04    369.066   0.525
1.1341e+00   -2.483e+04    370.977   0.642
1.1332e+00   -2.565e+04    374.352   0.542
1.1324e+00   -2.632e+04    376.560   0.649
1.1316e+00   -2.711e+04    379.736   0.554
1.1309e+00   -2.775e+04    382.163   0.654
1.1302e+00   -2.852e+04    385.245   0.563
1.1296e+00   -2.916e+04    387.866   0.659
1.1290e+00   -2.992e+04    390.869   0.571
1.1284e+00   -3.055e+04    393.567   0.662
1.1278e+00   -3.130e+04    396.542   0.578
1.1273e+00   -3.193e+04    399.353   0.666
1.1268e+00   -3.269e+04    402.264   0.585
1.1263e+00   -3.332e+04    405.126   0.671
1.1258e+00   -3.408e+04    408.031   0.591
1.1254e+00   -3.472e+04    410.931   0.675
1.1249e+00   -3.548e+04    413.801   0.598
1.1245e+00   -3.612e+04    416.732   0.680
1.1241e+00   -3.689e+04    419.593   0.604
1.1237e+00   -3.753e+04    422.534   0.684
1.1234e+00   -3.831e+04    425.379   0.610
1.1230e+00   -3.895e+04    428.326   0.689
1.1226e+00   -3.973e+04    431.153   0.616
1.1223e+00   -4.038e+04    434.085   0.694
