1.4923e+00   -2.519e+01      3.85   1.007
1.2631e+00   -3.954e+02     59.75   0.001
1.1766e+00   -1.252e+03    102.80   0.032
1.1311e+00   -2.561e+03    134.51   0.094
1.1032e+00   -4.462e+03    161.13   0.115
1.0937e+00   -5.778e+03    172.96   0.294
1.0862e+00   -7.292e+03    187.56   0.275
1.0827e+00   -8.281e+03    193.71   0.492
1.0795e+00   -9.416e+03    203.90   0.385
1.0777e+00   -1.017e+04    208.34   0.604
1.0760e+00   -1.106e+04    216.07   0.464
1.0749e+00   -1.167e+04    219.60   0.663
1.0739e+00   -1.240e+04    225.73   0.517
1.0731e+00   -1.291e+04    228.68   0.696
1.0724e+00   -1.353e+04    233.76   0.555
1.0719e+00   -1.397e+04    236.32   0.717
1.0713e+00   -1.452e+04    240.68   0.585
1.0709e+00   -1.492e+04    243.01   0.731
1.0704e+00   -1.540e+04    246.86   0.608
1.0701e+00   -1.577e+04    249.04   0.740
1.0697e+00   -1.622e+04    252.51   0.627
1.0694e+00   -1.657e+04    254.61   0.747
1.0691e+00   -1.699e+04    257.81   0.643
1.0688e+00   -1.733e+04    259.88   0.751
1.0685e+00   -1.773e+04    262.88   0.658
1.0683e+00   -1.806e+04    264.93   0.754
1.0680e+00   -1.845e+04    267.76   0.671
1.0678e+00   -1.878e+04    269.81   0.756
1.0676e+00   -1.916e+04    272.50   0.682
1.0673e+00   -1.949e+04    274.59   0.758
1.0671e+00   -1.986e+04    277.15   0.693
1.0669e+00   -2.020e+04    279.26   0.758
1.0667e+00   -2.056e+04    281.73   0.702
1.0665e+00   -2.091e+04    283.88   0.758
1.0664e+00   -2.127e+04    286.25   0.710
1.0662e+00   -2.162e+04    288.44   0.756
1.0660e+00   -2.197e+04    290.74   0.718
1.0659e+00   -2.233e+04    292.98   0.755
1.0657e+00   -2.268e+04    295.19   0.724
1.0655e+00   -2.305e+04    297.48   0.752
1.0654e+00   -2.340e+04    299.62   0.729
1.0652e+00   -2.378e+04    301.95   0.748
1.0651e+00   -2.412e+04    304.02   0.732
1.0649e+00   -2.450e+04    306.39   0.743
1.0648e+00   -2.484e+04    308.42   0.735
1.0647e+00   -2.524e+04    310.82   0.739
1.0646e+00   -2.557e+04    312.79   0.737
1.0644e+00   -2.597e+04    315.20   0.734
1.0643e+00   -2.631e+04    317.14   0.739
1.0642e+00   -2.671e+04    319.56   0.729
