1.3301e+00   -2.519e+01      3.85   1.018
1.1603e+00   -2.211e+02     34.14   0.001
1.0955e+00   -8.103e+02     60.51   0.018
1.0709e+00   -1.521e+03     78.04   0.159
1.0482e+00   -2.850e+03    104.65   0.139
1.0404e+00   -3.779e+03    117.95   0.343
1.0338e+00   -4.955e+03    134.46   0.398
1.0305e+00   -5.731e+03    142.94   0.513
1.0277e+00   -6.634e+03    152.98   0.517
1.0260e+00   -7.249e+03    157.94   0.601
1.0243e+00   -7.974e+03    164.56   0.575
1.0232e+00   -8.483e+03    167.90   0.644
1.0222e+00   -9.099e+03    172.89   0.608
1.0214e+00   -9.542e+03    175.48   0.669
1.0206e+00   -1.009e+04    179.67   0.629
1.0200e+00   -1.049e+04    181.91   0.687
1.0193e+00   -1.099e+04    185.67   0.644
1.0189e+00   -1.135e+04    187.74   0.700
1.0183e+00   -1.182e+04    191.25   0.654
1.0179e+00   -1.217e+04    193.23   0.709
1.0175e+00   -1.262e+04    196.58   0.662
1.0171e+00   -1.295e+04    198.51   0.716
1.0168e+00   -1.338e+04    201.74   0.668
1.0164e+00   -1.370e+04    203.63   0.721
1.0161e+00   -1.412e+04    206.78   0.672
1.0158e+00   -1.443e+04    208.66   0.725
1.0155e+00   -1.484e+04    211.73   0.674
1.0153e+00   -1.515e+04    213.58   0.728
1.0150e+00   -1.556e+04    216.59   0.676
1.0147e+00   -1.586e+04    218.42   0.730
1.0145e+00   -1.627e+04    221.37   0.678
1.0143e+00   -1.656e+04    223.20   0.732
1.0140e+00   -1.697e+04    226.09   0.679
1.0138e+00   -1.727e+04    227.90   0.733
1.0136e+00   -1.768e+04    230.75   0.680
1.0134e+00   -1.797e+04    232.54   0.734
1.0132e+00   -1.838e+04    235.34   0.681
1.0130e+00   -1.868e+04    237.13   0.735
1.0128e+00   -1.909e+04    239.91   0.682
1.0126e+00   -1.939e+04    241.67   0.737
1.0124e+00   -1.981e+04    244.43   0.683
1.0123e+00   -2.011e+04    246.19   0.738
1.0121e+00   -2.053e+04    248.91   0.684
1.0119e+00   -2.083e+04    250.67   0.739
1.0117e+00   -2.125e+04    253.37   0.685
1.0116e+00   -2.156e+04    255.11   0.741
1.0114e+00   -2.199e+04    257.79   0.686
1.0113e+00   -2.230e+04    259.55   0.742
1.0111e+00   -2.273e+04    262.21   0.688
1.0110e+00   -2.304e+04    263.95   0.744
