2.3538e+00    0.000e+00   0.00000   0.000   0.00000  0.00000
1.3705e+00   -2.850e+00   0.03597   0.004   0.01798  0.01798
8.0310e-01   -1.727e+01   0.08383   0.067   0.04332  0.04051
5.6490e-01   -3.838e+01   0.12452   0.135   0.06436  0.06016
4.6155e-01   -5.895e+01   0.15449   0.142   0.07972  0.07477
4.1838e-01   -7.484e+01   0.17337   0.279   0.08959  0.08378
3.9677e-01   -8.634e+01   0.18498   0.325   0.09549  0.08949
3.8385e-01   -9.466e+01   0.19225   0.416   0.09927  0.09299
3.7479e-01   -1.009e+02   0.19714   0.401   0.10174  0.09539
3.6767e-01   -1.064e+02   0.20118   0.440   0.10382  0.09736
3.6186e-01   -1.111e+02   0.20462   0.419   0.10553  0.09909
3.5685e-01   -1.156e+02   0.20803   0.443   0.10725  0.10079
3.5257e-01   -1.199e+02   0.21131   0.425   0.10885  0.10246
3.4878e-01   -1.241e+02   0.21456   0.446   0.11045  0.10412
3.4545e-01   -1.280e+02   0.21783   0.430   0.11202  0.10582
3.4248e-01   -1.320e+02   0.22093   0.449   0.11352  0.10742
3.3982e-01   -1.357e+02   0.22410   0.436   0.11501  0.10908
3.3742e-01   -1.394e+02   0.22712   0.454   0.11646  0.11067
3.3525e-01   -1.430e+02   0.23019   0.444   0.11789  0.11230
3.3330e-01   -1.466e+02   0.23309   0.461   0.11926  0.11383
3.3150e-01   -1.500e+02   0.23599   0.453   0.12060  0.11538
3.2985e-01   -1.533e+02   0.23875   0.470   0.12190  0.11685
3.2834e-01   -1.566e+02   0.24150   0.464   0.12316  0.11834
3.2695e-01   -1.598e+02   0.24411   0.479   0.12437  0.11974
3.2564e-01   -1.629e+02   0.24671   0.476   0.12555  0.12115
3.2445e-01   -1.659e+02   0.24918   0.490   0.12669  0.12248
3.2331e-01   -1.689e+02   0.25162   0.488   0.12780  0.12382
3.2226e-01   -1.718e+02   0.25396   0.501   0.12887  0.12509
3.2127e-01   -1.746e+02   0.25627   0.501   0.12991  0.12636
3.2033e-01   -1.774e+02   0.25848   0.513   0.13092  0.12756
3.1945e-01   -1.801e+02   0.26069   0.514   0.13191  0.12878
3.1860e-01   -1.827e+02   0.26280   0.524   0.13287  0.12993
3.1780e-01   -1.853e+02   0.26493   0.527   0.13382  0.13111
3.1703e-01   -1.879e+02   0.26694   0.535   0.13473  0.13220
3.1631e-01   -1.904e+02   0.26896   0.538   0.13564  0.13332
3.1560e-01   -1.929e+02   0.27086   0.546   0.13649  0.13437
3.1493e-01   -1.953e+02   0.27281   0.550   0.13736  0.13545
3.1427e-01   -1.977e+02   0.27466   0.556   0.13819  0.13647
3.1365e-01   -2.001e+02   0.27654   0.560   0.13903  0.13752
3.1304e-01   -2.024e+02   0.27832   0.565   0.13982  0.13849
3.1246e-01   -2.047e+02   0.28015   0.571   0.14063  0.13952
3.1188e-01   -2.070e+02   0.28188   0.573   0.14141  0.14047
3.1132e-01   -2.092e+02   0.28366   0.579   0.14219  0.14147
3.1078e-01   -2.115e+02   0.28533   0.581   0.14294  0.14239
3.1026e-01   -2.137e+02   0.28707   0.588   0.14370  0.14337
3.0974e-01   -2.159e+02   0.28869   0.588   0.14442  0.14427
3.0924e-01   -2.181e+02   0.29040   0.595   0.14517  0.14523
3.0874e-01   -2.203e+02   0.29199   0.593   0.14588  0.14611
3.0826e-01   -2.224e+02   0.29366   0.602   0.14660  0.14705
3.0779e-01   -2.246e+02   0.29521   0.599   0.14729  0.14792
