1.5599e+00    0.000e+00   0.00000   0.000  0.00000 0.00000
9.2388e-01   -1.658e+00   0.02530   0.004  0.01265 0.01265
6.3499e-01   -6.948e+00   0.05475   0.057  0.02738 0.02738
4.4976e-01   -1.901e+01   0.09015   0.058  0.04579 0.04436
3.8451e-01   -3.001e+01   0.11230   0.219  0.05712 0.05518
3.4766e-01   -4.060e+01   0.12904   0.229  0.06534 0.06370
3.3022e-01   -4.819e+01   0.13930   0.383  0.07051 0.06880
3.1842e-01   -5.459e+01   0.14720   0.351  0.07428 0.07292
3.1046e-01   -5.941e+01   0.15220   0.467  0.07677 0.07543
3.0397e-01   -6.383e+01   0.15677   0.395  0.07892 0.07785
2.9872e-01   -6.768e+01   0.15996   0.500  0.08049 0.07947
2.9412e-01   -7.142e+01   0.16339   0.414  0.08207 0.08132
2.9012e-01   -7.497e+01   0.16594   0.518  0.08329 0.08265
2.8653e-01   -7.846e+01   0.16889   0.428  0.08463 0.08427
2.8329e-01   -8.192e+01   0.17116   0.532  0.08568 0.08548
2.8036e-01   -8.527e+01   0.17389   0.442  0.08689 0.08700
2.7766e-01   -8.870e+01   0.17604   0.547  0.08785 0.08819
2.7521e-01   -9.199e+01   0.17869   0.456  0.08901 0.08968
2.7291e-01   -9.542e+01   0.18083   0.561  0.08995 0.09088
2.7082e-01   -9.865e+01   0.18347   0.472  0.09109 0.09239
2.6884e-01   -1.021e+02   0.18565   0.577  0.09202 0.09363
2.6704e-01   -1.053e+02   0.18829   0.488  0.09315 0.09514
2.6531e-01   -1.087e+02   0.19053   0.592  0.09410 0.09643
2.6375e-01   -1.118e+02   0.19311   0.504  0.09518 0.09793
2.6224e-01   -1.152e+02   0.19534   0.608  0.09612 0.09923
2.6086e-01   -1.183e+02   0.19785   0.521  0.09716 0.10069
2.5952e-01   -1.217e+02   0.20012   0.624  0.09810 0.10203
2.5833e-01   -1.247e+02   0.20258   0.538  0.09911 0.10347
2.5712e-01   -1.281e+02   0.20489   0.640  0.10006 0.10483
2.5605e-01   -1.311e+02   0.20730   0.555  0.10104 0.10626
2.5497e-01   -1.344e+02   0.20963   0.655  0.10199 0.10764
2.5401e-01   -1.373e+02   0.21202   0.572  0.10296 0.10906
2.5305e-01   -1.406e+02   0.21439   0.671  0.10393 0.11046
2.5217e-01   -1.435e+02   0.21674   0.589  0.10488 0.11186
2.5129e-01   -1.467e+02   0.21912   0.685  0.10585 0.11328
2.5050e-01   -1.495e+02   0.22143   0.605  0.10677 0.11466
2.4970e-01   -1.527e+02   0.22382   0.700  0.10774 0.11608
2.4897e-01   -1.555e+02   0.22608   0.621  0.10865 0.11743
2.4824e-01   -1.586e+02   0.22846   0.714  0.10961 0.11885
2.4758e-01   -1.613e+02   0.23068   0.635  0.11050 0.12018
2.4689e-01   -1.644e+02   0.23305   0.727  0.11145 0.12159
2.4628e-01   -1.670e+02   0.23523   0.650  0.11233 0.12291
2.4564e-01   -1.700e+02   0.23758   0.739  0.11327 0.12430
2.4506e-01   -1.726e+02   0.23972   0.664  0.11412 0.12560
2.4448e-01   -1.756e+02   0.24203   0.750  0.11505 0.12698
2.4393e-01   -1.782e+02   0.24413   0.677  0.11589 0.12825
2.4339e-01   -1.811e+02   0.24639   0.761  0.11679 0.12960
2.4287e-01   -1.836e+02   0.24844   0.689  0.11760 0.13084
2.4236e-01   -1.865e+02   0.25066   0.772  0.11849 0.13218
2.4188e-01   -1.890e+02   0.25266   0.700  0.11927 0.13339
