3.0578e+00    0.000e+00   0.0000000   0.000 
1.6855e+00   -5.039e+00   0.0383662   0.004 
1.1806e+00   -1.725e+01   0.0720524   0.103 
7.6011e-01   -4.791e+01   0.1177166   0.049 
6.1087e-01   -7.744e+01   0.1488155   0.169 
5.3795e-01   -1.042e+02   0.1723971   0.171 
5.0823e-01   -1.227e+02   0.1862908   0.263 
4.9104e-01   -1.366e+02   0.1959345   0.342 
4.8102e-01   -1.457e+02   0.2011396   0.353 
4.7310e-01   -1.534e+02   0.2054245   0.412 
4.6721e-01   -1.590e+02   0.2078955   0.381 
4.6186e-01   -1.649e+02   0.2107717   0.426 
4.5757e-01   -1.696e+02   0.2127143   0.388 
4.5353e-01   -1.749e+02   0.2153064   0.428 
4.5019e-01   -1.792e+02   0.2171395   0.392 
4.4700e-01   -1.842e+02   0.2196685   0.429 
4.4436e-01   -1.883e+02   0.2215136   0.396 
4.4177e-01   -1.930e+02   0.2239432   0.431 
4.3962e-01   -1.968e+02   0.2257853   0.401 
4.3749e-01   -2.014e+02   0.2281574   0.434 
4.3572e-01   -2.049e+02   0.2299841   0.407 
4.3396e-01   -2.093e+02   0.2322707   0.438 
4.3246e-01   -2.127e+02   0.2340597   0.414 
4.3100e-01   -2.168e+02   0.2362659   0.443 
4.2974e-01   -2.200e+02   0.2379908   0.423 
4.2847e-01   -2.239e+02   0.2400846   0.449 
4.2739e-01   -2.270e+02   0.2417599   0.432 
4.2630e-01   -2.307e+02   0.2437714   0.456 
4.2537e-01   -2.336e+02   0.2453780   0.442 
4.2442e-01   -2.372e+02   0.2473065   0.463 
4.2360e-01   -2.399e+02   0.2488370   0.452 
4.2275e-01   -2.433e+02   0.2506604   0.471 
4.2202e-01   -2.459e+02   0.2521219   0.463 
4.2128e-01   -2.492e+02   0.2538522   0.479 
4.2063e-01   -2.516e+02   0.2552439   0.474 
4.1995e-01   -2.548e+02   0.2568976   0.487 
4.1935e-01   -2.571e+02   0.2582488   0.486 
4.1874e-01   -2.601e+02   0.2598518   0.496 
4.1821e-01   -2.624e+02   0.2611617   0.498 
4.1765e-01   -2.653e+02   0.2627015   0.504 
4.1716e-01   -2.675e+02   0.2639616   0.509 
4.1664e-01   -2.702e+02   0.2654520   0.513 
4.1617e-01   -2.723e+02   0.2666728   0.520 
4.1568e-01   -2.750e+02   0.2681106   0.522 
4.1524e-01   -2.771e+02   0.2693045   0.532 
4.1481e-01   -2.797e+02   0.2706988   0.530 
4.1439e-01   -2.817e+02   0.2718600   0.544 
4.1396e-01   -2.842e+02   0.2732144   0.538 
4.1358e-01   -2.862e+02   0.2743504   0.554 
4.1319e-01   -2.887e+02   0.2756729   0.546 
4.1282e-01   -2.906e+02   0.2768020   0.565 
4.1244e-01   -2.930e+02   0.2780970   0.553 
4.1208e-01   -2.949e+02   0.2792180   0.576 
4.1173e-01   -2.972e+02   0.2804944   0.561 
4.1138e-01   -2.991e+02   0.2816007   0.585 
4.1103e-01   -3.014e+02   0.2828537   0.568 
4.1071e-01   -3.033e+02   0.2839534   0.595 
4.1039e-01   -3.056e+02   0.2851849   0.575 
4.1007e-01   -3.074e+02   0.2862846   0.604 
4.0975e-01   -3.096e+02   0.2874958   0.581 
