-0.0078 0.0002 1.1895e+00 -1.926e+04 259.57 0.700 
-0.0078 0.0006 1.1858e+00 -2.009e+04 260.85 0.678 
-0.0078 0.0010 1.1807e+00 -2.174e+04 265.26 0.650 
-0.0078 0.0014 1.1741e+00 -2.435e+04 272.95 0.627 
-0.0078 0.0018 1.1663e+00 -2.794e+04 283.37 0.615 
-0.0078 0.0022 1.1575e+00 -3.240e+04 295.61 0.619 
-0.0078 0.0026 1.1480e+00 -3.771e+04 309.17 0.621 
-0.0078 0.0030 1.1383e+00 -4.336e+04 322.36 0.626 
-0.0078 0.0034 1.1290e+00 -4.887e+04 334.00 0.633 
-0.0078 0.0038 1.1205e+00 -5.359e+04 343.11 0.640 
-0.0078 0.0042 1.1131e+00 -5.705e+04 349.24 0.645 
-0.0078 0.0046 1.1069e+00 -5.916e+04 352.69 0.648 
-0.0078 0.0050 1.1016e+00 -5.996e+04 353.84 0.652 
-0.0078 0.0054 1.0972e+00 -5.972e+04 353.07 0.656 
-0.0078 0.0058 1.0934e+00 -5.873e+04 350.79 0.661 
-0.0078 0.0062 1.0901e+00 -5.727e+04 347.46 0.667 
-0.0078 0.0066 1.0872e+00 -5.555e+04 343.68 0.674 
-0.0078 0.0070 1.0846e+00 -5.370e+04 339.81 0.681 
-0.0078 0.0074 1.0822e+00 -5.182e+04 336.06 0.688 
-0.0078 0.0078 1.0801e+00 -4.997e+04 332.41 0.694 
-0.0078 0.0082 1.0781e+00 -4.818e+04 328.88 0.700 
-0.0078 0.0086 1.0763e+00 -4.647e+04 325.43 0.705 
-0.0078 0.0090 1.0746e+00 -4.485e+04 322.09 0.711 
-0.0078 0.0094 1.0731e+00 -4.331e+04 318.85 0.715 
-0.0078 0.0098 1.0718e+00 -4.187e+04 315.72 0.720 
-0.0078 0.0102 1.0706e+00 -4.052e+04 312.77 0.724 
-0.0078 0.0106 1.0700e+00 -3.695e+04 302.21 0.510 
-0.0078 0.0110 1.0700e+00 -3.332e+04 291.28 0.332 
-0.0078 0.0114 1.0700e+00 -3.053e+04 283.27 0.167 
-0.0078 0.0118 1.0700e+00 -2.846e+04 276.73 0.110 
-0.0074 0.0002 1.1789e+00 -1.929e+04 258.75 0.707 
-0.0074 0.0006 1.1752e+00 -2.005e+04 260.06 0.689 
-0.0074 0.0010 1.1702e+00 -2.156e+04 264.48 0.664 
-0.0074 0.0014 1.1639e+00 -2.388e+04 271.60 0.643 
-0.0074 0.0018 1.1565e+00 -2.704e+04 280.87 0.631 
-0.0074 0.0022 1.1483e+00 -3.099e+04 291.60 0.625 
-0.0074 0.0026 1.1394e+00 -3.557e+04 303.05 0.625 
-0.0074 0.0030 1.1304e+00 -4.046e+04 314.40 0.628 
-0.0074 0.0034 1.1217e+00 -4.522e+04 324.85 0.633 
-0.0074 0.0038 1.1137e+00 -4.934e+04 333.52 0.636 
-0.0074 0.0042 1.1067e+00 -5.245e+04 339.86 0.639 
-0.0074 0.0046 1.1007e+00 -5.439e+04 343.68 0.641 
-0.0074 0.0050 1.0956e+00 -5.525e+04 345.05 0.644 
-0.0074 0.0054 1.0913e+00 -5.521e+04 344.47 0.648 
-0.0074 0.0058 1.0877e+00 -5.450e+04 342.59 0.653 
-0.0074 0.0062 1.0845e+00 -5.332e+04 339.90 0.659 
-0.0074 0.0066 1.0817e+00 -5.186e+04 336.83 0.666 
-0.0074 0.0070 1.0793e+00 -5.023e+04 333.51 0.673 
-0.0074 0.0074 1.0771e+00 -4.853e+04 330.03 0.680 
-0.0074 0.0078 1.0751e+00 -4.682e+04 326.44 0.687 
-0.0074 0.0082 1.0734e+00 -4.516e+04 322.80 0.693 
-0.0074 0.0086 1.0714e+00 -4.419e+04 321.16 0.722 
-0.0074 0.0090 1.0700e+00 -4.241e+04 317.79 0.614 
-0.0074 0.0094 1.0700e+00 -3.673e+04 300.28 0.312 
-0.0074 0.0098 1.0700e+00 -3.305e+04 289.12 0.186 
-0.0074 0.0102 1.0700e+00 -3.020e+04 280.36 0.119 
-0.0074 0.0106 1.0700e+00 -2.802e+04 272.88 0.154 
-0.0074 0.0110 1.0700e+00 -2.609e+04 266.64 0.103 
-0.0074 0.0114 1.0700e+00 -2.448e+04 261.30 0.081 
-0.0074 0.0118 1.0700e+00 -2.311e+04 256.73 0.053 
-0.0070 0.0002 1.1679e+00 -1.932e+04 258.77 0.717 
-0.0070 0.0006 1.1642e+00 -2.003e+04 260.02 0.700 
-0.0070 0.0010 1.1594e+00 -2.139e+04 263.79 0.676 
-0.0070 0.0014 1.1534e+00 -2.346e+04 269.68 0.655 
-0.0070 0.0018 1.1465e+00 -2.623e+04 277.38 0.641 
-0.0070 0.0022 1.1382e+00 -3.043e+04 289.44 0.652 
-0.0070 0.0026 1.1298e+00 -3.463e+04 300.27 0.650 
-0.0070 0.0030 1.1215e+00 -3.880e+04 311.23 0.547 
-0.0070 0.0034 1.1134e+00 -4.289e+04 320.82 0.559 
-0.0070 0.0038 1.1060e+00 -4.649e+04 328.97 0.566 
-0.0070 0.0042 1.0994e+00 -4.925e+04 334.90 0.572 
-0.0070 0.0046 1.0938e+00 -5.101e+04 338.41 0.578 
-0.0070 0.0050 1.0890e+00 -5.184e+04 339.84 0.584 
-0.0070 0.0054 1.0850e+00 -5.183e+04 339.49 0.591 
-0.0070 0.0058 1.0816e+00 -5.119e+04 337.92 0.597 
-0.0070 0.0062 1.0787e+00 -5.010e+04 335.45 0.604 
-0.0070 0.0066 1.0760e+00 -4.915e+04 333.62 0.614 
-0.0070 0.0070 1.0738e+00 -4.756e+04 330.08 0.619 
-0.0070 0.0074 1.0719e+00 -4.591e+04 326.29 0.622 
-0.0070 0.0078 1.0702e+00 -4.428e+04 322.49 0.625 
-0.0070 0.0082 1.0700e+00 -3.873e+04 304.75 0.537 
-0.0070 0.0086 1.0700e+00 -3.400e+04 290.44 0.336 
-0.0070 0.0090 1.0700e+00 -3.059e+04 279.89 0.213 
-0.0070 0.0094 1.0700e+00 -2.789e+04 271.31 0.140 
-0.0070 0.0098 1.0700e+00 -2.571e+04 264.19 0.089 
-0.0070 0.0102 1.0700e+00 -2.391e+04 258.06 0.057 
-0.0070 0.0106 1.0700e+00 -2.241e+04 252.77 0.044 
-0.0070 0.0110 1.0700e+00 -2.113e+04 248.25 0.029 
-0.0070 0.0114 1.0700e+00 -2.002e+04 244.40 0.023 
-0.0070 0.0118 1.0700e+00 -1.907e+04 241.14 0.018 
-0.0066 0.0002 1.1566e+00 -1.943e+04 258.95 0.593 
-0.0066 0.0006 1.1530e+00 -2.009e+04 259.91 0.583 
-0.0066 0.0010 1.1482e+00 -2.136e+04 263.23 0.568 
-0.0066 0.0014 1.1425e+00 -2.327e+04 268.77 0.555 
-0.0066 0.0018 1.1359e+00 -2.582e+04 276.28 0.549 
-0.0066 0.0022 1.1285e+00 -2.894e+04 285.17 0.550 
-0.0066 0.0026 1.1208e+00 -3.248e+04 294.79 0.556 
-0.0066 0.0030 1.1131e+00 -3.617e+04 304.44 0.548 
-0.0066 0.0034 1.1058e+00 -3.960e+04 312.97 0.554 
-0.0066 0.0038 1.0990e+00 -4.261e+04 320.16 0.560 
-0.0066 0.0042 1.0926e+00 -4.572e+04 327.52 0.569 
-0.0066 0.0046 1.0875e+00 -4.719e+04 330.57 0.575 
-0.0066 0.0050 1.0830e+00 -4.791e+04 331.89 0.579 
-0.0066 0.0054 1.0793e+00 -4.791e+04 331.71 0.584 
-0.0066 0.0058 1.0766e+00 -4.653e+04 327.95 0.627 
-0.0066 0.0062 1.0739e+00 -4.563e+04 325.86 0.630 
-0.0066 0.0066 1.0716e+00 -4.446e+04 323.06 0.632 
-0.0066 0.0070 1.0700e+00 -4.134e+04 313.70 0.484 
-0.0066 0.0074 1.0700e+00 -3.565e+04 295.54 0.354 
-0.0066 0.0078 1.0700e+00 -3.148e+04 282.43 0.218 
-0.0066 0.0082 1.0700e+00 -2.831e+04 272.13 0.135 
-0.0066 0.0086 1.0700e+00 -2.578e+04 263.65 0.082 
-0.0066 0.0090 1.0700e+00 -2.371e+04 256.51 0.049 
-0.0066 0.0094 1.0700e+00 -2.201e+04 250.44 0.036 
-0.0066 0.0098 1.0700e+00 -2.061e+04 245.26 0.023 
-0.0066 0.0102 1.0700e+00 -1.940e+04 240.80 0.018 
-0.0066 0.0106 1.0700e+00 -1.837e+04 237.01 0.011 
-0.0066 0.0110 1.0700e+00 -1.748e+04 233.80 0.009 
-0.0066 0.0114 1.0700e+00 -1.672e+04 231.08 0.007 
-0.0066 0.0118 1.0700e+00 -1.607e+04 228.72 0.005 
-0.0062 0.0002 1.1452e+00 -1.943e+04 258.52 0.595 
-0.0062 0.0006 1.1416e+00 -2.004e+04 259.23 0.586 
-0.0062 0.0010 1.1370e+00 -2.119e+04 262.15 0.572 
-0.0062 0.0014 1.1316e+00 -2.287e+04 267.03 0.560 
-0.0062 0.0018 1.1254e+00 -2.509e+04 273.60 0.554 
-0.0062 0.0022 1.1187e+00 -2.773e+04 281.37 0.555 
-0.0062 0.0026 1.1116e+00 -3.092e+04 290.63 0.560 
-0.0062 0.0030 1.1050e+00 -3.348e+04 297.17 0.569 
-0.0062 0.0034 1.0983e+00 -3.636e+04 304.59 0.580 
-0.0062 0.0038 1.0922e+00 -3.888e+04 310.76 0.591 
-0.0062 0.0042 1.0867e+00 -4.084e+04 315.40 0.600 
-0.0062 0.0046 1.0819e+00 -4.213e+04 318.42 0.605 
-0.0062 0.0050 1.0779e+00 -4.274e+04 319.96 0.609 
-0.0062 0.0054 1.0745e+00 -4.276e+04 320.09 0.611 
-0.0062 0.0058 1.0716e+00 -4.232e+04 319.01 0.612 
-0.0062 0.0062 1.0700e+00 -3.849e+04 306.30 0.388 
-0.0062 0.0066 1.0700e+00 -3.298e+04 288.46 0.173 
-0.0062 0.0070 1.0700e+00 -2.914e+04 275.61 0.086 
-0.0062 0.0074 1.0700e+00 -2.617e+04 265.37 0.049 
-0.0062 0.0078 1.0700e+00 -2.379e+04 256.93 0.029 
-0.0062 0.0082 1.0700e+00 -2.185e+04 249.85 0.020 
-0.0062 0.0086 1.0700e+00 -2.025e+04 243.83 0.013 
-0.0062 0.0090 1.0700e+00 -1.892e+04 238.69 0.008 
-0.0062 0.0094 1.0700e+00 -1.780e+04 234.29 0.006 
-0.0062 0.0098 1.0700e+00 -1.684e+04 230.50 0.004 
-0.0062 0.0102 1.0700e+00 -1.601e+04 227.24 0.003 
-0.0062 0.0106 1.0700e+00 -1.531e+04 224.33 0.003 
-0.0062 0.0110 1.0700e+00 -1.471e+04 222.02 0.002 
-0.0062 0.0114 1.0700e+00 -1.420e+04 220.04 0.003 
-0.0062 0.0118 1.0700e+00 -1.378e+04 218.34 0.002 
-0.0058 0.0002 1.1337e+00 -1.943e+04 258.03 0.597 
-0.0058 0.0006 1.1302e+00 -1.997e+04 258.55 0.589 
-0.0058 0.0010 1.1259e+00 -2.098e+04 261.10 0.577 
-0.0058 0.0014 1.1209e+00 -2.235e+04 264.87 0.570 
-0.0058 0.0018 1.1152e+00 -2.418e+04 270.42 0.561 
-0.0058 0.0022 1.1092e+00 -2.634e+04 276.78 0.560 
-0.0058 0.0026 1.1030e+00 -2.870e+04 283.48 0.563 
-0.0058 0.0030 1.0968e+00 -3.114e+04 290.18 0.570 
-0.0058 0.0034 1.0909e+00 -3.346e+04 296.43 0.578 
-0.0058 0.0038 1.0854e+00 -3.546e+04 301.81 0.584 
-0.0058 0.0042 1.0805e+00 -3.699e+04 306.08 0.590 
-0.0058 0.0046 1.0763e+00 -3.799e+04 309.00 0.593 
-0.0058 0.0050 1.0727e+00 -3.847e+04 310.30 0.594 
-0.0058 0.0054 1.0700e+00 -3.730e+04 305.73 0.488 
-0.0058 0.0058 1.0700e+00 -3.113e+04 284.05 0.175 
-0.0058 0.0062 1.0700e+00 -2.728e+04 270.26 0.071 
-0.0058 0.0066 1.0700e+00 -2.437e+04 259.66 0.038 
-0.0058 0.0070 1.0700e+00 -2.206e+04 251.01 0.021 
-0.0058 0.0074 1.0700e+00 -2.019e+04 243.82 0.012 
-0.0058 0.0078 1.0700e+00 -1.868e+04 237.78 0.008 
-0.0058 0.0082 1.0700e+00 -1.742e+04 232.61 0.005 
-0.0058 0.0086 1.0700e+00 -1.637e+04 228.21 0.004 
-0.0058 0.0090 1.0700e+00 -1.549e+04 224.26 0.003 
-0.0058 0.0094 1.0700e+00 -1.472e+04 221.05 0.002 
-0.0058 0.0098 1.0700e+00 -1.408e+04 218.36 0.002 
-0.0058 0.0102 1.0700e+00 -1.354e+04 216.12 0.002 
-0.0058 0.0106 1.0700e+00 -1.309e+04 214.25 0.002 
-0.0058 0.0110 1.0700e+00 -1.270e+04 212.86 0.005 
-0.0058 0.0114 1.0700e+00 -1.239e+04 211.47 0.001 
-0.0058 0.0118 1.0700e+00 -1.213e+04 210.61 0.001 
-0.0054 0.0002 1.1225e+00 -1.934e+04 256.99 0.609 
-0.0054 0.0006 1.1191e+00 -1.982e+04 257.50 0.602 
-0.0054 0.0010 1.1151e+00 -2.068e+04 259.60 0.589 
-0.0054 0.0014 1.1104e+00 -2.188e+04 263.03 0.577 
-0.0054 0.0018 1.1053e+00 -2.339e+04 267.48 0.569 
-0.0054 0.0022 1.0999e+00 -2.516e+04 272.73 0.566 
-0.0054 0.0026 1.0944e+00 -2.708e+04 278.46 0.566 
-0.0054 0.0030 1.0889e+00 -2.902e+04 284.28 0.570 
-0.0054 0.0034 1.0837e+00 -3.083e+04 289.77 0.574 
-0.0054 0.0038 1.0789e+00 -3.238e+04 294.42 0.577 
-0.0054 0.0042 1.0747e+00 -3.356e+04 297.74 0.580 
-0.0054 0.0046 1.0711e+00 -3.434e+04 299.58 0.582 
-0.0054 0.0050 1.0700e+00 -2.960e+04 280.87 0.201 
-0.0054 0.0054 1.0700e+00 -2.557e+04 265.57 0.079 
-0.0054 0.0058 1.0700e+00 -2.268e+04 254.27 0.032 
-0.0054 0.0062 1.0700e+00 -2.044e+04 245.36 0.017 
-0.0054 0.0066 1.0700e+00 -1.866e+04 238.06 0.009 
-0.0054 0.0070 1.0700e+00 -1.722e+04 231.95 0.005 
-0.0054 0.0074 1.0700e+00 -1.604e+04 226.81 0.003 
-0.0054 0.0078 1.0700e+00 -1.508e+04 222.36 0.003 
-0.0054 0.0082 1.0700e+00 -1.427e+04 218.73 0.003 
-0.0054 0.0086 1.0700e+00 -1.358e+04 215.62 0.002 
-0.0054 0.0090 1.0700e+00 -1.299e+04 213.03 0.002 
-0.0054 0.0094 1.0700e+00 -1.250e+04 210.86 0.003 
-0.0054 0.0098 1.0700e+00 -1.209e+04 209.14 0.001 
-0.0054 0.0102 1.0700e+00 -1.175e+04 207.70 0.001 
-0.0054 0.0106 1.0700e+00 -1.147e+04 206.52 0.001 
-0.0054 0.0110 1.0700e+00 -1.124e+04 205.61 0.001 
-0.0054 0.0114 1.0700e+00 -1.107e+04 205.01 0.001 
-0.0054 0.0118 1.0700e+00 -1.094e+04 204.72 0.001 
-0.0050 0.0002 1.1116e+00 -1.933e+04 256.91 0.612 
-0.0050 0.0006 1.1084e+00 -1.974e+04 257.23 0.606 
-0.0050 0.0010 1.1046e+00 -2.046e+04 258.81 0.595 
-0.0050 0.0014 1.1004e+00 -2.146e+04 261.54 0.585 
-0.0050 0.0018 1.0958e+00 -2.272e+04 265.23 0.577 
-0.0050 0.0022 1.0909e+00 -2.417e+04 269.63 0.573 
-0.0050 0.0026 1.0861e+00 -2.570e+04 274.35 0.572 
-0.0050 0.0030 1.0814e+00 -2.720e+04 278.94 0.572 
-0.0050 0.0034 1.0770e+00 -2.856e+04 282.95 0.574 
-0.0050 0.0038 1.0730e+00 -2.970e+04 286.09 0.575 
-0.0050 0.0042 1.0700e+00 -2.868e+04 280.44 0.367 
-0.0050 0.0046 1.0700e+00 -2.400e+04 261.48 0.098 
-0.0050 0.0050 1.0700e+00 -2.106e+04 249.24 0.033 
-0.0050 0.0054 1.0700e+00 -1.888e+04 239.98 0.015 
-0.0050 0.0058 1.0700e+00 -1.718e+04 232.54 0.007 
-0.0050 0.0062 1.0700e+00 -1.584e+04 226.47 0.003 
-0.0050 0.0066 1.0700e+00 -1.476e+04 221.35 0.003 
-0.0050 0.0070 1.0700e+00 -1.389e+04 217.25 0.003 
-0.0050 0.0074 1.0700e+00 -1.315e+04 213.77 0.002 
-0.0050 0.0078 1.0700e+00 -1.253e+04 210.83 0.000 
-0.0050 0.0082 1.0700e+00 -1.201e+04 208.30 0.001 
-0.0050 0.0086 1.0700e+00 -1.156e+04 206.27 0.000 
-0.0050 0.0090 1.0700e+00 -1.120e+04 204.62 0.000 
-0.0050 0.0094 1.0700e+00 -1.091e+04 203.31 0.000 
-0.0050 0.0098 1.0700e+00 -1.067e+04 202.23 0.000 
-0.0050 0.0102 1.0700e+00 -1.048e+04 201.40 0.001 
-0.0050 0.0106 1.0700e+00 -1.034e+04 200.90 0.000 
-0.0050 0.0110 1.0700e+00 -1.023e+04 200.67 0.000 
-0.0050 0.0114 1.0700e+00 -1.016e+04 200.72 0.000 
-0.0050 0.0118 1.0700e+00 -1.013e+04 200.98 0.000 
-0.0046 0.0002 1.1013e+00 -1.927e+04 256.29 0.615 
-0.0046 0.0006 1.0983e+00 -1.963e+04 256.31 0.610 
-0.0046 0.0010 1.0948e+00 -2.024e+04 257.40 0.602 
-0.0046 0.0014 1.0910e+00 -2.107e+04 259.49 0.592 
-0.0046 0.0018 1.0869e+00 -2.209e+04 262.39 0.585 
-0.0046 0.0022 1.0827e+00 -2.321e+04 265.83 0.580 
-0.0046 0.0026 1.0786e+00 -2.437e+04 269.52 0.577 
-0.0046 0.0030 1.0746e+00 -2.549e+04 273.01 0.576 
-0.0046 0.0034 1.0709e+00 -2.650e+04 276.13 0.575 
-0.0046 0.0038 1.0700e+00 -2.244e+04 257.77 0.141 
-0.0046 0.0042 1.0700e+00 -1.945e+04 244.24 0.038 
-0.0046 0.0046 1.0700e+00 -1.735e+04 234.60 0.015 
-0.0046 0.0050 1.0700e+00 -1.578e+04 227.18 0.007 
-0.0046 0.0054 1.0700e+00 -1.455e+04 221.28 0.003 
-0.0046 0.0058 1.0700e+00 -1.359e+04 216.47 0.002 
-0.0046 0.0062 1.0700e+00 -1.281e+04 212.50 0.002 
-0.0046 0.0066 1.0700e+00 -1.216e+04 209.23 0.001 
-0.0046 0.0070 1.0700e+00 -1.162e+04 206.43 0.001 
-0.0046 0.0074 1.0700e+00 -1.115e+04 204.04 0.001 
-0.0046 0.0078 1.0700e+00 -1.077e+04 202.12 0.001 
-0.0046 0.0082 1.0700e+00 -1.045e+04 200.61 0.000 
-0.0046 0.0086 1.0700e+00 -1.020e+04 199.42 0.000 
-0.0046 0.0090 1.0700e+00 -9.998e+03 198.50 0.000 
-0.0046 0.0094 1.0700e+00 -9.841e+03 197.85 0.000 
-0.0046 0.0098 1.0700e+00 -9.725e+03 197.43 0.000 
-0.0046 0.0102 1.0700e+00 -9.640e+03 197.20 0.000 
-0.0046 0.0106 1.0700e+00 -9.593e+03 197.28 0.000 
-0.0046 0.0110 1.0700e+00 -9.580e+03 197.63 0.000 
-0.0046 0.0114 1.0700e+00 -9.603e+03 198.13 0.000 
-0.0046 0.0118 1.0700e+00 -9.667e+03 198.86 0.000 
-0.0042 0.0002 1.0918e+00 -1.922e+04 255.29 0.615 
-0.0042 0.0006 1.0890e+00 -1.953e+04 255.20 0.612 
-0.0042 0.0010 1.0858e+00 -2.004e+04 256.18 0.606 
-0.0042 0.0014 1.0824e+00 -2.072e+04 258.05 0.598 
-0.0042 0.0018 1.0788e+00 -2.152e+04 260.57 0.592 
-0.0042 0.0022 1.0752e+00 -2.239e+04 263.39 0.587 
-0.0042 0.0026 1.0717e+00 -2.328e+04 266.17 0.583 
-0.0042 0.0030 1.0700e+00 -2.077e+04 253.33 0.180 
-0.0042 0.0034 1.0700e+00 -1.782e+04 238.82 0.038 
-0.0042 0.0038 1.0700e+00 -1.589e+04 229.19 0.014 
-0.0042 0.0042 1.0700e+00 -1.448e+04 222.02 0.005 
-0.0042 0.0046 1.0700e+00 -1.340e+04 216.34 0.004 
-0.0042 0.0050 1.0700e+00 -1.255e+04 211.92 0.003 
-0.0042 0.0054 1.0700e+00 -1.186e+04 208.22 0.002 
-0.0042 0.0058 1.0700e+00 -1.129e+04 205.13 0.001 
-0.0042 0.0062 1.0700e+00 -1.082e+04 202.53 0.001 
-0.0042 0.0066 1.0700e+00 -1.042e+04 200.36 0.000 
-0.0042 0.0070 1.0700e+00 -1.008e+04 198.56 0.000 
-0.0042 0.0074 1.0700e+00 -9.807e+03 197.15 0.000 
-0.0042 0.0078 1.0700e+00 -9.593e+03 196.10 0.000 
-0.0042 0.0082 1.0700e+00 -9.429e+03 195.33 0.000 
-0.0042 0.0086 1.0700e+00 -9.307e+03 194.82 0.002 
-0.0042 0.0090 1.0700e+00 -9.217e+03 194.47 0.000 
-0.0042 0.0094 1.0700e+00 -9.159e+03 194.36 0.000 
-0.0042 0.0098 1.0700e+00 -9.137e+03 194.52 0.000 
-0.0042 0.0102 1.0700e+00 -9.146e+03 194.90 0.000 
-0.0042 0.0106 1.0700e+00 -9.188e+03 195.53 0.003 
-0.0042 0.0110 1.0700e+00 -9.267e+03 196.33 0.000 
-0.0042 0.0114 1.0700e+00 -9.383e+03 197.43 0.000 
-0.0042 0.0118 1.0700e+00 -9.535e+03 198.78 0.000 
-0.0038 0.0002 1.0831e+00 -1.918e+04 254.94 0.615 
-0.0038 0.0006 1.0805e+00 -1.945e+04 255.13 0.614 
-0.0038 0.0010 1.0776e+00 -1.987e+04 256.08 0.609 
-0.0038 0.0014 1.0747e+00 -2.041e+04 257.59 0.603 
-0.0038 0.0018 1.0716e+00 -2.103e+04 259.31 0.598 
-0.0038 0.0022 1.0700e+00 -1.886e+04 247.37 0.181 
-0.0038 0.0026 1.0700e+00 -1.622e+04 233.20 0.039 
-0.0038 0.0030 1.0700e+00 -1.452e+04 223.95 0.011 
-0.0038 0.0034 1.0700e+00 -1.329e+04 217.21 0.005 
-0.0038 0.0038 1.0700e+00 -1.236e+04 211.95 0.003 
-0.0038 0.0042 1.0700e+00 -1.162e+04 207.89 0.005 
-0.0038 0.0046 1.0700e+00 -1.103e+04 204.29 0.002 
-0.0038 0.0050 1.0700e+00 -1.054e+04 201.47 0.000 
-0.0038 0.0054 1.0700e+00 -1.013e+04 199.08 0.000 
-0.0038 0.0058 1.0700e+00 -9.790e+03 197.11 0.000 
-0.0038 0.0062 1.0700e+00 -9.504e+03 195.50 0.000 
-0.0038 0.0066 1.0700e+00 -9.278e+03 194.30 0.000 
-0.0038 0.0070 1.0700e+00 -9.103e+03 193.40 0.000 
-0.0038 0.0074 1.0700e+00 -8.975e+03 192.79 0.000 
-0.0038 0.0078 1.0700e+00 -8.887e+03 192.40 0.000 
-0.0038 0.0082 1.0700e+00 -8.831e+03 192.20 0.000 
-0.0038 0.0086 1.0700e+00 -8.801e+03 192.22 0.000 
-0.0038 0.0090 1.0700e+00 -8.798e+03 192.44 0.000 
-0.0038 0.0094 1.0700e+00 -8.829e+03 192.93 0.000 
-0.0038 0.0098 1.0700e+00 -8.892e+03 193.66 0.000 
-0.0038 0.0102 1.0700e+00 -8.992e+03 194.62 0.000 
-0.0038 0.0106 1.0700e+00 -9.124e+03 195.80 0.000 
-0.0038 0.0110 1.0700e+00 -9.291e+03 197.22 0.000 
-0.0038 0.0114 1.0700e+00 -9.495e+03 198.91 0.000 
-0.0038 0.0118 1.0700e+00 -9.732e+03 200.83 0.000 
-0.0034 0.0002 1.0754e+00 -1.910e+04 254.65 0.614 
-0.0034 0.0006 1.0731e+00 -1.933e+04 254.75 0.614 
-0.0034 0.0010 1.0707e+00 -1.966e+04 255.32 0.611 
-0.0034 0.0014 1.0700e+00 -1.675e+04 238.97 0.091 
-0.0034 0.0018 1.0700e+00 -1.468e+04 226.91 0.024 
-0.0034 0.0022 1.0700e+00 -1.329e+04 218.64 0.006 
-0.0034 0.0026 1.0700e+00 -1.226e+04 212.44 0.004 
-0.0034 0.0030 1.0700e+00 -1.147e+04 207.76 0.002 
-0.0034 0.0034 1.0700e+00 -1.084e+04 203.99 0.003 
-0.0034 0.0038 1.0700e+00 -1.033e+04 200.94 0.000 
-0.0034 0.0042 1.0700e+00 -9.919e+03 198.33 0.000 
-0.0034 0.0046 1.0700e+00 -9.577e+03 196.23 0.000 
-0.0034 0.0050 1.0700e+00 -9.294e+03 194.56 0.000 
-0.0034 0.0054 1.0700e+00 -9.063e+03 193.18 0.000 
-0.0034 0.0058 1.0700e+00 -8.881e+03 192.13 0.000 
-0.0034 0.0062 1.0700e+00 -8.744e+03 191.37 0.000 
-0.0034 0.0066 1.0700e+00 -8.648e+03 190.86 0.000 
-0.0034 0.0070 1.0700e+00 -8.588e+03 190.60 0.000 
-0.0034 0.0074 1.0700e+00 -8.554e+03 190.56 0.000 
-0.0034 0.0078 1.0700e+00 -8.550e+03 190.72 0.000 
-0.0034 0.0082 1.0700e+00 -8.569e+03 191.05 0.000 
-0.0034 0.0086 1.0700e+00 -8.617e+03 191.72 0.000 
-0.0034 0.0090 1.0700e+00 -8.705e+03 192.49 0.000 
-0.0034 0.0094 1.0700e+00 -8.826e+03 193.59 0.000 
-0.0034 0.0098 1.0700e+00 -8.981e+03 194.88 0.000 
-0.0034 0.0102 1.0700e+00 -9.173e+03 196.44 0.000 
-0.0034 0.0106 1.0700e+00 -9.400e+03 198.26 0.000 
-0.0034 0.0110 1.0700e+00 -9.666e+03 200.37 0.000 
-0.0034 0.0114 1.0700e+00 -9.970e+03 202.76 0.000 
-0.0034 0.0118 1.0700e+00 -1.032e+04 205.41 0.000 
-0.0030 0.0002 1.0700e+00 -1.684e+04 242.30 0.134 
-0.0030 0.0006 1.0700e+00 -1.469e+04 229.33 0.026 
-0.0030 0.0010 1.0700e+00 -1.326e+04 220.36 0.009 
-0.0030 0.0014 1.0700e+00 -1.220e+04 213.60 0.003 
-0.0030 0.0018 1.0700e+00 -1.138e+04 208.28 0.003 
-0.0030 0.0022 1.0700e+00 -1.073e+04 204.13 0.004 
-0.0030 0.0026 1.0700e+00 -1.021e+04 200.91 0.001 
-0.0030 0.0030 1.0700e+00 -9.790e+03 198.17 0.001 
-0.0030 0.0034 1.0700e+00 -9.446e+03 195.93 0.000 
-0.0030 0.0038 1.0700e+00 -9.162e+03 194.10 0.000 
-0.0030 0.0042 1.0700e+00 -8.931e+03 192.61 0.000 
-0.0030 0.0046 1.0700e+00 -8.749e+03 191.47 0.000 
-0.0030 0.0050 1.0700e+00 -8.607e+03 190.58 0.000 
-0.0030 0.0054 1.0700e+00 -8.501e+03 189.95 0.000 
-0.0030 0.0058 1.0700e+00 -8.430e+03 189.61 0.000 
-0.0030 0.0062 1.0700e+00 -8.392e+03 189.50 0.000 
-0.0030 0.0066 1.0700e+00 -8.383e+03 189.58 0.000 
-0.0030 0.0070 1.0700e+00 -8.400e+03 189.88 0.000 
-0.0030 0.0074 1.0700e+00 -8.443e+03 190.34 0.000 
-0.0030 0.0078 1.0700e+00 -8.517e+03 191.15 0.000 
-0.0030 0.0082 1.0700e+00 -8.625e+03 192.06 0.000 
-0.0030 0.0086 1.0700e+00 -8.771e+03 193.31 0.000 
-0.0030 0.0090 1.0700e+00 -8.958e+03 194.81 0.000 
-0.0030 0.0094 1.0700e+00 -9.177e+03 196.60 0.000 
-0.0030 0.0098 1.0700e+00 -9.435e+03 198.60 0.000 
-0.0030 0.0102 1.0700e+00 -9.732e+03 200.92 0.000 
-0.0030 0.0106 1.0700e+00 -1.007e+04 203.46 0.001 
-0.0030 0.0110 1.0700e+00 -1.046e+04 206.34 0.001 
-0.0030 0.0114 1.0700e+00 -1.091e+04 209.53 0.001 
-0.0030 0.0118 1.0700e+00 -1.142e+04 213.04 0.001 
-0.0026 0.0002 1.0700e+00 -1.214e+04 214.69 0.004 
-0.0026 0.0006 1.0700e+00 -1.136e+04 209.24 0.003 
-0.0026 0.0010 1.0700e+00 -1.071e+04 204.92 0.001 
-0.0026 0.0014 1.0700e+00 -1.019e+04 201.41 0.001 
-0.0026 0.0018 1.0700e+00 -9.761e+03 198.50 0.001 
-0.0026 0.0022 1.0700e+00 -9.413e+03 196.24 0.002 
-0.0026 0.0026 1.0700e+00 -9.127e+03 194.24 0.000 
-0.0026 0.0030 1.0700e+00 -8.894e+03 192.62 0.000 
-0.0026 0.0034 1.0700e+00 -8.706e+03 191.35 0.000 
-0.0026 0.0038 1.0700e+00 -8.560e+03 190.40 0.000 
-0.0026 0.0042 1.0700e+00 -8.448e+03 189.69 0.000 
-0.0026 0.0046 1.0700e+00 -8.367e+03 189.26 0.000 
-0.0026 0.0050 1.0700e+00 -8.320e+03 188.98 0.000 
-0.0026 0.0054 1.0700e+00 -8.298e+03 189.01 0.000 
-0.0026 0.0058 1.0700e+00 -8.310e+03 189.25 0.000 
-0.0026 0.0062 1.0700e+00 -8.352e+03 189.66 0.000 
-0.0026 0.0066 1.0700e+00 -8.420e+03 190.31 0.000 
-0.0026 0.0070 1.0700e+00 -8.519e+03 191.23 0.000 
-0.0026 0.0074 1.0700e+00 -8.659e+03 192.38 0.000 
-0.0026 0.0078 1.0700e+00 -8.836e+03 193.83 0.000 
-0.0026 0.0082 1.0700e+00 -9.058e+03 195.58 0.000 
-0.0026 0.0086 1.0700e+00 -9.314e+03 197.59 0.000 
-0.0026 0.0090 1.0700e+00 -9.611e+03 199.77 0.001 
-0.0026 0.0094 1.0700e+00 -9.947e+03 202.30 0.001 
-0.0026 0.0098 1.0700e+00 -1.033e+04 205.14 0.001 
-0.0026 0.0102 1.0700e+00 -1.078e+04 208.33 0.001 
-0.0026 0.0106 1.0700e+00 -1.129e+04 211.89 0.001 
-0.0026 0.0110 1.0700e+00 -1.189e+04 215.83 0.002 
-0.0026 0.0114 1.0700e+00 -1.257e+04 220.16 0.004 
-0.0026 0.0118 1.0700e+00 -1.334e+04 225.08 0.004 
-0.0022 0.0002 1.0700e+00 -1.027e+04 202.58 0.001 
-0.0022 0.0006 1.0700e+00 -9.839e+03 199.55 0.000 
-0.0022 0.0010 1.0700e+00 -9.485e+03 197.08 0.000 
-0.0022 0.0014 1.0700e+00 -9.193e+03 195.04 0.000 
-0.0022 0.0018 1.0700e+00 -8.950e+03 193.34 0.000 
-0.0022 0.0022 1.0700e+00 -8.755e+03 191.95 0.000 
-0.0022 0.0026 1.0700e+00 -8.597e+03 190.83 0.000 
-0.0022 0.0030 1.0700e+00 -8.478e+03 190.03 0.000 
-0.0022 0.0034 1.0700e+00 -8.391e+03 189.49 0.000 
-0.0022 0.0038 1.0700e+00 -8.338e+03 189.21 0.000 
-0.0022 0.0042 1.0700e+00 -8.309e+03 189.12 0.002 
-0.0022 0.0046 1.0700e+00 -8.310e+03 189.22 0.000 
-0.0022 0.0050 1.0700e+00 -8.345e+03 189.58 0.000 
-0.0022 0.0054 1.0700e+00 -8.412e+03 190.19 0.000 
-0.0022 0.0058 1.0700e+00 -8.512e+03 191.04 0.000 
-0.0022 0.0062 1.0700e+00 -8.648e+03 192.17 0.000 
-0.0022 0.0066 1.0700e+00 -8.824e+03 193.60 0.000 
-0.0022 0.0070 1.0700e+00 -9.041e+03 195.31 0.000 
-0.0022 0.0074 1.0700e+00 -9.301e+03 197.30 0.000 
-0.0022 0.0078 1.0700e+00 -9.604e+03 199.60 0.000 
-0.0022 0.0082 1.0700e+00 -9.950e+03 202.05 0.000 
-0.0022 0.0086 1.0700e+00 -1.034e+04 204.84 0.001 
-0.0022 0.0090 1.0700e+00 -1.078e+04 208.09 0.001 
-0.0022 0.0094 1.0700e+00 -1.130e+04 211.63 0.001 
-0.0022 0.0098 1.0700e+00 -1.191e+04 215.69 0.002 
-0.0022 0.0102 1.0700e+00 -1.260e+04 220.25 0.003 
-0.0022 0.0106 1.0700e+00 -1.341e+04 225.18 0.005 
-0.0022 0.0110 1.0700e+00 -1.432e+04 230.59 0.009 
-0.0022 0.0114 1.0700e+00 -1.536e+04 236.53 0.017 
-0.0022 0.0118 1.0700e+00 -1.654e+04 243.03 0.024 
-0.0018 0.0002 1.0700e+00 -9.368e+03 196.70 0.002 
-0.0018 0.0006 1.0700e+00 -9.118e+03 194.87 0.000 
-0.0018 0.0010 1.0700e+00 -8.912e+03 193.39 0.000 
-0.0018 0.0014 1.0700e+00 -8.746e+03 192.16 0.000 
-0.0018 0.0018 1.0700e+00 -8.616e+03 191.22 0.000 
-0.0018 0.0022 1.0700e+00 -8.521e+03 190.56 0.000 
-0.0018 0.0026 1.0700e+00 -8.457e+03 190.20 0.000 
-0.0018 0.0030 1.0700e+00 -8.428e+03 190.06 0.000 
-0.0018 0.0034 1.0700e+00 -8.426e+03 190.09 0.000 
-0.0018 0.0038 1.0700e+00 -8.454e+03 190.36 0.000 
-0.0018 0.0042 1.0700e+00 -8.518e+03 190.90 0.000 
-0.0018 0.0046 1.0700e+00 -8.617e+03 191.69 0.000 
-0.0018 0.0050 1.0700e+00 -8.751e+03 192.78 0.000 
-0.0018 0.0054 1.0700e+00 -8.927e+03 194.17 0.000 
-0.0018 0.0058 1.0700e+00 -9.144e+03 195.83 0.000 
-0.0018 0.0062 1.0700e+00 -9.407e+03 197.81 0.001 
-0.0018 0.0066 1.0700e+00 -9.715e+03 200.07 0.000 
-0.0018 0.0070 1.0700e+00 -1.007e+04 202.66 0.000 
-0.0018 0.0074 1.0700e+00 -1.048e+04 205.38 0.002 
-0.0018 0.0078 1.0700e+00 -1.094e+04 208.62 0.001 
-0.0018 0.0082 1.0700e+00 -1.147e+04 212.23 0.003 
-0.0018 0.0086 1.0700e+00 -1.208e+04 216.36 0.003 
-0.0018 0.0090 1.0700e+00 -1.281e+04 221.19 0.004 
-0.0018 0.0094 1.0700e+00 -1.365e+04 226.33 0.006 
-0.0018 0.0098 1.0700e+00 -1.463e+04 231.96 0.010 
-0.0018 0.0102 1.0700e+00 -1.574e+04 238.12 0.019 
-0.0018 0.0106 1.0700e+00 -1.702e+04 244.89 0.035 
-0.0018 0.0110 1.0700e+00 -1.847e+04 252.42 0.059 
-0.0018 0.0114 1.0700e+00 -2.017e+04 260.94 0.102 
-0.0018 0.0118 1.0700e+00 -2.222e+04 270.77 0.190 
-0.0014 0.0002 1.0700e+00 -9.016e+03 194.30 0.000 
-0.0014 0.0006 1.0700e+00 -8.879e+03 193.28 0.000 
-0.0014 0.0010 1.0700e+00 -8.774e+03 192.47 0.000 
-0.0014 0.0014 1.0700e+00 -8.701e+03 191.94 0.000 
-0.0014 0.0018 1.0700e+00 -8.662e+03 191.70 0.002 
-0.0014 0.0022 1.0700e+00 -8.659e+03 191.74 0.003 
-0.0014 0.0026 1.0700e+00 -8.687e+03 191.99 0.003 
-0.0014 0.0030 1.0700e+00 -8.746e+03 192.43 0.000 
-0.0014 0.0034 1.0700e+00 -8.841e+03 193.12 0.000 
-0.0014 0.0038 1.0700e+00 -8.975e+03 194.19 0.000 
-0.0014 0.0042 1.0700e+00 -9.153e+03 195.48 0.000 
-0.0014 0.0046 1.0700e+00 -9.372e+03 197.11 0.001 
-0.0014 0.0050 1.0700e+00 -9.639e+03 199.08 0.000 
-0.0014 0.0054 1.0700e+00 -9.956e+03 201.33 0.000 
-0.0014 0.0058 1.0700e+00 -1.032e+04 203.93 0.001 
-0.0014 0.0062 1.0700e+00 -1.075e+04 206.93 0.001 
-0.0014 0.0066 1.0700e+00 -1.124e+04 210.21 0.001 
-0.0014 0.0070 1.0700e+00 -1.181e+04 214.01 0.002 
-0.0014 0.0074 1.0700e+00 -1.246e+04 218.36 0.003 
-0.0014 0.0078 1.0700e+00 -1.322e+04 223.20 0.005 
-0.0014 0.0082 1.0700e+00 -1.412e+04 228.62 0.009 
-0.0014 0.0086 1.0700e+00 -1.516e+04 234.58 0.017 
-0.0014 0.0090 1.0700e+00 -1.638e+04 241.12 0.031 
-0.0014 0.0094 1.0700e+00 -1.779e+04 248.34 0.059 
-0.0014 0.0098 1.0700e+00 -1.943e+04 256.47 0.104 
-0.0014 0.0102 1.0700e+00 -2.134e+04 265.68 0.176 
-0.0014 0.0106 1.0700e+00 -2.389e+04 277.34 0.363 
-0.0014 0.0110 1.0707e+00 -2.570e+04 285.86 0.586 
-0.0014 0.0114 1.0719e+00 -2.621e+04 288.18 0.587 
-0.0014 0.0118 1.0732e+00 -2.673e+04 290.44 0.589 
-0.0010 0.0002 1.0700e+00 -9.092e+03 194.77 0.000 
-0.0010 0.0006 1.0700e+00 -9.045e+03 194.38 0.000 
-0.0010 0.0010 1.0700e+00 -9.032e+03 194.23 0.004 
-0.0010 0.0014 1.0700e+00 -9.053e+03 194.45 0.000 
-0.0010 0.0018 1.0700e+00 -9.113e+03 194.88 0.000 
-0.0010 0.0022 1.0700e+00 -9.210e+03 195.61 0.000 
-0.0010 0.0026 1.0700e+00 -9.345e+03 196.61 0.002 
-0.0010 0.0030 1.0700e+00 -9.523e+03 197.81 0.001 
-0.0010 0.0034 1.0700e+00 -9.744e+03 199.42 0.000 
-0.0010 0.0038 1.0700e+00 -1.002e+04 201.33 0.001 
-0.0010 0.0042 1.0700e+00 -1.035e+04 203.74 0.001 
-0.0010 0.0046 1.0700e+00 -1.074e+04 206.47 0.001 
-0.0010 0.0050 1.0700e+00 -1.120e+04 209.50 0.003 
-0.0010 0.0054 1.0700e+00 -1.174e+04 213.17 0.002 
-0.0010 0.0058 1.0700e+00 -1.236e+04 217.24 0.003 
-0.0010 0.0062 1.0700e+00 -1.308e+04 221.70 0.005 
-0.0010 0.0066 1.0700e+00 -1.392e+04 226.76 0.009 
-0.0010 0.0070 1.0700e+00 -1.489e+04 232.41 0.015 
-0.0010 0.0074 1.0700e+00 -1.602e+04 238.72 0.026 
-0.0010 0.0078 1.0700e+00 -1.734e+04 245.77 0.048 
-0.0010 0.0082 1.0700e+00 -1.893e+04 253.69 0.098 
-0.0010 0.0086 1.0700e+00 -2.085e+04 262.79 0.177 
-0.0010 0.0090 1.0700e+00 -2.328e+04 273.83 0.339 
-0.0010 0.0094 1.0707e+00 -2.520e+04 282.69 0.579 
-0.0010 0.0098 1.0718e+00 -2.571e+04 284.96 0.581 
-0.0010 0.0102 1.0730e+00 -2.625e+04 287.38 0.583 
-0.0010 0.0106 1.0742e+00 -2.683e+04 289.90 0.584 
-0.0010 0.0110 1.0754e+00 -2.736e+04 292.21 0.589 
-0.0010 0.0114 1.0772e+00 -2.728e+04 291.86 0.611 
-0.0010 0.0118 1.0785e+00 -2.780e+04 294.22 0.613 
-0.0006 0.0002 1.0700e+00 -9.578e+03 197.94 0.000 
-0.0006 0.0006 1.0700e+00 -9.635e+03 198.28 0.001 
-0.0006 0.0010 1.0700e+00 -9.734e+03 199.03 0.001 
-0.0006 0.0014 1.0700e+00 -9.880e+03 200.03 0.001 
-0.0006 0.0018 1.0700e+00 -1.007e+04 201.43 0.001 
-0.0006 0.0022 1.0700e+00 -1.031e+04 203.06 0.001 
-0.0006 0.0026 1.0700e+00 -1.061e+04 204.98 0.001 
-0.0006 0.0030 1.0700e+00 -1.096e+04 207.42 0.002 
-0.0006 0.0034 1.0700e+00 -1.140e+04 210.25 0.003 
-0.0006 0.0038 1.0700e+00 -1.191e+04 213.74 0.004 
-0.0006 0.0042 1.0700e+00 -1.252e+04 217.80 0.004 
-0.0006 0.0046 1.0700e+00 -1.323e+04 222.23 0.006 
-0.0006 0.0050 1.0700e+00 -1.405e+04 227.11 0.011 
-0.0006 0.0054 1.0700e+00 -1.501e+04 232.54 0.019 
-0.0006 0.0058 1.0700e+00 -1.612e+04 238.63 0.034 
-0.0006 0.0062 1.0700e+00 -1.743e+04 245.55 0.059 
-0.0006 0.0066 1.0700e+00 -1.898e+04 253.41 0.101 
-0.0006 0.0070 1.0700e+00 -2.089e+04 262.64 0.194 
-0.0006 0.0074 1.0700e+00 -2.381e+04 276.29 0.549 
-0.0006 0.0078 1.0711e+00 -2.441e+04 278.83 0.572 
-0.0006 0.0082 1.0721e+00 -2.504e+04 281.46 0.572 
-0.0006 0.0086 1.0733e+00 -2.558e+04 283.69 0.575 
-0.0006 0.0090 1.0744e+00 -2.612e+04 285.96 0.578 
-0.0006 0.0094 1.0756e+00 -2.667e+04 288.28 0.582 
-0.0006 0.0098 1.0772e+00 -2.677e+04 288.68 0.604 
-0.0006 0.0102 1.0785e+00 -2.731e+04 291.08 0.608 
-0.0006 0.0106 1.0798e+00 -2.786e+04 293.56 0.611 
-0.0006 0.0110 1.0811e+00 -2.841e+04 295.99 0.615 
-0.0006 0.0114 1.0824e+00 -2.897e+04 298.40 0.617 
-0.0006 0.0118 1.0837e+00 -2.952e+04 300.80 0.620 
-0.0002 0.0002 1.0700e+00 -1.060e+04 204.68 0.001 
-0.0002 0.0006 1.0700e+00 -1.083e+04 206.41 0.008 
-0.0002 0.0010 1.0700e+00 -1.111e+04 208.05 0.002 
-0.0002 0.0014 1.0700e+00 -1.146e+04 210.38 0.003 
-0.0002 0.0018 1.0700e+00 -1.187e+04 213.11 0.003 
-0.0002 0.0022 1.0700e+00 -1.238e+04 216.27 0.005 
-0.0002 0.0026 1.0700e+00 -1.298e+04 220.06 0.007 
-0.0002 0.0030 1.0700e+00 -1.371e+04 224.60 0.012 
-0.0002 0.0034 1.0700e+00 -1.457e+04 229.83 0.022 
-0.0002 0.0038 1.0700e+00 -1.558e+04 235.63 0.037 
-0.0002 0.0042 1.0700e+00 -1.676e+04 241.97 0.061 
-0.0002 0.0046 1.0700e+00 -1.815e+04 249.02 0.103 
-0.0002 0.0050 1.0700e+00 -1.987e+04 257.37 0.207 
-0.0002 0.0054 1.0700e+00 -2.245e+04 269.78 0.540 
-0.0002 0.0058 1.0709e+00 -2.303e+04 272.52 0.550 
-0.0002 0.0062 1.0719e+00 -2.358e+04 275.14 0.552 
-0.0002 0.0066 1.0729e+00 -2.415e+04 277.64 0.555 
-0.0002 0.0070 1.0738e+00 -2.486e+04 280.57 0.558 
-0.0002 0.0074 1.0749e+00 -2.546e+04 282.81 0.562 
-0.0002 0.0078 1.0761e+00 -2.606e+04 285.07 0.567 
-0.0002 0.0082 1.0772e+00 -2.666e+04 287.40 0.571 
-0.0002 0.0086 1.0785e+00 -2.719e+04 289.69 0.572 
-0.0002 0.0090 1.0798e+00 -2.776e+04 292.16 0.578 
-0.0002 0.0094 1.0811e+00 -2.833e+04 294.68 0.584 
-0.0002 0.0098 1.0824e+00 -2.892e+04 297.21 0.590 
-0.0002 0.0102 1.0837e+00 -2.951e+04 299.66 0.595 
-0.0002 0.0106 1.0850e+00 -3.010e+04 302.01 0.600 
-0.0002 0.0110 1.0863e+00 -3.068e+04 304.39 0.604 
-0.0002 0.0114 1.0876e+00 -3.125e+04 306.86 0.608 
-0.0002 0.0118 1.0890e+00 -3.181e+04 309.45 0.612 
