-0.00189844 0.00207372 1.0115e+00 -4.787e+01 0.1269331 0.000 0.0706010 0.0563321 
-0.00189844 0.00257142 1.0123e+00 -4.786e+01 0.1269221 0.000 0.0706052 0.0563167 
-0.00189844 0.00306911 1.0135e+00 -4.783e+01 0.1269317 0.000 0.0705693 0.0563623 
-0.00189844 0.00356680 1.0149e+00 -4.782e+01 0.1269363 0.000 0.0706142 0.0563221 
-0.00189844 0.00406450 1.0170e+00 -4.773e+01 0.1269412 0.000 0.0704960 0.0564451 
-0.00189844 0.00456219 1.0194e+00 -4.768e+01 0.1269208 0.000 0.0704328 0.0564880 
-0.00189844 0.00505988 1.0217e+00 -4.767e+01 0.1269167 0.000 0.0704261 0.0564905 
-0.00189844 0.00555758 1.0236e+00 -4.778e+01 0.1269389 0.000 0.0705873 0.0563517 
-0.00587999 0.00207372 1.0822e+00 -4.733e+01 0.1269594 0.000 0.0703135 0.0566458 
-0.00587999 0.00257142 1.0767e+00 -4.742e+01 0.1269581 0.000 0.0704321 0.0565260 
-0.00587999 0.00306911 1.0713e+00 -4.747e+01 0.1269672 0.000 0.0704450 0.0565222 
-0.00587999 0.00356680 1.0663e+00 -4.748e+01 0.1269546 0.000 0.0703762 0.0565782 
-0.00587999 0.00406450 1.0612e+00 -4.750e+01 0.1269602 0.000 0.0703165 0.0566438 
-0.00587999 0.00456219 1.0560e+00 -4.757e+01 0.1269641 0.000 0.0704485 0.0565155 
-0.00587999 0.00505988 1.0512e+00 -4.759e+01 0.1269726 0.000 0.0703933 0.0565794 
-0.00587999 0.00555758 1.0464e+00 -4.761e+01 0.1269617 0.000 0.0703522 0.0566096 
-0.00587999 0.00605527 1.0415e+00 -4.769e+01 0.1269581 0.000 0.0704286 0.0565297 
-0.00587999 0.00655296 1.0364e+00 -4.783e+01 0.1269550 0.000 0.0706091 0.0563459 
-0.00587999 0.00705066 1.0323e+00 -4.784e+01 0.1269653 0.000 0.0704746 0.0564906 
-0.00587999 0.00754835 1.0284e+00 -4.785e+01 0.1269685 0.000 0.0704622 0.0565064 
-0.00587999 0.00804604 1.0251e+00 -4.780e+01 0.1269735 0.000 0.0703891 0.0565844 
-0.00587999 0.00854374 1.0215e+00 -4.785e+01 0.1269804 0.000 0.0704734 0.0565070 
-0.00587999 0.00904143 1.0183e+00 -4.787e+01 0.1269446 0.000 0.0705097 0.0564348 
-0.00587999 0.00953912 1.0156e+00 -4.788e+01 0.1269378 0.000 0.0705242 0.0564138 
-0.00587999 0.01003682 1.0136e+00 -4.782e+01 0.1269313 0.000 0.0703944 0.0565371 
-0.00587999 0.01053451 1.0109e+00 -4.791e+01 0.1269269 0.000 0.0705201 0.0564067 
-0.00587999 0.01103221 1.0091e+00 -4.792e+01 0.1269504 0.000 0.0704806 0.0564698 
-0.00587999 0.01152990 1.0075e+00 -4.795e+01 0.1269331 0.000 0.0704749 0.0564580 
-0.00587999 0.01202759 1.0064e+00 -4.795e+01 0.1269305 0.000 0.0704632 0.0564671 
-0.00587999 0.01252529 1.0057e+00 -4.793e+01 0.1269442 0.000 0.0704461 0.0564981 
-0.00587999 0.01302298 1.0053e+00 -4.791e+01 0.1269348 0.000 0.0704437 0.0564908 
-0.00587999 0.01352067 1.0052e+00 -4.791e+01 0.1269443 0.000 0.0704329 0.0565115 
-0.00587999 0.01401837 1.0056e+00 -4.787e+01 0.1269248 0.000 0.0703844 0.0565404 
-0.00600441 0.00207372 1.0880e+00 -4.738e+01 0.1269618 0.000 0.0704133 0.0565484 
-0.00600441 0.00257142 1.0825e+00 -4.744e+01 0.1269621 0.000 0.0704495 0.0565126 
-0.00600441 0.00306911 1.0775e+00 -4.742e+01 0.1269541 0.000 0.0703127 0.0566414 
-0.00600441 0.00356680 1.0721e+00 -4.749e+01 0.1269625 0.000 0.0703811 0.0565814 
-0.00600441 0.00406450 1.0667e+00 -4.754e+01 0.1269669 0.000 0.0704003 0.0565667 
-0.00600441 0.00456219 1.0617e+00 -4.755e+01 0.1269659 0.000 0.0703335 0.0566325 
-0.00600441 0.00505988 1.0563e+00 -4.765e+01 0.1269661 0.000 0.0705030 0.0564632 
-0.00600441 0.00555758 1.0516e+00 -4.764e+01 0.1269645 0.000 0.0704457 0.0565189 
-0.00600441 0.00605527 1.0467e+00 -4.769e+01 0.1269582 0.000 0.0704360 0.0565222 
-0.00600441 0.00655296 1.0417e+00 -4.778e+01 0.1269654 0.000 0.0704989 0.0564666 
-0.00600441 0.00705066 1.0374e+00 -4.780e+01 0.1269607 0.000 0.0703690 0.0565918 
-0.00600441 0.00754835 1.0332e+00 -4.783e+01 0.1269654 0.000 0.0703973 0.0565681 
-0.00600441 0.00804604 1.0293e+00 -4.784e+01 0.1269603 0.000 0.0704852 0.0564751 
-0.00600441 0.00854374 1.0261e+00 -4.780e+01 0.1269559 0.000 0.0704025 0.0565534 
-0.00600441 0.00904143 1.0226e+00 -4.785e+01 0.1269626 0.000 0.0704568 0.0565059 
-0.00600441 0.00953912 1.0195e+00 -4.786e+01 0.1269360 0.000 0.0705104 0.0564255 
-0.00600441 0.01003682 1.0169e+00 -4.785e+01 0.1269379 0.000 0.0704950 0.0564429 
-0.00600441 0.01053451 1.0143e+00 -4.789e+01 0.1269332 0.000 0.0705364 0.0563969 
-0.00600441 0.01103221 1.0121e+00 -4.793e+01 0.1269395 0.000 0.0705574 0.0563822 
-0.00600441 0.01152990 1.0104e+00 -4.794e+01 0.1269399 0.000 0.0705152 0.0564247 
-0.00600441 0.01202759 1.0092e+00 -4.791e+01 0.1269371 0.000 0.0704398 0.0564972 
-0.00600441 0.01252529 1.0081e+00 -4.793e+01 0.1269372 0.000 0.0703968 0.0565403 
-0.00600441 0.01302298 1.0070e+00 -4.798e+01 0.1269498 0.000 0.0705435 0.0564063 
-0.00600441 0.01352067 1.0072e+00 -4.789e+01 0.1269394 0.000 0.0703853 0.0565542 
-0.00600441 0.01401837 1.0071e+00 -4.789e+01 0.1269324 0.000 0.0704006 0.0565320 
-0.00612883 0.00207372 1.0943e+00 -4.736e+01 0.1269637 0.000 0.0702899 0.0566737 
-0.00612883 0.00257142 1.0884e+00 -4.749e+01 0.1269518 0.000 0.0705343 0.0564175 
-0.00612883 0.00306911 1.0832e+00 -4.749e+01 0.1269510 0.000 0.0704287 0.0565223 
-0.00612883 0.00356680 1.0778e+00 -4.754e+01 0.1269630 0.000 0.0704615 0.0565016 
-0.00612883 0.00406450 1.0724e+00 -4.758e+01 0.1269643 0.000 0.0704650 0.0564993 
-0.00612883 0.00456219 1.0671e+00 -4.762e+01 0.1269608 0.000 0.0704648 0.0564959 
-0.00612883 0.00505988 1.0621e+00 -4.762e+01 0.1269658 0.000 0.0704055 0.0565602 
-0.00612883 0.00555758 1.0570e+00 -4.765e+01 0.1269622 0.000 0.0704468 0.0565154 
-0.00612883 0.00605527 1.0521e+00 -4.769e+01 0.1269671 0.000 0.0704004 0.0565667 
-0.00612883 0.00655296 1.0469e+00 -4.778e+01 0.1269720 0.000 0.0704936 0.0564785 
-0.00612883 0.00705066 1.0420e+00 -4.788e+01 0.1269638 0.000 0.0705872 0.0563765 
-0.00612883 0.00754835 1.0375e+00 -4.792e+01 0.1269659 0.000 0.0705657 0.0564002 
-0.00612883 0.00804604 1.0334e+00 -4.794e+01 0.1269705 0.000 0.0705999 0.0563707 
-0.00612883 0.00854374 1.0302e+00 -4.786e+01 0.1269652 0.000 0.0704636 0.0565016 
-0.00612883 0.00904143 1.0270e+00 -4.782e+01 0.1269789 0.000 0.0703730 0.0566058 
-0.00612883 0.00953912 1.0234e+00 -4.790e+01 0.1269630 0.000 0.0705014 0.0564617 
-0.00612883 0.01003682 1.0207e+00 -4.786e+01 0.1269732 0.000 0.0704236 0.0565497 
-0.00612883 0.01053451 1.0181e+00 -4.786e+01 0.1269352 0.000 0.0704985 0.0564367 
-0.00612883 0.01103221 1.0157e+00 -4.788e+01 0.1269250 0.000 0.0705141 0.0564108 
-0.00612883 0.01152990 1.0136e+00 -4.792e+01 0.1269306 0.000 0.0705323 0.0563981 
-0.00612883 0.01202759 1.0119e+00 -4.792e+01 0.1269364 0.000 0.0704960 0.0564403 
-0.00612883 0.01252529 1.0102e+00 -4.799e+01 0.1269384 0.000 0.0705656 0.0563728 
-0.00612883 0.01302298 1.0096e+00 -4.794e+01 0.1269258 0.000 0.0705058 0.0564200 
-0.00612883 0.01352067 1.0092e+00 -4.790e+01 0.1269328 0.000 0.0704515 0.0564812 
-0.00612883 0.01401837 1.0090e+00 -4.789e+01 0.1269383 0.000 0.0703873 0.0565509 
-0.00227171 0.00456219 1.0086e+00 -4.783e+01 0.1269467 0.000 0.0706372 0.0563094 
-0.00227171 0.00505988 1.0104e+00 -4.779e+01 0.1269314 0.000 0.0706050 0.0563263 
-0.00227171 0.00555758 1.0131e+00 -4.767e+01 0.1269253 0.000 0.0704382 0.0564872 
-0.00227171 0.00605527 1.0148e+00 -4.773e+01 0.1269224 0.000 0.0705576 0.0563647 
-0.00227171 0.00655296 1.0180e+00 -4.762e+01 0.1269168 0.000 0.0704239 0.0564929 
-0.00227171 0.00705066 1.0208e+00 -4.762e+01 0.1269114 0.000 0.0704600 0.0564515 
-0.00227171 0.00754835 1.0234e+00 -4.767e+01 0.1269303 0.000 0.0705601 0.0563703 
-0.00227171 0.00804604 1.0271e+00 -4.763e+01 0.1269540 0.000 0.0703482 0.0566058 
-0.00227171 0.00854374 1.0304e+00 -4.765e+01 0.1269603 0.000 0.0703632 0.0565973 
-0.00227171 0.00904143 1.0340e+00 -4.767e+01 0.1269569 0.000 0.0703452 0.0566118 
-0.00227171 0.00953912 1.0381e+00 -4.764e+01 0.1269688 0.000 0.0703482 0.0566206 
-0.00227171 0.01003682 1.0424e+00 -4.761e+01 0.1269695 0.000 0.0703470 0.0566227 
-0.00227171 0.01053451 1.0468e+00 -4.757e+01 0.1269522 0.000 0.0703730 0.0565792 
-0.00227171 0.01103221 1.0514e+00 -4.753e+01 0.1269736 0.000 0.0703389 0.0566346 
-0.00227171 0.01152990 1.0561e+00 -4.749e+01 0.1269657 0.000 0.0703199 0.0566458 
-0.00227171 0.01202759 1.0608e+00 -4.745e+01 0.1269596 0.000 0.0703385 0.0566212 
-0.00227171 0.01252529 1.0654e+00 -4.743e+01 0.1269644 0.000 0.0703180 0.0566464 
-0.00227171 0.01302298 1.0699e+00 -4.743e+01 0.1269576 0.000 0.0703495 0.0566080 
-0.00227171 0.01352067 1.0747e+00 -4.740e+01 0.1269555 0.000 0.0703112 0.0566443 
-0.00227171 0.01401837 1.0794e+00 -4.737e+01 0.1269558 0.000 0.0703449 0.0566110 
-0.00239613 0.00207372 1.0049e+00 -4.772e+01 0.1269280 0.000 0.0704647 0.0564634 
-0.00239613 0.00257142 1.0046e+00 -4.772e+01 0.1269244 0.000 0.0703906 0.0565338 
-0.00239613 0.00306911 1.0045e+00 -4.774e+01 0.1269510 0.000 0.0704068 0.0565442 
-0.00239613 0.00356680 1.0047e+00 -4.776e+01 0.1269290 0.000 0.0704339 0.0564950 
-0.00239613 0.00406450 1.0054e+00 -4.776e+01 0.1269333 0.000 0.0704109 0.0565224 
-0.00239613 0.00456219 1.0063e+00 -4.777e+01 0.1269280 0.000 0.0704566 0.0564714 
-0.00239613 0.00505988 1.0075e+00 -4.779e+01 0.1269378 0.000 0.0705331 0.0564047 
-0.00239613 0.00555758 1.0100e+00 -4.765e+01 0.1269274 0.000 0.0703071 0.0566204 
-0.00239613 0.00605527 1.0115e+00 -4.772e+01 0.1269443 0.000 0.0704565 0.0564879 
-0.00239613 0.00655296 1.0137e+00 -4.771e+01 0.1269409 0.000 0.0704978 0.0564432 
-0.00239613 0.00705066 1.0164e+00 -4.769e+01 0.1269350 0.000 0.0705081 0.0564268 
-0.00239613 0.00754835 1.0201e+00 -4.756e+01 0.1269221 0.000 0.0703165 0.0566055 
-0.00239613 0.00804604 1.0230e+00 -4.759e+01 0.1269380 0.000 0.0703776 0.0565603 
-0.00239613 0.00854374 1.0263e+00 -4.759e+01 0.1269361 0.000 0.0703066 0.0566295 
-0.00239613 0.00904143 1.0294e+00 -4.767e+01 0.1269723 0.000 0.0703466 0.0566256 
-0.00239613 0.00953912 1.0332e+00 -4.766e+01 0.1269600 0.000 0.0703527 0.0566072 
-0.00239613 0.01003682 1.0373e+00 -4.762e+01 0.1269719 0.000 0.0703559 0.0566158 
-0.00239613 0.01053451 1.0416e+00 -4.759e+01 0.1269657 0.000 0.0703448 0.0566209 
-0.00239613 0.01103221 1.0457e+00 -4.760e+01 0.1269712 0.000 0.0704753 0.0564960 
-0.00239613 0.01152990 1.0507e+00 -4.751e+01 0.1269563 0.000 0.0703282 0.0566281 
-0.00239613 0.01202759 1.0548e+00 -4.755e+01 0.1269705 0.000 0.0704983 0.0564722 
-0.00239613 0.01252529 1.0599e+00 -4.745e+01 0.1269622 0.000 0.0703271 0.0566352 
-0.00239613 0.01302298 1.0644e+00 -4.743e+01 0.1269613 0.000 0.0703080 0.0566532 
-0.00239613 0.01352067 1.0689e+00 -4.743e+01 0.1269723 0.000 0.0703255 0.0566468 
-0.00239613 0.01401837 1.0736e+00 -4.740e+01 0.1269611 0.000 0.0703308 0.0566302 
-0.00252056 0.00207372 1.0040e+00 -4.768e+01 0.1269318 0.000 0.0704177 0.0565141 
-0.00252056 0.00257142 1.0035e+00 -4.768e+01 0.1269329 0.000 0.0704024 0.0565306 
-0.00252056 0.00306911 1.0029e+00 -4.774e+01 0.1269318 0.000 0.0704641 0.0564675 
-0.00252056 0.00356680 1.0030e+00 -4.773e+01 0.1269131 0.000 0.0704041 0.0565091 
-0.00252056 0.00406450 1.0031e+00 -4.777e+01 0.1269318 0.000 0.0704491 0.0564826 
-0.00252056 0.00456219 1.0037e+00 -4.780e+01 0.1269206 0.000 0.0705248 0.0563958 
-0.00252056 0.00505988 1.0050e+00 -4.777e+01 0.1269403 0.000 0.0704240 0.0565162 
-0.00252056 0.00555758 1.0063e+00 -4.778e+01 0.1269380 0.000 0.0704917 0.0564463 
-0.00252056 0.00605527 1.0088e+00 -4.765e+01 0.1269290 0.000 0.0703123 0.0566167 
-0.00252056 0.00655296 1.0108e+00 -4.765e+01 0.1269331 0.000 0.0703457 0.0565874 
-0.00252056 0.00705066 1.0134e+00 -4.760e+01 0.1269196 0.000 0.0703079 0.0566118 
-0.00252056 0.00754835 1.0157e+00 -4.765e+01 0.1269467 0.000 0.0704526 0.0564941 
-0.00252056 0.00804604 1.0190e+00 -4.758e+01 0.1269409 0.000 0.0703684 0.0565726 
-0.00252056 0.00854374 1.0219e+00 -4.761e+01 0.1269415 0.000 0.0703840 0.0565576 
-0.00252056 0.00904143 1.0252e+00 -4.763e+01 0.1269300 0.000 0.0703797 0.0565505 
-0.00252056 0.00953912 1.0285e+00 -4.768e+01 0.1269579 0.000 0.0703686 0.0565893 
-0.00252056 0.01003682 1.0322e+00 -4.769e+01 0.1269669 0.000 0.0704688 0.0564981 
-0.00252056 0.01053451 1.0366e+00 -4.761e+01 0.1269753 0.000 0.0703396 0.0566357 
-0.00252056 0.01103221 1.0410e+00 -4.757e+01 0.1269599 0.000 0.0703642 0.0565958 
-0.00252056 0.01152990 1.0454e+00 -4.754e+01 0.1269663 0.000 0.0703382 0.0566281 
-0.00252056 0.01202759 1.0497e+00 -4.753e+01 0.1269531 0.000 0.0703753 0.0565779 
-0.00252056 0.01252529 1.0543e+00 -4.749e+01 0.1269687 0.000 0.0703820 0.0565867 
-0.00252056 0.01302298 1.0589e+00 -4.746e+01 0.1269697 0.000 0.0703453 0.0566244 
-0.00252056 0.01352067 1.0634e+00 -4.746e+01 0.1269612 0.000 0.0703729 0.0565885 
-0.00252056 0.01401837 1.0680e+00 -4.743e+01 0.1269548 0.000 0.0703494 0.0566054 
-0.00264498 0.00207372 1.0030e+00 -4.771e+01 0.1269308 0.000 0.0704823 0.0564485 
-0.00264498 0.00257142 1.0024e+00 -4.768e+01 0.1269396 0.000 0.0704064 0.0565331 
-0.00264498 0.00306911 1.0018e+00 -4.769e+01 0.1269355 0.000 0.0704202 0.0565153 
-0.00264498 0.00356680 1.0014e+00 -4.773e+01 0.1269570 0.000 0.0704126 0.0565442 
-0.00264498 0.00406450 1.0009e+00 -4.783e+01 0.1269399 0.000 0.0705182 0.0564218 
-0.00264498 0.00456219 1.0011e+00 -4.787e+01 0.1269441 0.000 0.0705895 0.0563545 
-0.00264498 0.00505988 1.0027e+00 -4.775e+01 0.1269415 0.000 0.0703557 0.0565858 
-0.00264498 0.00555758 1.0035e+00 -4.781e+01 0.1269416 0.000 0.0704757 0.0564658 
-0.00264498 0.00605527 1.0052e+00 -4.776e+01 0.1269356 0.000 0.0704697 0.0564660 
-0.00264498 0.00655296 1.0071e+00 -4.774e+01 0.1269351 0.000 0.0704817 0.0564534 
-0.00189844 0.00605527 1.0266e+00 -4.775e+01 0.1269401 0.000 0.0705738 0.0563663 
-0.00189844 0.00655296 1.0299e+00 -4.773e+01 0.1269387 0.000 0.0705876 0.0563512 
-0.00189844 0.00705066 1.0336e+00 -4.767e+01 0.1269401 0.000 0.0705379 0.0564024 
-0.00189844 0.00754835 1.0374e+00 -4.765e+01 0.1269402 0.000 0.0704773 0.0564628 
-0.00189844 0.00804604 1.0411e+00 -4.766e+01 0.1269350 0.000 0.0704843 0.0564508 
-0.00189844 0.00854374 1.0453e+00 -4.763e+01 0.1269283 0.000 0.0704684 0.0564599 
-0.00189844 0.00904143 1.0497e+00 -4.760e+01 0.1269418 0.000 0.0704735 0.0564682 
-0.00189844 0.00953912 1.0540e+00 -4.760e+01 0.1269264 0.000 0.0705354 0.0563910 
-0.00264498 0.00705066 1.0099e+00 -4.762e+01 0.1269315 0.000 0.0703145 0.0566171 
-0.00264498 0.00754835 1.0122e+00 -4.765e+01 0.1269282 0.000 0.0704343 0.0564937 
-0.00264498 0.00804604 1.0153e+00 -4.758e+01 0.1269357 0.000 0.0703488 0.0565871 
-0.00264498 0.00854374 1.0177e+00 -4.765e+01 0.1269460 0.000 0.0705023 0.0564436 
-0.00264498 0.00904143 1.0209e+00 -4.765e+01 0.1269412 0.000 0.0704573 0.0564838 
-0.00264498 0.00953912 1.0240e+00 -4.771e+01 0.1269303 0.000 0.0705028 0.0564273 
-0.00264498 0.01003682 1.0279e+00 -4.766e+01 0.1269592 0.000 0.0703684 0.0565907 
-0.00264498 0.01053451 1.0318e+00 -4.764e+01 0.1269669 0.000 0.0703930 0.0565738 
-0.00264498 0.01103221 1.0361e+00 -4.759e+01 0.1269604 0.000 0.0703434 0.0566171 
-0.00264498 0.01152990 1.0403e+00 -4.756e+01 0.1269649 0.000 0.0703507 0.0566142 
-0.00264498 0.01202759 1.0447e+00 -4.753e+01 0.1269566 0.000 0.0703396 0.0566170 
-0.00264498 0.01252529 1.0492e+00 -4.749e+01 0.1269614 0.000 0.0703257 0.0566356 
-0.00264498 0.01302298 1.0537e+00 -4.747e+01 0.1269633 0.000 0.0703314 0.0566317 
-0.00264498 0.01352067 1.0582e+00 -4.745e+01 0.1269613 0.000 0.0703379 0.0566234 
-0.00264498 0.01401837 1.0625e+00 -4.746e+01 0.1269748 0.000 0.0703459 0.0566289 
-0.00276940 0.00207372 1.0024e+00 -4.772e+01 0.1269382 0.000 0.0705032 0.0564351 
-0.00276940 0.00257142 1.0014e+00 -4.772e+01 0.1269274 0.000 0.0705027 0.0564246 
-0.00276940 0.00306911 1.0005e+00 -4.773e+01 0.1269361 0.000 0.0705049 0.0564312 
-0.00276940 0.00356680 9.9995e-01 -4.776e+01 0.1269449 0.000 0.0704963 0.0564486 
-0.00276940 0.00406450 9.9954e-01 -4.780e+01 0.1269273 0.000 0.0705418 0.0563855 
-0.00276940 0.00456219 9.9975e-01 -4.781e+01 0.1269339 0.000 0.0704759 0.0564581 
-0.00276940 0.00505988 1.0003e+00 -4.779e+01 0.1269317 0.000 0.0704718 0.0564597 
-0.00276940 0.00555758 1.0010e+00 -4.784e+01 0.1269446 0.000 0.0705409 0.0564037 
-0.00276940 0.00605527 1.0027e+00 -4.776e+01 0.1269297 0.000 0.0704176 0.0565119 
-0.00276940 0.00655296 1.0045e+00 -4.771e+01 0.1269276 0.000 0.0703541 0.0565735 
-0.00276940 0.00705066 1.0061e+00 -4.774e+01 0.1269307 0.000 0.0704866 0.0564442 
-0.00276940 0.00754835 1.0085e+00 -4.771e+01 0.1269374 0.000 0.0704742 0.0564633 
-0.00276940 0.00804604 1.0116e+00 -4.760e+01 0.1269290 0.000 0.0703626 0.0565664 
-0.00276940 0.00854374 1.0140e+00 -4.765e+01 0.1269294 0.000 0.0704857 0.0564438 
-0.00276940 0.00904143 1.0171e+00 -4.763e+01 0.1269401 0.000 0.0704356 0.0565046 
-0.00276940 0.00953912 1.0204e+00 -4.761e+01 0.1269390 0.000 0.0703166 0.0566223 
-0.00276940 0.01003682 1.0232e+00 -4.772e+01 0.1269444 0.000 0.0704682 0.0564763 
-0.00276940 0.01053451 1.0273e+00 -4.765e+01 0.1269655 0.000 0.0703493 0.0566163 
-0.00276940 0.01103221 1.0313e+00 -4.762e+01 0.1269636 0.000 0.0703520 0.0566116 
-0.00276940 0.01152990 1.0351e+00 -4.764e+01 0.1269704 0.000 0.0704697 0.0565007 
-0.00276940 0.01202759 1.0397e+00 -4.756e+01 0.1269551 0.000 0.0703570 0.0565982 
-0.00276940 0.01252529 1.0439e+00 -4.756e+01 0.1269555 0.000 0.0703693 0.0565862 
-0.00276940 0.01302298 1.0485e+00 -4.750e+01 0.1269597 0.000 0.0703607 0.0565990 
-0.00276940 0.01352067 1.0529e+00 -4.748e+01 0.1269692 0.000 0.0703508 0.0566185 
-0.00276940 0.01401837 1.0575e+00 -4.745e+01 0.1269581 0.000 0.0703196 0.0566386 
-0.00289383 0.00207372 1.0022e+00 -4.770e+01 0.1269373 0.000 0.0704880 0.0564494 
-0.00289383 0.00257142 1.0012e+00 -4.766e+01 0.1269434 0.000 0.0703818 0.0565618 
-0.00289383 0.00306911 9.9980e-01 -4.773e+01 0.1269462 0.000 0.0705104 0.0564358 
-0.00289383 0.00356680 9.9947e-01 -4.768e+01 0.1269295 0.000 0.0703867 0.0565428 
-0.00289383 0.00406450 9.9877e-01 -4.773e+01 0.1269394 0.000 0.0704258 0.0565135 
-0.00289383 0.00456219 9.9835e-01 -4.779e+01 0.1269480 0.000 0.0704749 0.0564730 
-0.00289383 0.00505988 9.9869e-01 -4.778e+01 0.1269364 0.000 0.0704284 0.0565079 
-0.00289383 0.00555758 9.9908e-01 -4.782e+01 0.1269509 0.000 0.0704882 0.0564627 
-0.00289383 0.00605527 9.9988e-01 -4.784e+01 0.1269398 0.000 0.0705344 0.0564054 
-0.00289383 0.00655296 1.0017e+00 -4.776e+01 0.1269456 0.000 0.0703974 0.0565483 
-0.00289383 0.00705066 1.0032e+00 -4.778e+01 0.1269303 0.000 0.0704841 0.0564462 
-0.00289383 0.00754835 1.0054e+00 -4.772e+01 0.1269335 0.000 0.0704551 0.0564785 
-0.00289383 0.00804604 1.0076e+00 -4.772e+01 0.1269269 0.000 0.0705443 0.0563827 
-0.00289383 0.00854374 1.0110e+00 -4.758e+01 0.1269410 0.000 0.0703174 0.0566234 
-0.00289383 0.00904143 1.0138e+00 -4.757e+01 0.1269292 0.000 0.0703207 0.0566086 
-0.00289383 0.00953912 1.0163e+00 -4.766e+01 0.1269381 0.000 0.0704342 0.0565038 
-0.00289383 0.01003682 1.0191e+00 -4.774e+01 0.1269308 0.000 0.0705490 0.0563817 
-0.00289383 0.01053451 1.0227e+00 -4.771e+01 0.1269421 0.000 0.0704540 0.0564880 
-0.00289383 0.01103221 1.0268e+00 -4.765e+01 0.1269600 0.000 0.0703612 0.0565990 
-0.00289383 0.01152990 1.0309e+00 -4.760e+01 0.1269629 0.000 0.0703357 0.0566270 
-0.00289383 0.01202759 1.0349e+00 -4.759e+01 0.1269634 0.000 0.0703534 0.0566100 
-0.00289383 0.01252529 1.0391e+00 -4.756e+01 0.1269549 0.000 0.0703350 0.0566199 
-0.00289383 0.01302298 1.0433e+00 -4.756e+01 0.1269687 0.000 0.0703877 0.0565811 
-0.00289383 0.01352067 1.0478e+00 -4.752e+01 0.1269575 0.000 0.0703925 0.0565651 
-0.00289383 0.01401837 1.0524e+00 -4.747e+01 0.1269694 0.000 0.0703126 0.0566569 
-0.00301825 0.00207372 1.0030e+00 -4.760e+01 0.1269272 0.000 0.0703089 0.0566184 
-0.00301825 0.00257142 1.0005e+00 -4.775e+01 0.1269460 0.000 0.0706028 0.0563429 
-0.00301825 0.00306911 9.9972e-01 -4.769e+01 0.1269382 0.000 0.0704886 0.0564497 
-0.00301825 0.00356680 9.9879e-01 -4.768e+01 0.1269318 0.000 0.0704461 0.0564856 
-0.00301825 0.00406450 9.9791e-01 -4.772e+01 0.1269443 0.000 0.0704775 0.0564668 
-0.00301825 0.00456219 9.9755e-01 -4.773e+01 0.1269336 0.000 0.0704470 0.0564867 
-0.00301825 0.00505988 9.9722e-01 -4.779e+01 0.1269389 0.000 0.0704953 0.0564435 
-0.00301825 0.00555758 9.9731e-01 -4.783e+01 0.1269530 0.000 0.0705642 0.0563888 
-0.00301825 0.00605527 9.9828e-01 -4.779e+01 0.1269286 0.000 0.0704756 0.0564531 
-0.00301825 0.00655296 9.9955e-01 -4.775e+01 0.1269450 0.000 0.0704283 0.0565168 
-0.00301825 0.00705066 1.0012e+00 -4.771e+01 0.1269262 0.000 0.0703683 0.0565579 
-0.00301825 0.00754835 1.0027e+00 -4.773e+01 0.1269420 0.000 0.0704511 0.0564908 
-0.00301825 0.00804604 1.0053e+00 -4.763e+01 0.1269380 0.000 0.0703562 0.0565819 
-0.00301825 0.00854374 1.0074e+00 -4.766e+01 0.1269311 0.000 0.0705127 0.0564183 
-0.00301825 0.00904143 1.0106e+00 -4.755e+01 0.1269351 0.000 0.0703178 0.0566174 
-0.00189844 0.01003682 1.0589e+00 -4.753e+01 0.1269377 0.000 0.0704967 0.0564410 
-0.00189844 0.01053451 1.0633e+00 -4.756e+01 0.1269402 0.000 0.0705829 0.0563574 
-0.00189844 0.01103221 1.0682e+00 -4.750e+01 0.1269301 0.000 0.0705343 0.0563958 
-0.00189844 0.01152990 1.0730e+00 -4.748e+01 0.1269355 0.000 0.0705450 0.0563905 
-0.00189844 0.01202759 1.0777e+00 -4.748e+01 0.1269346 0.000 0.0705452 0.0563893 
-0.00189844 0.01252529 1.0828e+00 -4.743e+01 0.1269272 0.000 0.0705092 0.0564181 
-0.00189844 0.01302298 1.0880e+00 -4.735e+01 0.1269685 0.000 0.0703115 0.0566571 
-0.00189844 0.01352067 1.0929e+00 -4.730e+01 0.1269703 0.000 0.0703528 0.0566177 
-0.00301825 0.00953912 1.0131e+00 -4.761e+01 0.1269295 0.000 0.0704207 0.0565088 
-0.00301825 0.01003682 1.0156e+00 -4.769e+01 0.1269296 0.000 0.0705065 0.0564232 
-0.00301825 0.01053451 1.0189e+00 -4.770e+01 0.1269373 0.000 0.0704473 0.0564901 
-0.00301825 0.01103221 1.0227e+00 -4.764e+01 0.1269402 0.000 0.0703874 0.0565528 
-0.00301825 0.01152990 1.0264e+00 -4.764e+01 0.1269734 0.000 0.0703855 0.0565879 
-0.00301825 0.01202759 1.0306e+00 -4.757e+01 0.1269586 0.000 0.0703415 0.0566171 
-0.00301825 0.01252529 1.0345e+00 -4.758e+01 0.1269537 0.000 0.0703638 0.0565901 
-0.00301825 0.01302298 1.0384e+00 -4.760e+01 0.1269603 0.000 0.0704581 0.0565022 
-0.00301825 0.01352067 1.0429e+00 -4.755e+01 0.1269711 0.000 0.0703930 0.0565781 
-0.00301825 0.01401837 1.0473e+00 -4.751e+01 0.1269751 0.000 0.0703752 0.0565999 
-0.00314267 0.00207372 1.0030e+00 -4.765e+01 0.1269391 0.000 0.0704763 0.0564629 
-0.00314267 0.00257142 1.0012e+00 -4.766e+01 0.1269368 0.000 0.0704600 0.0564767 
-0.00314267 0.00306911 1.0001e+00 -4.761e+01 0.1269281 0.000 0.0703992 0.0565290 
-0.00314267 0.00356680 9.9853e-01 -4.767e+01 0.1269421 0.000 0.0705003 0.0564418 
-0.00314267 0.00406450 9.9748e-01 -4.770e+01 0.1269361 0.000 0.0705184 0.0564177 
-0.00314267 0.00456219 9.9687e-01 -4.771e+01 0.1269349 0.000 0.0704741 0.0564607 
-0.00314267 0.00505988 9.9663e-01 -4.771e+01 0.1269510 0.000 0.0703849 0.0565662 
-0.00314267 0.00555758 9.9619e-01 -4.780e+01 0.1269326 0.000 0.0705575 0.0563750 
-0.00314267 0.00605527 9.9648e-01 -4.782e+01 0.1269518 0.000 0.0705703 0.0563814 
-0.00314267 0.00655296 9.9749e-01 -4.778e+01 0.1269380 0.000 0.0705211 0.0564169 
-0.00314267 0.00705066 9.9899e-01 -4.772e+01 0.1269428 0.000 0.0704450 0.0564980 
-0.00314267 0.00754835 9.9989e-01 -4.780e+01 0.1269440 0.000 0.0706142 0.0563299 
-0.00314267 0.00804604 1.0023e+00 -4.770e+01 0.1269379 0.000 0.0704652 0.0564727 
-0.00314267 0.00854374 1.0045e+00 -4.767e+01 0.1269280 0.000 0.0705370 0.0563910 
-0.00314267 0.00904143 1.0077e+00 -4.753e+01 0.1269318 0.000 0.0703175 0.0566145 
-0.00314267 0.00953912 1.0103e+00 -4.753e+01 0.1269317 0.000 0.0703158 0.0566158 
-0.00314267 0.01003682 1.0131e+00 -4.755e+01 0.1269343 0.000 0.0703115 0.0566228 
-0.00314267 0.01053451 1.0154e+00 -4.767e+01 0.1269351 0.000 0.0704447 0.0564905 
-0.00314267 0.01103221 1.0191e+00 -4.761e+01 0.1269370 0.000 0.0703465 0.0565906 
-0.00314267 0.01152990 1.0229e+00 -4.756e+01 0.1269257 0.000 0.0702779 0.0566479 
-0.00314267 0.01202759 1.0264e+00 -4.759e+01 0.1269745 0.000 0.0703630 0.0566115 
-0.00314267 0.01252529 1.0304e+00 -4.756e+01 0.1269649 0.000 0.0703606 0.0566042 
-0.00314267 0.01302298 1.0342e+00 -4.757e+01 0.1269587 0.000 0.0703901 0.0565686 
-0.00314267 0.01352067 1.0384e+00 -4.755e+01 0.1269655 0.000 0.0703616 0.0566038 
-0.00314267 0.01401837 1.0424e+00 -4.757e+01 0.1269709 0.000 0.0704852 0.0564857 
-0.00326710 0.00207372 1.0039e+00 -4.762e+01 0.1269378 0.000 0.0704562 0.0564817 
-0.00326710 0.00257142 1.0018e+00 -4.764e+01 0.1269355 0.000 0.0704995 0.0564359 
-0.00326710 0.00306911 1.0003e+00 -4.760e+01 0.1269394 0.000 0.0704089 0.0565305 
-0.00326710 0.00356680 9.9889e-01 -4.761e+01 0.1269393 0.000 0.0704383 0.0565011 
-0.00326710 0.00406450 9.9761e-01 -4.763e+01 0.1269256 0.000 0.0704777 0.0564480 
-0.00326710 0.00456219 9.9682e-01 -4.763e+01 0.1269349 0.000 0.0703998 0.0565351 
-0.00326710 0.00505988 9.9576e-01 -4.772e+01 0.1269397 0.000 0.0705129 0.0564268 
-0.00326710 0.00555758 9.9552e-01 -4.774e+01 0.1269352 0.000 0.0705009 0.0564342 
-0.00326710 0.00605527 9.9553e-01 -4.776e+01 0.1269403 0.000 0.0705387 0.0564015 
-0.00326710 0.00655296 9.9623e-01 -4.774e+01 0.1269561 0.000 0.0704680 0.0564882 
-0.00326710 0.00705066 9.9716e-01 -4.772e+01 0.1269240 0.000 0.0704961 0.0564279 
-0.00326710 0.00754835 9.9838e-01 -4.772e+01 0.1269458 0.000 0.0704983 0.0564475 
-0.00326710 0.00804604 9.9996e-01 -4.770e+01 0.1269302 0.000 0.0704932 0.0564370 
-0.00326710 0.00854374 1.0021e+00 -4.765e+01 0.1269411 0.000 0.0704271 0.0565140 
-0.00326710 0.00904143 1.0049e+00 -4.754e+01 0.1269300 0.000 0.0703541 0.0565759 
-0.00326710 0.00953912 1.0075e+00 -4.751e+01 0.1269463 0.000 0.0703081 0.0566382 
-0.00326710 0.01003682 1.0101e+00 -4.752e+01 0.1269313 0.000 0.0703067 0.0566245 
-0.00326710 0.01053451 1.0122e+00 -4.764e+01 0.1269439 0.000 0.0704758 0.0564679 
-0.00326710 0.01103221 1.0151e+00 -4.767e+01 0.1269433 0.000 0.0704985 0.0564448 
-0.00326710 0.01152990 1.0186e+00 -4.765e+01 0.1269499 0.000 0.0704378 0.0565120 
-0.00326710 0.01202759 1.0228e+00 -4.755e+01 0.1269485 0.000 0.0703063 0.0566420 
-0.00326710 0.01252529 1.0263e+00 -4.757e+01 0.1269657 0.000 0.0703888 0.0565768 
-0.00326710 0.01302298 1.0303e+00 -4.754e+01 0.1269726 0.000 0.0703505 0.0566221 
-0.00326710 0.01352067 1.0343e+00 -4.753e+01 0.1269617 0.000 0.0703705 0.0565911 
-0.00326710 0.01401837 1.0383e+00 -4.752e+01 0.1269542 0.000 0.0703668 0.0565875 
-0.00339152 0.00207372 1.0051e+00 -4.757e+01 0.1269308 0.000 0.0704146 0.0565161 
-0.00339152 0.00257142 1.0031e+00 -4.755e+01 0.1269253 0.000 0.0703518 0.0565735 
-0.00339152 0.00306911 1.0010e+00 -4.758e+01 0.1269344 0.000 0.0703819 0.0565525 
-0.00339152 0.00356680 9.9926e-01 -4.760e+01 0.1269379 0.000 0.0704864 0.0564515 
-0.00339152 0.00406450 9.9811e-01 -4.756e+01 0.1269408 0.000 0.0704044 0.0565363 
-0.00339152 0.00456219 9.9683e-01 -4.760e+01 0.1269408 0.000 0.0704387 0.0565022 
-0.00339152 0.00505988 9.9596e-01 -4.762e+01 0.1269452 0.000 0.0703959 0.0565494 
-0.00339152 0.00555758 9.9511e-01 -4.769e+01 0.1269369 0.000 0.0704829 0.0564542 
-0.00339152 0.00605527 9.9493e-01 -4.771e+01 0.1269473 0.000 0.0704553 0.0564919 
-0.00339152 0.00655296 9.9534e-01 -4.769e+01 0.1269366 0.000 0.0704178 0.0565190 
-0.00339152 0.00705066 9.9554e-01 -4.774e+01 0.1269406 0.000 0.0705470 0.0563934 
-0.00339152 0.00754835 9.9694e-01 -4.767e+01 0.1269387 0.000 0.0704368 0.0565020 
-0.00339152 0.00804604 9.9814e-01 -4.768e+01 0.1269381 0.000 0.0705032 0.0564349 
-0.00339152 0.00854374 9.9994e-01 -4.764e+01 0.1269458 0.000 0.0704392 0.0565065 
-0.00339152 0.00904143 1.0019e+00 -4.764e+01 0.1269365 0.000 0.0704794 0.0564571 
-0.00339152 0.00953912 1.0049e+00 -4.751e+01 0.1269282 0.000 0.0703381 0.0565901 
-0.00339152 0.01003682 1.0066e+00 -4.761e+01 0.1269380 0.000 0.0705384 0.0563997 
-0.00339152 0.01053451 1.0097e+00 -4.756e+01 0.1269403 0.000 0.0703584 0.0565820 
-0.00339152 0.01103221 1.0125e+00 -4.757e+01 0.1269292 0.000 0.0703308 0.0565984 
-0.00339152 0.01152990 1.0156e+00 -4.758e+01 0.1269433 0.000 0.0703397 0.0566035 
-0.00189844 0.01401837 1.0978e+00 -4.725e+01 0.1269553 0.000 0.0703431 0.0566123 
-0.00202286 0.00207372 1.0095e+00 -4.782e+01 0.1269367 0.000 0.0705358 0.0564010 
-0.00202286 0.00257142 1.0098e+00 -4.784e+01 0.1269359 0.000 0.0705496 0.0563865 
-0.00202286 0.00306911 1.0104e+00 -4.787e+01 0.1269343 0.000 0.0706149 0.0563194 
-0.00202286 0.00356680 1.0117e+00 -4.783e+01 0.1269223 0.000 0.0706262 0.0562963 
-0.00202286 0.00406450 1.0140e+00 -4.770e+01 0.1269232 0.000 0.0704226 0.0565004 
-0.00202286 0.00456219 1.0152e+00 -4.777e+01 0.1269284 0.000 0.0705860 0.0563425 
-0.00202286 0.00505988 1.0179e+00 -4.767e+01 0.1269278 0.000 0.0704356 0.0564922 
-0.00339152 0.01202759 1.0190e+00 -4.758e+01 0.1269362 0.000 0.0703746 0.0565616 
-0.00339152 0.01252529 1.0229e+00 -4.751e+01 0.1269360 0.000 0.0703134 0.0566225 
-0.00339152 0.01302298 1.0265e+00 -4.753e+01 0.1269594 0.000 0.0703438 0.0566156 
-0.00339152 0.01352067 1.0303e+00 -4.752e+01 0.1269659 0.000 0.0703427 0.0566231 
-0.00339152 0.01401837 1.0343e+00 -4.751e+01 0.1269688 0.000 0.0703364 0.0566325 
-0.00351594 0.00207372 1.0063e+00 -4.759e+01 0.1269238 0.000 0.0704612 0.0564626 
-0.00351594 0.00257142 1.0038e+00 -4.760e+01 0.1269310 0.000 0.0704478 0.0564832 
-0.00351594 0.00306911 1.0020e+00 -4.755e+01 0.1269358 0.000 0.0703714 0.0565644 
-0.00351594 0.00356680 9.9984e-01 -4.760e+01 0.1269442 0.000 0.0704818 0.0564624 
-0.00351594 0.00406450 9.9832e-01 -4.758e+01 0.1269307 0.000 0.0704708 0.0564599 
-0.00351594 0.00456219 9.9719e-01 -4.756e+01 0.1269388 0.000 0.0703993 0.0565395 
-0.00351594 0.00505988 9.9596e-01 -4.760e+01 0.1269410 0.000 0.0703879 0.0565532 
-0.00351594 0.00555758 9.9507e-01 -4.764e+01 0.1269511 0.000 0.0703823 0.0565688 
-0.00351594 0.00605527 9.9470e-01 -4.764e+01 0.1269348 0.000 0.0703711 0.0565636 
-0.00351594 0.00655296 9.9467e-01 -4.766e+01 0.1269327 0.000 0.0703696 0.0565630 
-0.00351594 0.00705066 9.9480e-01 -4.769e+01 0.1269437 0.000 0.0704007 0.0565431 
-0.00351594 0.00754835 9.9539e-01 -4.770e+01 0.1269361 0.000 0.0704755 0.0564605 
-0.00351594 0.00804604 9.9669e-01 -4.766e+01 0.1269469 0.000 0.0704282 0.0565187 
-0.00351594 0.00854374 9.9820e-01 -4.763e+01 0.1269389 0.000 0.0704234 0.0565152 
-0.00351594 0.00904143 1.0001e+00 -4.759e+01 0.1269305 0.000 0.0703649 0.0565656 
-0.00351594 0.00953912 1.0019e+00 -4.761e+01 0.1269335 0.000 0.0704632 0.0564704 
-0.00351594 0.01003682 1.0047e+00 -4.750e+01 0.1269286 0.000 0.0703411 0.0565874 
-0.00351594 0.01053451 1.0072e+00 -4.751e+01 0.1269271 0.000 0.0703078 0.0566193 
-0.00351594 0.01103221 1.0097e+00 -4.756e+01 0.1269407 0.000 0.0703122 0.0566287 
-0.00351594 0.01152990 1.0126e+00 -4.756e+01 0.1269382 0.000 0.0702759 0.0566622 
-0.00351594 0.01202759 1.0157e+00 -4.757e+01 0.1269398 0.000 0.0703281 0.0566117 
-0.00351594 0.01252529 1.0191e+00 -4.757e+01 0.1269362 0.000 0.0703935 0.0565426 
-0.00351594 0.01302298 1.0225e+00 -4.758e+01 0.1269417 0.000 0.0704280 0.0565138 
-0.00351594 0.01352067 1.0264e+00 -4.754e+01 0.1269697 0.000 0.0703520 0.0566177 
-0.00351594 0.01401837 1.0299e+00 -4.759e+01 0.1269615 0.000 0.0704884 0.0564731 
-0.00364037 0.00207372 1.0077e+00 -4.760e+01 0.1269438 0.000 0.0704038 0.0565401 
-0.00364037 0.00257142 1.0053e+00 -4.757e+01 0.1269493 0.000 0.0703684 0.0565809 
-0.00364037 0.00306911 1.0028e+00 -4.761e+01 0.1269545 0.000 0.0704266 0.0565278 
-0.00364037 0.00356680 1.0009e+00 -4.756e+01 0.1269465 0.000 0.0703647 0.0565815 
-0.00364037 0.00406450 9.9925e-01 -4.755e+01 0.1269357 0.000 0.0704099 0.0565257 
-0.00364037 0.00456219 9.9764e-01 -4.756e+01 0.1269455 0.000 0.0704068 0.0565386 
-0.00364037 0.00505988 9.9607e-01 -4.762e+01 0.1269449 0.000 0.0704414 0.0565036 
-0.00364037 0.00555758 9.9466e-01 -4.769e+01 0.1269555 0.000 0.0704942 0.0564614 
-0.00364037 0.00605527 9.9413e-01 -4.769e+01 0.1269490 0.000 0.0704238 0.0565251 
-0.00364037 0.00655296 9.9350e-01 -4.775e+01 0.1269385 0.000 0.0705138 0.0564247 
-0.00364037 0.00705066 9.9316e-01 -4.781e+01 0.1269345 0.000 0.0706194 0.0563151 
-0.00364037 0.00754835 9.9441e-01 -4.769e+01 0.1269332 0.000 0.0703948 0.0565385 
-0.00364037 0.00804604 9.9514e-01 -4.769e+01 0.1269551 0.000 0.0704263 0.0565288 
-0.00364037 0.00854374 9.9603e-01 -4.772e+01 0.1269522 0.000 0.0705504 0.0564018 
-0.00364037 0.00904143 9.9785e-01 -4.766e+01 0.1269495 0.000 0.0704698 0.0564798 
-0.00364037 0.00953912 9.9988e-01 -4.761e+01 0.1269462 0.000 0.0703979 0.0565484 
-0.00364037 0.01003682 1.0018e+00 -4.761e+01 0.1269279 0.000 0.0704695 0.0564584 
-0.00364037 0.01053451 1.0046e+00 -4.753e+01 0.1269356 0.000 0.0703336 0.0566021 
-0.00364037 0.01103221 1.0064e+00 -4.765e+01 0.1269397 0.000 0.0705362 0.0564033 
-0.00364037 0.01152990 1.0096e+00 -4.759e+01 0.1269410 0.000 0.0703304 0.0566105 
-0.00364037 0.01202759 1.0125e+00 -4.760e+01 0.1269441 0.000 0.0703583 0.0565860 
-0.00364037 0.01252529 1.0159e+00 -4.757e+01 0.1269485 0.000 0.0703242 0.0566242 
-0.00364037 0.01302298 1.0191e+00 -4.759e+01 0.1269427 0.000 0.0704121 0.0565307 
-0.00364037 0.01352067 1.0231e+00 -4.752e+01 0.1269432 0.000 0.0703245 0.0566188 
-0.00364037 0.01401837 1.0266e+00 -4.754e+01 0.1269676 0.000 0.0703423 0.0566253 
-0.00376479 0.00207372 1.0099e+00 -4.755e+01 0.1269421 0.000 0.0703639 0.0565782 
-0.00376479 0.00257142 1.0069e+00 -4.758e+01 0.1269314 0.000 0.0704407 0.0564907 
-0.00376479 0.00306911 1.0043e+00 -4.759e+01 0.1269397 0.000 0.0704326 0.0565072 
-0.00376479 0.00356680 1.0023e+00 -4.754e+01 0.1269364 0.000 0.0703202 0.0566163 
-0.00376479 0.00406450 1.0002e+00 -4.754e+01 0.1269375 0.000 0.0703858 0.0565517 
-0.00376479 0.00456219 9.9844e-01 -4.755e+01 0.1269361 0.000 0.0704256 0.0565104 
-0.00376479 0.00505988 9.9692e-01 -4.756e+01 0.1269463 0.000 0.0704138 0.0565325 
-0.00376479 0.00555758 9.9562e-01 -4.758e+01 0.1269342 0.000 0.0703774 0.0565568 
-0.00376479 0.00605527 9.9454e-01 -4.763e+01 0.1269317 0.000 0.0703649 0.0565670 
-0.00376479 0.00655296 9.9374e-01 -4.767e+01 0.1269404 0.000 0.0703880 0.0565524 
-0.00376479 0.00705066 9.9259e-01 -4.783e+01 0.1269471 0.000 0.0706406 0.0563066 
-0.00376479 0.00754835 9.9318e-01 -4.777e+01 0.1269380 0.000 0.0704979 0.0564401 
-0.00376479 0.00804604 9.9374e-01 -4.775e+01 0.1269521 0.000 0.0705167 0.0564354 
-0.00376479 0.00854374 9.9473e-01 -4.773e+01 0.1269422 0.000 0.0705138 0.0564286 
-0.00376479 0.00904143 9.9629e-01 -4.767e+01 0.1269414 0.000 0.0704577 0.0564837 
-0.00376479 0.00953912 9.9765e-01 -4.768e+01 0.1269356 0.000 0.0705299 0.0564057 
-0.00376479 0.01003682 1.0002e+00 -4.756e+01 0.1269279 0.000 0.0703201 0.0566077 
-0.00376479 0.01053451 1.0017e+00 -4.764e+01 0.1269452 0.000 0.0704743 0.0564710 
-0.00376479 0.01103221 1.0040e+00 -4.766e+01 0.1269371 0.000 0.0705482 0.0563888 
-0.00376479 0.01152990 1.0064e+00 -4.769e+01 0.1269388 0.000 0.0705190 0.0564198 
-0.00376479 0.01202759 1.0098e+00 -4.760e+01 0.1269400 0.000 0.0703195 0.0566205 
-0.00376479 0.01252529 1.0124e+00 -4.767e+01 0.1269458 0.000 0.0704607 0.0564852 
-0.00376479 0.01302298 1.0155e+00 -4.768e+01 0.1269490 0.000 0.0705430 0.0564060 
-0.00376479 0.01352067 1.0192e+00 -4.762e+01 0.1269367 0.000 0.0704983 0.0564384 
-0.00376479 0.01401837 1.0230e+00 -4.756e+01 0.1269408 0.000 0.0703738 0.0565670 
-0.00202286 0.00555758 1.0199e+00 -4.772e+01 0.1269338 0.000 0.0705200 0.0564139 
-0.00202286 0.00605527 1.0227e+00 -4.770e+01 0.1269476 0.000 0.0704924 0.0564552 
-0.00202286 0.00655296 1.0255e+00 -4.772e+01 0.1269312 0.000 0.0705631 0.0563679 
-0.00202286 0.00705066 1.0287e+00 -4.770e+01 0.1269431 0.000 0.0706076 0.0563354 
-0.00202286 0.00754835 1.0325e+00 -4.766e+01 0.1269289 0.000 0.0705216 0.0564073 
-0.00202286 0.00804604 1.0360e+00 -4.769e+01 0.1269252 0.000 0.0705615 0.0563636 
-0.00202286 0.00854374 1.0398e+00 -4.769e+01 0.1269331 0.000 0.0705310 0.0564021 
-0.00202286 0.00904143 1.0440e+00 -4.766e+01 0.1269321 0.000 0.0705522 0.0563798 
-0.00388921 0.00207372 1.0119e+00 -4.758e+01 0.1269493 0.000 0.0704229 0.0565263 
-0.00388921 0.00257142 1.0092e+00 -4.753e+01 0.1269382 0.000 0.0703242 0.0566139 
-0.00388921 0.00306911 1.0061e+00 -4.758e+01 0.1269314 0.000 0.0704361 0.0564952 
-0.00388921 0.00356680 1.0034e+00 -4.760e+01 0.1269412 0.000 0.0704614 0.0564799 
-0.00388921 0.00406450 1.0011e+00 -4.761e+01 0.1269397 0.000 0.0705068 0.0564330 
-0.00388921 0.00456219 9.9964e-01 -4.752e+01 0.1269259 0.000 0.0703893 0.0565367 
-0.00388921 0.00505988 9.9786e-01 -4.753e+01 0.1269359 0.000 0.0703989 0.0565368 
-0.00388921 0.00555758 9.9612e-01 -4.759e+01 0.1269470 0.000 0.0704386 0.0565085 
-0.00388921 0.00605527 9.9495e-01 -4.761e+01 0.1269409 0.000 0.0704024 0.0565384 
-0.00388921 0.00655296 9.9395e-01 -4.765e+01 0.1269451 0.000 0.0703807 0.0565645 
-0.00388921 0.00705066 9.9265e-01 -4.779e+01 0.1269449 0.000 0.0705961 0.0563488 
-0.00388921 0.00754835 9.9269e-01 -4.777e+01 0.1269374 0.000 0.0705175 0.0564199 
-0.00388921 0.00804604 9.9265e-01 -4.781e+01 0.1269363 0.000 0.0706163 0.0563200 
-0.00388921 0.00854374 9.9371e-01 -4.775e+01 0.1269422 0.000 0.0705054 0.0564368 
-0.00388921 0.00904143 9.9483e-01 -4.771e+01 0.1269416 0.000 0.0705117 0.0564300 
-0.00388921 0.00953912 9.9641e-01 -4.766e+01 0.1269388 0.000 0.0704481 0.0564908 
-0.00388921 0.01003682 9.9814e-01 -4.763e+01 0.1269439 0.000 0.0704248 0.0565190 
-0.00388921 0.01053451 1.0002e+00 -4.759e+01 0.1269343 0.000 0.0703614 0.0565728 
-0.00388921 0.01103221 1.0019e+00 -4.767e+01 0.1269474 0.000 0.0704747 0.0564728 
-0.00388921 0.01152990 1.0041e+00 -4.769e+01 0.1269342 0.000 0.0705361 0.0563982 
-0.00388921 0.01202759 1.0071e+00 -4.763e+01 0.1269291 0.000 0.0703653 0.0565639 
-0.00388921 0.01252529 1.0100e+00 -4.763e+01 0.1269374 0.000 0.0703250 0.0566125 
-0.00388921 0.01302298 1.0131e+00 -4.762e+01 0.1269404 0.000 0.0703217 0.0566187 
-0.00388921 0.01352067 1.0166e+00 -4.757e+01 0.1269306 0.000 0.0703279 0.0566027 
-0.00388921 0.01401837 1.0194e+00 -4.765e+01 0.1269316 0.000 0.0705029 0.0564287 
-0.00401364 0.00207372 1.0142e+00 -4.760e+01 0.1269370 0.000 0.0705440 0.0563931 
-0.00401364 0.00257142 1.0112e+00 -4.756e+01 0.1269245 0.000 0.0704120 0.0565125 
-0.00401364 0.00306911 1.0083e+00 -4.754e+01 0.1269315 0.000 0.0703441 0.0565872 
-0.00401364 0.00356680 1.0050e+00 -4.764e+01 0.1269478 0.000 0.0704909 0.0564569 
-0.00401364 0.00406450 1.0030e+00 -4.756e+01 0.1269370 0.000 0.0703518 0.0565853 
-0.00401364 0.00456219 1.0009e+00 -4.754e+01 0.1269334 0.000 0.0703726 0.0565608 
-0.00401364 0.00505988 9.9875e-01 -4.757e+01 0.1269461 0.000 0.0704386 0.0565074 
-0.00401364 0.00555758 9.9719e-01 -4.756e+01 0.1269381 0.000 0.0704084 0.0565296 
-0.00401364 0.00605527 9.9529e-01 -4.766e+01 0.1269574 0.000 0.0705007 0.0564569 
-0.00401364 0.00655296 9.9446e-01 -4.763e+01 0.1269521 0.000 0.0703673 0.0565846 
-0.00401364 0.00705066 9.9339e-01 -4.770e+01 0.1269500 0.000 0.0704189 0.0565311 
-0.00401364 0.00754835 9.9217e-01 -4.783e+01 0.1269305 0.000 0.0706478 0.0562824 
-0.00401364 0.00804604 9.9212e-01 -4.784e+01 0.1269528 0.000 0.0706177 0.0563350 
-0.00401364 0.00854374 9.9328e-01 -4.771e+01 0.1269381 0.000 0.0704157 0.0565222 
-0.00401364 0.00904143 9.9414e-01 -4.768e+01 0.1269290 0.000 0.0704137 0.0565152 
-0.00401364 0.00953912 9.9480e-01 -4.773e+01 0.1269417 0.000 0.0705312 0.0564106 
-0.00401364 0.01003682 9.9646e-01 -4.768e+01 0.1269469 0.000 0.0704637 0.0564832 
-0.00401364 0.01053451 9.9813e-01 -4.767e+01 0.1269367 0.000 0.0705084 0.0564282 
-0.00401364 0.01103221 1.0002e+00 -4.764e+01 0.1269464 0.000 0.0703998 0.0565465 
-0.00401364 0.01152990 1.0020e+00 -4.770e+01 0.1269450 0.000 0.0704861 0.0564588 
-0.00401364 0.01202759 1.0049e+00 -4.764e+01 0.1269294 0.000 0.0703375 0.0565919 
-0.00401364 0.01252529 1.0069e+00 -4.773e+01 0.1269348 0.000 0.0705396 0.0563951 
-0.00401364 0.01302298 1.0104e+00 -4.764e+01 0.1269289 0.000 0.0703142 0.0566146 
-0.00401364 0.01352067 1.0130e+00 -4.770e+01 0.1269374 0.000 0.0704835 0.0564540 
-0.00401364 0.01401837 1.0161e+00 -4.772e+01 0.1269321 0.000 0.0705741 0.0563580 
-0.00413806 0.00207372 1.0172e+00 -4.755e+01 0.1269599 0.000 0.0704167 0.0565430 
-0.00413806 0.00257142 1.0137e+00 -4.757e+01 0.1269394 0.000 0.0704299 0.0565093 
-0.00413806 0.00306911 1.0103e+00 -4.760e+01 0.1269259 0.000 0.0704292 0.0564967 
-0.00413806 0.00356680 1.0074e+00 -4.759e+01 0.1269340 0.000 0.0703364 0.0565974 
-0.00413806 0.00406450 1.0047e+00 -4.759e+01 0.1269348 0.000 0.0703314 0.0566033 
-0.00413806 0.00456219 1.0019e+00 -4.764e+01 0.1269441 0.000 0.0704623 0.0564817 
-0.00413806 0.00505988 1.0000e+00 -4.760e+01 0.1269424 0.000 0.0704427 0.0564998 
-0.00413806 0.00555758 9.9824e-01 -4.759e+01 0.1269324 0.000 0.0704038 0.0565286 
-0.00413806 0.00605527 9.9619e-01 -4.766e+01 0.1269445 0.000 0.0705178 0.0564267 
-0.00413806 0.00655296 9.9509e-01 -4.764e+01 0.1269400 0.000 0.0704194 0.0565205 
-0.00413806 0.00705066 9.9376e-01 -4.771e+01 0.1269541 0.000 0.0704473 0.0565067 
-0.00413806 0.00754835 9.9306e-01 -4.773e+01 0.1269400 0.000 0.0704365 0.0565033 
-0.00413806 0.00804604 9.9246e-01 -4.778e+01 0.1269586 0.000 0.0704639 0.0564946 
-0.00413806 0.00854374 9.9191e-01 -4.788e+01 0.1269459 0.000 0.0706510 0.0562948 
-0.00413806 0.00904143 9.9327e-01 -4.774e+01 0.1269454 0.000 0.0704079 0.0565373 
-0.00413806 0.00953912 9.9418e-01 -4.771e+01 0.1269481 0.000 0.0704231 0.0565250 
-0.00413806 0.01003682 9.9509e-01 -4.774e+01 0.1269441 0.000 0.0705100 0.0564339 
-0.00413806 0.01053451 9.9644e-01 -4.773e+01 0.1269476 0.000 0.0705343 0.0564132 
-0.00413806 0.01103221 9.9830e-01 -4.771e+01 0.1269518 0.000 0.0705119 0.0564399 
-0.00413806 0.01152990 1.0006e+00 -4.766e+01 0.1269471 0.000 0.0703964 0.0565507 
-0.00413806 0.01202759 1.0030e+00 -4.764e+01 0.1269187 0.000 0.0703327 0.0565860 
-0.00413806 0.01252529 1.0048e+00 -4.774e+01 0.1269379 0.000 0.0704948 0.0564432 
-0.00413806 0.01302298 1.0073e+00 -4.776e+01 0.1269378 0.000 0.0705406 0.0563973 
-0.00413806 0.01352067 1.0109e+00 -4.765e+01 0.1269279 0.000 0.0703263 0.0566016 
-0.00413806 0.01401837 1.0136e+00 -4.770e+01 0.1269349 0.000 0.0704869 0.0564478 
-0.00426248 0.00207372 1.0201e+00 -4.757e+01 0.1269768 0.000 0.0704378 0.0565390 
-0.00426248 0.00257142 1.0166e+00 -4.755e+01 0.1269616 0.000 0.0703035 0.0566581 
-0.00426248 0.00306911 1.0129e+00 -4.760e+01 0.1269334 0.000 0.0704232 0.0565101 
-0.00426248 0.00356680 1.0098e+00 -4.760e+01 0.1269267 0.000 0.0703535 0.0565732 
-0.00426248 0.00406450 1.0066e+00 -4.764e+01 0.1269322 0.000 0.0703679 0.0565643 
-0.00202286 0.00953912 1.0484e+00 -4.763e+01 0.1269402 0.000 0.0705503 0.0563897 
-0.00202286 0.01003682 1.0531e+00 -4.757e+01 0.1269288 0.000 0.0705353 0.0563935 
-0.00202286 0.01053451 1.0577e+00 -4.754e+01 0.1269335 0.000 0.0705483 0.0563853 
-0.00202286 0.01103221 1.0625e+00 -4.750e+01 0.1269369 0.000 0.0704954 0.0564414 
-0.00202286 0.01152990 1.0675e+00 -4.744e+01 0.1269637 0.000 0.0703356 0.0566281 
-0.00202286 0.01202759 1.0721e+00 -4.744e+01 0.1269684 0.000 0.0703521 0.0566162 
-0.00202286 0.01252529 1.0768e+00 -4.743e+01 0.1269587 0.000 0.0703644 0.0565944 
-0.00202286 0.01302298 1.0818e+00 -4.738e+01 0.1269613 0.000 0.0703203 0.0566410 
-0.00426248 0.00456219 1.0037e+00 -4.768e+01 0.1269367 0.000 0.0704430 0.0564936 
-0.00426248 0.00505988 1.0015e+00 -4.765e+01 0.1269232 0.000 0.0704606 0.0564628 
-0.00426248 0.00555758 9.9964e-01 -4.761e+01 0.1269374 0.000 0.0703706 0.0565667 
-0.00426248 0.00605527 9.9742e-01 -4.768e+01 0.1269314 0.000 0.0704982 0.0564332 
-0.00426248 0.00655296 9.9604e-01 -4.766e+01 0.1269443 0.000 0.0704184 0.0565259 
-0.00426248 0.00705066 9.9456e-01 -4.771e+01 0.1269501 0.000 0.0704413 0.0565088 
-0.00426248 0.00754835 9.9304e-01 -4.782e+01 0.1269384 0.000 0.0705463 0.0563919 
-0.00426248 0.00804604 9.9264e-01 -4.780e+01 0.1269436 0.000 0.0704674 0.0564762 
-0.00426248 0.00854374 9.9225e-01 -4.783e+01 0.1269612 0.000 0.0704982 0.0564630 
-0.00426248 0.00904143 9.9232e-01 -4.785e+01 0.1269412 0.000 0.0705438 0.0563973 
-0.00426248 0.00953912 9.9345e-01 -4.775e+01 0.1269409 0.000 0.0704175 0.0565233 
-0.00426248 0.01003682 9.9405e-01 -4.778e+01 0.1269383 0.000 0.0705395 0.0563988 
-0.00426248 0.01053451 9.9536e-01 -4.776e+01 0.1269328 0.000 0.0705416 0.0563912 
-0.00426248 0.01103221 9.9693e-01 -4.773e+01 0.1269471 0.000 0.0705253 0.0564216 
-0.00426248 0.01152990 9.9892e-01 -4.769e+01 0.1269312 0.000 0.0704614 0.0564696 
-0.00426248 0.01202759 1.0010e+00 -4.768e+01 0.1269404 0.000 0.0703847 0.0565556 
-0.00426248 0.01252529 1.0033e+00 -4.767e+01 0.1269256 0.000 0.0703625 0.0565631 
-0.00426248 0.01302298 1.0059e+00 -4.767e+01 0.1269340 0.000 0.0702956 0.0566383 
-0.00426248 0.01352067 1.0086e+00 -4.767e+01 0.1269412 0.000 0.0703204 0.0566208 
-0.00426248 0.01401837 1.0112e+00 -4.771e+01 0.1269270 0.000 0.0704610 0.0564659 
-0.00438691 0.00207372 1.0238e+00 -4.750e+01 0.1269597 0.000 0.0703202 0.0566397 
-0.00438691 0.00257142 1.0196e+00 -4.757e+01 0.1269719 0.000 0.0704191 0.0565527 
-0.00438691 0.00306911 1.0160e+00 -4.758e+01 0.1269398 0.000 0.0703750 0.0565647 
-0.00438691 0.00356680 1.0121e+00 -4.766e+01 0.1269385 0.000 0.0704865 0.0564521 
-0.00438691 0.00406450 1.0088e+00 -4.770e+01 0.1269255 0.000 0.0705225 0.0564029 
-0.00438691 0.00456219 1.0061e+00 -4.767e+01 0.1269200 0.000 0.0704380 0.0564820 
-0.00438691 0.00505988 1.0031e+00 -4.772e+01 0.1269384 0.000 0.0705524 0.0563860 
-0.00438691 0.00555758 1.0010e+00 -4.769e+01 0.1269348 0.000 0.0704790 0.0564559 
-0.00438691 0.00605527 9.9894e-01 -4.770e+01 0.1269417 0.000 0.0704821 0.0564596 
-0.00438691 0.00655296 9.9735e-01 -4.767e+01 0.1269366 0.000 0.0704267 0.0565099 
-0.00438691 0.00705066 9.9576e-01 -4.769e+01 0.1269425 0.000 0.0704227 0.0565200 
-0.00438691 0.00754835 9.9443e-01 -4.774e+01 0.1269506 0.000 0.0704322 0.0565183 
-0.00438691 0.00804604 9.9272e-01 -4.789e+01 0.1269381 0.000 0.0706635 0.0562747 
-0.00438691 0.00854374 9.9259e-01 -4.784e+01 0.1269533 0.000 0.0704986 0.0564547 
-0.00438691 0.00904143 9.9269e-01 -4.781e+01 0.1269371 0.000 0.0704712 0.0564658 
-0.00438691 0.00953912 9.9312e-01 -4.778e+01 0.1269418 0.000 0.0704260 0.0565158 
-0.00438691 0.01003682 9.9316e-01 -4.786e+01 0.1269366 0.000 0.0706588 0.0562776 
-0.00438691 0.01053451 9.9481e-01 -4.774e+01 0.1269515 0.000 0.0704639 0.0564875 
-0.00438691 0.01103221 9.9621e-01 -4.771e+01 0.1269430 0.000 0.0704352 0.0565078 
-0.00438691 0.01152990 9.9776e-01 -4.770e+01 0.1269367 0.000 0.0704569 0.0564798 
-0.00438691 0.01202759 9.9964e-01 -4.769e+01 0.1269307 0.000 0.0704202 0.0565105 
-0.00438691 0.01252529 1.0014e+00 -4.774e+01 0.1269430 0.000 0.0704763 0.0564668 
-0.00438691 0.01302298 1.0041e+00 -4.767e+01 0.1269252 0.000 0.0703593 0.0565660 
-0.00438691 0.01352067 1.0062e+00 -4.775e+01 0.1269482 0.000 0.0704545 0.0564937 
-0.00438691 0.01401837 1.0094e+00 -4.766e+01 0.1269262 0.000 0.0703195 0.0566068 
-0.00451133 0.00207372 1.0275e+00 -4.747e+01 0.1269668 0.000 0.0703699 0.0565969 
-0.00451133 0.00257142 1.0233e+00 -4.751e+01 0.1269664 0.000 0.0703914 0.0565750 
-0.00451133 0.00306911 1.0195e+00 -4.753e+01 0.1269698 0.000 0.0703078 0.0566619 
-0.00451133 0.00356680 1.0159e+00 -4.755e+01 0.1269361 0.000 0.0703047 0.0566313 
-0.00451133 0.00406450 1.0119e+00 -4.765e+01 0.1269325 0.000 0.0704105 0.0565219 
-0.00451133 0.00456219 1.0089e+00 -4.764e+01 0.1269266 0.000 0.0703730 0.0565536 
-0.00451133 0.00505988 1.0061e+00 -4.764e+01 0.1269329 0.000 0.0703768 0.0565561 
-0.00451133 0.00555758 1.0035e+00 -4.763e+01 0.1269355 0.000 0.0703947 0.0565410 
-0.00451133 0.00605527 1.0014e+00 -4.762e+01 0.1269309 0.000 0.0703411 0.0565898 
-0.00451133 0.00655296 9.9878e-01 -4.771e+01 0.1269495 0.000 0.0704907 0.0564589 
-0.00451133 0.00705066 9.9721e-01 -4.770e+01 0.1269523 0.000 0.0704277 0.0565246 
-0.00451133 0.00754835 9.9580e-01 -4.771e+01 0.1269391 0.000 0.0704255 0.0565137 
-0.00451133 0.00804604 9.9450e-01 -4.775e+01 0.1269442 0.000 0.0704454 0.0564989 
-0.00451133 0.00854374 9.9361e-01 -4.779e+01 0.1269363 0.000 0.0704612 0.0564751 
-0.00451133 0.00904143 9.9303e-01 -4.782e+01 0.1269341 0.000 0.0704926 0.0564416 
-0.00451133 0.00953912 9.9323e-01 -4.779e+01 0.1269365 0.000 0.0704414 0.0564951 
-0.00451133 0.01003682 9.9299e-01 -4.788e+01 0.1269482 0.000 0.0706381 0.0563102 
-0.00451133 0.01053451 9.9464e-01 -4.772e+01 0.1269382 0.000 0.0704049 0.0565333 
-0.00451133 0.01103221 9.9518e-01 -4.779e+01 0.1269442 0.000 0.0705638 0.0563805 
-0.00451133 0.01152990 9.9694e-01 -4.771e+01 0.1269477 0.000 0.0704393 0.0565085 
-0.00451133 0.01202759 9.9850e-01 -4.770e+01 0.1269409 0.000 0.0704644 0.0564764 
-0.00451133 0.01252529 1.0004e+00 -4.769e+01 0.1269344 0.000 0.0703925 0.0565417 
-0.00451133 0.01302298 1.0024e+00 -4.771e+01 0.1269329 0.000 0.0703877 0.0565453 
-0.00451133 0.01352067 1.0048e+00 -4.770e+01 0.1269435 0.000 0.0703754 0.0565682 
-0.00451133 0.01401837 1.0074e+00 -4.769e+01 0.1269296 0.000 0.0703708 0.0565587 
-0.00463575 0.00207372 1.0316e+00 -4.742e+01 0.1269630 0.000 0.0703247 0.0566383 
-0.00463575 0.00257142 1.0273e+00 -4.747e+01 0.1269607 0.000 0.0703567 0.0566040 
-0.00463575 0.00306911 1.0231e+00 -4.753e+01 0.1269625 0.000 0.0704252 0.0565371 
-0.00463575 0.00356680 1.0193e+00 -4.754e+01 0.1269584 0.000 0.0703267 0.0566315 
-0.00463575 0.00406450 1.0156e+00 -4.757e+01 0.1269377 0.000 0.0703058 0.0566319 
-0.00463575 0.00456219 1.0120e+00 -4.761e+01 0.1269326 0.000 0.0703534 0.0565791 
-0.00463575 0.00505988 1.0088e+00 -4.764e+01 0.1269367 0.000 0.0703650 0.0565716 
-0.00463575 0.00555758 1.0060e+00 -4.763e+01 0.1269373 0.000 0.0703930 0.0565442 
-0.00463575 0.00605527 1.0034e+00 -4.766e+01 0.1269400 0.000 0.0704536 0.0564866 
-0.00463575 0.00655296 1.0007e+00 -4.773e+01 0.1269365 0.000 0.0705604 0.0563761 
-0.00202286 0.01352067 1.0866e+00 -4.734e+01 0.1269719 0.000 0.0703274 0.0566445 
-0.00202286 0.01401837 1.0916e+00 -4.727e+01 0.1269591 0.000 0.0702980 0.0566610 
-0.00214728 0.00207372 1.0075e+00 -4.783e+01 0.1269325 0.000 0.0705865 0.0563460 
-0.00214728 0.00257142 1.0079e+00 -4.780e+01 0.1269392 0.000 0.0704870 0.0564521 
-0.00214728 0.00306911 1.0080e+00 -4.785e+01 0.1269306 0.000 0.0705904 0.0563401 
-0.00214728 0.00356680 1.0094e+00 -4.777e+01 0.1269305 0.000 0.0704620 0.0564686 
-0.00214728 0.00406450 1.0108e+00 -4.772e+01 0.1269154 0.000 0.0704279 0.0564873 
-0.00214728 0.00456219 1.0118e+00 -4.781e+01 0.1269266 0.000 0.0706090 0.0563177 
-0.00463575 0.00705066 9.9879e-01 -4.773e+01 0.1269451 0.000 0.0705303 0.0564148 
-0.00463575 0.00754835 9.9751e-01 -4.768e+01 0.1269288 0.000 0.0704117 0.0565171 
-0.00463575 0.00804604 9.9599e-01 -4.772e+01 0.1269446 0.000 0.0703943 0.0565503 
-0.00463575 0.00854374 9.9486e-01 -4.775e+01 0.1269442 0.000 0.0703878 0.0565564 
-0.00463575 0.00904143 9.9390e-01 -4.781e+01 0.1269469 0.000 0.0704611 0.0564859 
-0.00463575 0.00953912 9.9346e-01 -4.784e+01 0.1269508 0.000 0.0704895 0.0564611 
-0.00463575 0.01003682 9.9384e-01 -4.779e+01 0.1269424 0.000 0.0704523 0.0564902 
-0.00463575 0.01053451 9.9447e-01 -4.775e+01 0.1269434 0.000 0.0704198 0.0565237 
-0.00463575 0.01103221 9.9527e-01 -4.773e+01 0.1269491 0.000 0.0704317 0.0565176 
-0.00463575 0.01152990 9.9598e-01 -4.778e+01 0.1269562 0.000 0.0705595 0.0563967 
-0.00463575 0.01202759 9.9776e-01 -4.771e+01 0.1269469 0.000 0.0704451 0.0565017 
-0.00463575 0.01252529 9.9935e-01 -4.772e+01 0.1269428 0.000 0.0704135 0.0565294 
-0.00463575 0.01302298 1.0014e+00 -4.770e+01 0.1269339 0.000 0.0703557 0.0565781 
-0.00463575 0.01352067 1.0034e+00 -4.772e+01 0.1269325 0.000 0.0704167 0.0565158 
-0.00463575 0.01401837 1.0059e+00 -4.769e+01 0.1269259 0.000 0.0703618 0.0565641 
-0.00476018 0.00207372 1.0354e+00 -4.747e+01 0.1269581 0.000 0.0705338 0.0564243 
-0.00476018 0.00257142 1.0311e+00 -4.748e+01 0.1269716 0.000 0.0704423 0.0565291 
-0.00476018 0.00306911 1.0269e+00 -4.752e+01 0.1269684 0.000 0.0704690 0.0564995 
-0.00476018 0.00356680 1.0231e+00 -4.751e+01 0.1269666 0.000 0.0703123 0.0566543 
-0.00476018 0.00406450 1.0186e+00 -4.764e+01 0.1269690 0.000 0.0705010 0.0564679 
-0.00476018 0.00456219 1.0151e+00 -4.764e+01 0.1269509 0.000 0.0704259 0.0565250 
-0.00476018 0.00505988 1.0120e+00 -4.761e+01 0.1269274 0.000 0.0703406 0.0565869 
-0.00476018 0.00555758 1.0086e+00 -4.766e+01 0.1269309 0.000 0.0704546 0.0564763 
-0.00476018 0.00605527 1.0063e+00 -4.761e+01 0.1269391 0.000 0.0703724 0.0565667 
-0.00476018 0.00655296 1.0037e+00 -4.762e+01 0.1269428 0.000 0.0703921 0.0565508 
-0.00476018 0.00705066 1.0011e+00 -4.769e+01 0.1269494 0.000 0.0704897 0.0564598 
-0.00476018 0.00754835 9.9909e-01 -4.773e+01 0.1269394 0.000 0.0704909 0.0564484 
-0.00476018 0.00804604 9.9735e-01 -4.776e+01 0.1269271 0.000 0.0705276 0.0563996 
-0.00476018 0.00854374 9.9611e-01 -4.777e+01 0.1269489 0.000 0.0704666 0.0564826 
-0.00476018 0.00904143 9.9512e-01 -4.779e+01 0.1269476 0.000 0.0704299 0.0565177 
-0.00476018 0.00953912 9.9394e-01 -4.790e+01 0.1269521 0.000 0.0705825 0.0563696 
-0.00476018 0.01003682 9.9410e-01 -4.784e+01 0.1269430 0.000 0.0705207 0.0564223 
-0.00476018 0.01053451 9.9485e-01 -4.775e+01 0.1269361 0.000 0.0704246 0.0565115 
-0.00476018 0.01103221 9.9551e-01 -4.772e+01 0.1269324 0.000 0.0704051 0.0565272 
-0.00476018 0.01152990 9.9612e-01 -4.774e+01 0.1269530 0.000 0.0704653 0.0564878 
-0.00476018 0.01202759 9.9711e-01 -4.775e+01 0.1269513 0.000 0.0705089 0.0564423 
-0.00476018 0.01252529 9.9867e-01 -4.773e+01 0.1269280 0.000 0.0704883 0.0564397 
-0.00476018 0.01302298 1.0005e+00 -4.770e+01 0.1269304 0.000 0.0704221 0.0565082 
-0.00476018 0.01352067 1.0020e+00 -4.777e+01 0.1269372 0.000 0.0705122 0.0564250 
-0.00476018 0.01401837 1.0046e+00 -4.770e+01 0.1269438 0.000 0.0703795 0.0565643 
-0.00488460 0.00207372 1.0401e+00 -4.740e+01 0.1269620 0.000 0.0704070 0.0565549 
-0.00488460 0.00257142 1.0357e+00 -4.743e+01 0.1269540 0.000 0.0704316 0.0565225 
-0.00488460 0.00306911 1.0311e+00 -4.748e+01 0.1269577 0.000 0.0704833 0.0564745 
-0.00488460 0.00356680 1.0272e+00 -4.746e+01 0.1269620 0.000 0.0703297 0.0566321 
-0.00488460 0.00406450 1.0230e+00 -4.752e+01 0.1269623 0.000 0.0703539 0.0566083 
-0.00488460 0.00456219 1.0189e+00 -4.760e+01 0.1269674 0.000 0.0703661 0.0566013 
-0.00488460 0.00505988 1.0148e+00 -4.771e+01 0.1269399 0.000 0.0705763 0.0563637 
-0.00488460 0.00555758 1.0116e+00 -4.770e+01 0.1269395 0.000 0.0705508 0.0563886 
-0.00488460 0.00605527 1.0093e+00 -4.759e+01 0.1269366 0.000 0.0703456 0.0565910 
-0.00488460 0.00655296 1.0066e+00 -4.758e+01 0.1269275 0.000 0.0703518 0.0565758 
-0.00488460 0.00705066 1.0038e+00 -4.764e+01 0.1269307 0.000 0.0704339 0.0564967 
-0.00488460 0.00754835 1.0017e+00 -4.766e+01 0.1269331 0.000 0.0703890 0.0565441 
-0.00488460 0.00804604 9.9974e-01 -4.769e+01 0.1269399 0.000 0.0704111 0.0565287 
-0.00488460 0.00854374 9.9807e-01 -4.773e+01 0.1269307 0.000 0.0704467 0.0564840 
-0.00488460 0.00904143 9.9653e-01 -4.780e+01 0.1269325 0.000 0.0704985 0.0564341 
-0.00488460 0.00953912 9.9578e-01 -4.780e+01 0.1269382 0.000 0.0704305 0.0565077 
-0.00488460 0.01003682 9.9475e-01 -4.789e+01 0.1269369 0.000 0.0705748 0.0563622 
-0.00488460 0.01053451 9.9478e-01 -4.786e+01 0.1269423 0.000 0.0705905 0.0563519 
-0.00488460 0.01103221 9.9579e-01 -4.774e+01 0.1269460 0.000 0.0704098 0.0565364 
-0.00488460 0.01152990 9.9636e-01 -4.773e+01 0.1269466 0.000 0.0704556 0.0564909 
-0.00488460 0.01202759 9.9715e-01 -4.774e+01 0.1269516 0.000 0.0704704 0.0564811 
-0.00488460 0.01252529 9.9823e-01 -4.774e+01 0.1269310 0.000 0.0705221 0.0564088 
-0.00488460 0.01302298 1.0001e+00 -4.768e+01 0.1269376 0.000 0.0703661 0.0565715 
-0.00488460 0.01352067 1.0013e+00 -4.775e+01 0.1269288 0.000 0.0704896 0.0564392 
-0.00488460 0.01401837 1.0032e+00 -4.776e+01 0.1269304 0.000 0.0705020 0.0564284 
-0.00500902 0.00207372 1.0449e+00 -4.735e+01 0.1269692 0.000 0.0703077 0.0566614 
-0.00500902 0.00257142 1.0403e+00 -4.739e+01 0.1269585 0.000 0.0703577 0.0566008 
-0.00500902 0.00306911 1.0356e+00 -4.745e+01 0.1269651 0.000 0.0704198 0.0565454 
-0.00500902 0.00356680 1.0312e+00 -4.748e+01 0.1269601 0.000 0.0704442 0.0565161 
-0.00500902 0.00406450 1.0272e+00 -4.749e+01 0.1269589 0.000 0.0703548 0.0566040 
-0.00500902 0.00456219 1.0230e+00 -4.754e+01 0.1269662 0.000 0.0703099 0.0566562 
-0.00500902 0.00505988 1.0189e+00 -4.762e+01 0.1269694 0.000 0.0703253 0.0566442 
-0.00500902 0.00555758 1.0155e+00 -4.762e+01 0.1269307 0.000 0.0703559 0.0565749 
-0.00500902 0.00605527 1.0124e+00 -4.761e+01 0.1269344 0.000 0.0703605 0.0565740 
-0.00500902 0.00655296 1.0095e+00 -4.760e+01 0.1269361 0.000 0.0703712 0.0565648 
-0.00500902 0.00705066 1.0068e+00 -4.760e+01 0.1269359 0.000 0.0703628 0.0565730 
-0.00500902 0.00754835 1.0041e+00 -4.768e+01 0.1269290 0.000 0.0704882 0.0564409 
-0.00500902 0.00804604 1.0021e+00 -4.767e+01 0.1269377 0.000 0.0704005 0.0565372 
-0.00500902 0.00854374 1.0001e+00 -4.772e+01 0.1269465 0.000 0.0704273 0.0565193 
-0.00500902 0.00904143 9.9817e-01 -4.781e+01 0.1269414 0.000 0.0705545 0.0563870 
-0.00214728 0.00505988 1.0144e+00 -4.768e+01 0.1269216 0.000 0.0704297 0.0564920 
-0.00214728 0.00555758 1.0165e+00 -4.768e+01 0.1269283 0.000 0.0704356 0.0564929 
-0.00214728 0.00605527 1.0190e+00 -4.767e+01 0.1269350 0.000 0.0704366 0.0564985 
-0.00214728 0.00655296 1.0219e+00 -4.763e+01 0.1269180 0.000 0.0704274 0.0564906 
-0.00214728 0.00705066 1.0245e+00 -4.769e+01 0.1269291 0.000 0.0705601 0.0563689 
-0.00214728 0.00754835 1.0281e+00 -4.762e+01 0.1269259 0.000 0.0704784 0.0564475 
-0.00214728 0.00804604 1.0312e+00 -4.768e+01 0.1269262 0.000 0.0705395 0.0563866 
-0.00214728 0.00854374 1.0353e+00 -4.763e+01 0.1269200 0.000 0.0704283 0.0564918 
-0.00500902 0.00953912 9.9726e-01 -4.780e+01 0.1269550 0.000 0.0704638 0.0564911 
-0.00500902 0.01003682 9.9614e-01 -4.787e+01 0.1269413 0.000 0.0704920 0.0564491 
-0.00500902 0.01053451 9.9615e-01 -4.781e+01 0.1269432 0.000 0.0704274 0.0565157 
-0.00500902 0.01103221 9.9644e-01 -4.775e+01 0.1269465 0.000 0.0703971 0.0565492 
-0.00500902 0.01152990 9.9649e-01 -4.779e+01 0.1269413 0.000 0.0705094 0.0564319 
-0.00500902 0.01202759 9.9750e-01 -4.773e+01 0.1269405 0.000 0.0704374 0.0565032 
-0.00500902 0.01252529 9.9819e-01 -4.776e+01 0.1269391 0.000 0.0705153 0.0564237 
-0.00500902 0.01302298 9.9989e-01 -4.768e+01 0.1269299 0.000 0.0703656 0.0565643 
-0.00500902 0.01352067 1.0008e+00 -4.777e+01 0.1269400 0.000 0.0705019 0.0564381 
-0.00500902 0.01401837 1.0031e+00 -4.768e+01 0.1269174 0.000 0.0703709 0.0565465 
-0.00513345 0.00207372 1.0495e+00 -4.737e+01 0.1269659 0.000 0.0704039 0.0565619 
-0.00513345 0.00257142 1.0448e+00 -4.741e+01 0.1269742 0.000 0.0704160 0.0565582 
-0.00513345 0.00306911 1.0402e+00 -4.743e+01 0.1269593 0.000 0.0704013 0.0565580 
-0.00513345 0.00356680 1.0358e+00 -4.744e+01 0.1269725 0.000 0.0703302 0.0566423 
-0.00513345 0.00406450 1.0313e+00 -4.749e+01 0.1269805 0.000 0.0703843 0.0565962 
-0.00513345 0.00456219 1.0270e+00 -4.755e+01 0.1269553 0.000 0.0704118 0.0565435 
-0.00513345 0.00505988 1.0229e+00 -4.760e+01 0.1269728 0.000 0.0703479 0.0566248 
-0.00513345 0.00555758 1.0186e+00 -4.771e+01 0.1269637 0.000 0.0704743 0.0564893 
-0.00513345 0.00605527 1.0157e+00 -4.763e+01 0.1269456 0.000 0.0703624 0.0565832 
-0.00513345 0.00655296 1.0127e+00 -4.761e+01 0.1269353 0.000 0.0703741 0.0565612 
-0.00513345 0.00705066 1.0095e+00 -4.766e+01 0.1269344 0.000 0.0704505 0.0564838 
-0.00513345 0.00754835 1.0070e+00 -4.765e+01 0.1269356 0.000 0.0704021 0.0565335 
-0.00513345 0.00804604 1.0047e+00 -4.767e+01 0.1269243 0.000 0.0703918 0.0565326 
-0.00513345 0.00854374 1.0023e+00 -4.773e+01 0.1269368 0.000 0.0704704 0.0564663 
-0.00513345 0.00904143 1.0004e+00 -4.779e+01 0.1269418 0.000 0.0705073 0.0564346 
-0.00513345 0.00953912 9.9931e-01 -4.776e+01 0.1269283 0.000 0.0704155 0.0565128 
-0.00513345 0.01003682 9.9776e-01 -4.786e+01 0.1269361 0.000 0.0705102 0.0564260 
-0.00513345 0.01053451 9.9709e-01 -4.787e+01 0.1269275 0.000 0.0705268 0.0564008 
-0.00513345 0.01103221 9.9689e-01 -4.785e+01 0.1269277 0.000 0.0705657 0.0563620 
-0.00513345 0.01152990 9.9724e-01 -4.780e+01 0.1269312 0.000 0.0705147 0.0564165 
-0.00513345 0.01202759 9.9766e-01 -4.780e+01 0.1269324 0.000 0.0705352 0.0563973 
-0.00513345 0.01252529 9.9831e-01 -4.779e+01 0.1269328 0.000 0.0705494 0.0563835 
-0.00513345 0.01302298 9.9937e-01 -4.778e+01 0.1269467 0.000 0.0705044 0.0564423 
-0.00513345 0.01352067 1.0007e+00 -4.777e+01 0.1269417 0.000 0.0704783 0.0564635 
-0.00513345 0.01401837 1.0017e+00 -4.785e+01 0.1269310 0.000 0.0706093 0.0563219 
-0.00525787 0.00207372 1.0546e+00 -4.735e+01 0.1269557 0.000 0.0703877 0.0565681 
-0.00525787 0.00257142 1.0496e+00 -4.740e+01 0.1269594 0.000 0.0704386 0.0565208 
-0.00525787 0.00306911 1.0451e+00 -4.740e+01 0.1269553 0.000 0.0703496 0.0566059 
-0.00525787 0.00356680 1.0399e+00 -4.752e+01 0.1269654 0.000 0.0705501 0.0564153 
-0.00525787 0.00406450 1.0361e+00 -4.745e+01 0.1269611 0.000 0.0702770 0.0566841 
-0.00525787 0.00456219 1.0315e+00 -4.751e+01 0.1269695 0.000 0.0703361 0.0566333 
-0.00525787 0.00505988 1.0271e+00 -4.759e+01 0.1269737 0.000 0.0703619 0.0566117 
-0.00525787 0.00555758 1.0225e+00 -4.771e+01 0.1269756 0.000 0.0704822 0.0564933 
-0.00525787 0.00605527 1.0189e+00 -4.772e+01 0.1269603 0.000 0.0704600 0.0565002 
-0.00525787 0.00655296 1.0161e+00 -4.764e+01 0.1269393 0.000 0.0703614 0.0565779 
-0.00525787 0.00705066 1.0128e+00 -4.766e+01 0.1269306 0.000 0.0704479 0.0564826 
-0.00525787 0.00754835 1.0101e+00 -4.766e+01 0.1269381 0.000 0.0703830 0.0565551 
-0.00525787 0.00804604 1.0074e+00 -4.768e+01 0.1269381 0.000 0.0703880 0.0565501 
-0.00525787 0.00854374 1.0052e+00 -4.770e+01 0.1269355 0.000 0.0703683 0.0565673 
-0.00525787 0.00904143 1.0029e+00 -4.777e+01 0.1269424 0.000 0.0704773 0.0564651 
-0.00525787 0.00953912 1.0011e+00 -4.782e+01 0.1269434 0.000 0.0704923 0.0564512 
-0.00525787 0.01003682 9.9965e-01 -4.786e+01 0.1269388 0.000 0.0705023 0.0564366 
-0.00525787 0.01053451 9.9858e-01 -4.789e+01 0.1269338 0.000 0.0705045 0.0564292 
-0.00525787 0.01103221 9.9804e-01 -4.788e+01 0.1269442 0.000 0.0704986 0.0564455 
-0.00525787 0.01152990 9.9795e-01 -4.787e+01 0.1269363 0.000 0.0705561 0.0563803 
-0.00525787 0.01202759 9.9827e-01 -4.784e+01 0.1269273 0.000 0.0705268 0.0564006 
-0.00525787 0.01252529 9.9914e-01 -4.777e+01 0.1269360 0.000 0.0704340 0.0565019 
-0.00525787 0.01302298 9.9998e-01 -4.775e+01 0.1269251 0.000 0.0704084 0.0565169 
-0.00525787 0.01352067 1.0009e+00 -4.776e+01 0.1269398 0.000 0.0703959 0.0565438 
-0.00525787 0.01401837 1.0017e+00 -4.784e+01 0.1269416 0.000 0.0705066 0.0564349 
-0.00538229 0.00207372 1.0598e+00 -4.734e+01 0.1269700 0.000 0.0703474 0.0566226 
-0.00538229 0.00257142 1.0547e+00 -4.740e+01 0.1269705 0.000 0.0704008 0.0565697 
-0.00538229 0.00306911 1.0499e+00 -4.742e+01 0.1269577 0.000 0.0703969 0.0565608 
-0.00538229 0.00356680 1.0449e+00 -4.750e+01 0.1269682 0.000 0.0704807 0.0564875 
-0.00538229 0.00406450 1.0406e+00 -4.747e+01 0.1269676 0.000 0.0703319 0.0566357 
-0.00538229 0.00456219 1.0359e+00 -4.752e+01 0.1269678 0.000 0.0703807 0.0565871 
-0.00538229 0.00505988 1.0316e+00 -4.756e+01 0.1269508 0.000 0.0703436 0.0566072 
-0.00538229 0.00555758 1.0270e+00 -4.766e+01 0.1269777 0.000 0.0703983 0.0565793 
-0.00538229 0.00605527 1.0229e+00 -4.771e+01 0.1269648 0.000 0.0703490 0.0566158 
-0.00538229 0.00655296 1.0193e+00 -4.772e+01 0.1269564 0.000 0.0703910 0.0565654 
-0.00538229 0.00705066 1.0159e+00 -4.775e+01 0.1269222 0.000 0.0705807 0.0563416 
-0.00538229 0.00754835 1.0130e+00 -4.773e+01 0.1269465 0.000 0.0704790 0.0564675 
-0.00538229 0.00804604 1.0105e+00 -4.770e+01 0.1269256 0.000 0.0704108 0.0565148 
-0.00538229 0.00854374 1.0080e+00 -4.771e+01 0.1269354 0.000 0.0703220 0.0566133 
-0.00538229 0.00904143 1.0057e+00 -4.774e+01 0.1269256 0.000 0.0703754 0.0565502 
-0.00538229 0.00953912 1.0033e+00 -4.784e+01 0.1269291 0.000 0.0705278 0.0564013 
-0.00538229 0.01003682 1.0016e+00 -4.789e+01 0.1269392 0.000 0.0705481 0.0563911 
-0.00538229 0.01053451 1.0003e+00 -4.793e+01 0.1269386 0.000 0.0705353 0.0564033 
-0.00538229 0.01103221 9.9944e-01 -4.794e+01 0.1269347 0.000 0.0705277 0.0564071 
-0.00538229 0.01152990 9.9934e-01 -4.788e+01 0.1269364 0.000 0.0704784 0.0564581 
-0.00214728 0.00904143 1.0392e+00 -4.762e+01 0.1269326 0.000 0.0704330 0.0564997 
-0.00214728 0.00953912 1.0433e+00 -4.761e+01 0.1269684 0.000 0.0703481 0.0566201 
-0.00214728 0.01003682 1.0478e+00 -4.757e+01 0.1269568 0.000 0.0703483 0.0566086 
-0.00214728 0.01053451 1.0524e+00 -4.752e+01 0.1269604 0.000 0.0703485 0.0566119 
-0.00214728 0.01103221 1.0569e+00 -4.752e+01 0.1269594 0.000 0.0703962 0.0565632 
-0.00214728 0.01152990 1.0617e+00 -4.746e+01 0.1269605 0.000 0.0703527 0.0566079 
-0.00214728 0.01202759 1.0665e+00 -4.742e+01 0.1269492 0.000 0.0703235 0.0566258 
-0.00214728 0.01252529 1.0711e+00 -4.743e+01 0.1269650 0.000 0.0703223 0.0566427 
-0.00538229 0.01202759 9.9936e-01 -4.786e+01 0.1269433 0.000 0.0704672 0.0564761 
-0.00538229 0.01252529 9.9958e-01 -4.785e+01 0.1269332 0.000 0.0704766 0.0564569 
-0.00538229 0.01302298 9.9983e-01 -4.788e+01 0.1269343 0.000 0.0705535 0.0563809 
-0.00538229 0.01352067 1.0009e+00 -4.784e+01 0.1269371 0.000 0.0705077 0.0564295 
-0.00538229 0.01401837 1.0022e+00 -4.779e+01 0.1269189 0.000 0.0704265 0.0564923 
-0.00550672 0.00207372 1.0652e+00 -4.732e+01 0.1269643 0.000 0.0703582 0.0566059 
-0.00550672 0.00257142 1.0600e+00 -4.739e+01 0.1269726 0.000 0.0703681 0.0566046 
-0.00550672 0.00306911 1.0549e+00 -4.745e+01 0.1269645 0.000 0.0704365 0.0565282 
-0.00550672 0.00356680 1.0501e+00 -4.746e+01 0.1269629 0.000 0.0703980 0.0565649 
-0.00550672 0.00406450 1.0451e+00 -4.753e+01 0.1269771 0.000 0.0704568 0.0565203 
-0.00550672 0.00456219 1.0406e+00 -4.755e+01 0.1269613 0.000 0.0704517 0.0565094 
-0.00550672 0.00505988 1.0361e+00 -4.757e+01 0.1269714 0.000 0.0703813 0.0565901 
-0.00550672 0.00555758 1.0318e+00 -4.761e+01 0.1269605 0.000 0.0703216 0.0566388 
-0.00550672 0.00605527 1.0273e+00 -4.770e+01 0.1269738 0.000 0.0703539 0.0566200 
-0.00550672 0.00655296 1.0228e+00 -4.783e+01 0.1269712 0.000 0.0705584 0.0564127 
-0.00550672 0.00705066 1.0198e+00 -4.774e+01 0.1269653 0.000 0.0703996 0.0565656 
-0.00550672 0.00754835 1.0164e+00 -4.777e+01 0.1269350 0.000 0.0705366 0.0563983 
-0.00550672 0.00804604 1.0138e+00 -4.771e+01 0.1269403 0.000 0.0703898 0.0565503 
-0.00550672 0.00854374 1.0111e+00 -4.773e+01 0.1269279 0.000 0.0703758 0.0565520 
-0.00550672 0.00904143 1.0081e+00 -4.783e+01 0.1269385 0.000 0.0704725 0.0564659 
-0.00550672 0.00953912 1.0062e+00 -4.781e+01 0.1269487 0.000 0.0704345 0.0565143 
-0.00550672 0.01003682 1.0040e+00 -4.790e+01 0.1269400 0.000 0.0705158 0.0564240 
-0.00550672 0.01053451 1.0024e+00 -4.794e+01 0.1269361 0.000 0.0705222 0.0564139 
-0.00550672 0.01103221 1.0016e+00 -4.791e+01 0.1269272 0.000 0.0704361 0.0564911 
-0.00550672 0.01152990 1.0004e+00 -4.798e+01 0.1269233 0.000 0.0705665 0.0563568 
-0.00550672 0.01202759 1.0007e+00 -4.788e+01 0.1269377 0.000 0.0704447 0.0564930 
-0.00550672 0.01252529 1.0005e+00 -4.789e+01 0.1269373 0.000 0.0705138 0.0564236 
-0.00550672 0.01302298 1.0009e+00 -4.786e+01 0.1269377 0.000 0.0704619 0.0564757 
-0.00550672 0.01352067 1.0017e+00 -4.783e+01 0.1269268 0.000 0.0704466 0.0564804 
-0.00550672 0.01401837 1.0025e+00 -4.783e+01 0.1269400 0.000 0.0704130 0.0565269 
-0.00563114 0.00207372 1.0708e+00 -4.731e+01 0.1269667 0.000 0.0703549 0.0566120 
-0.00563114 0.00257142 1.0656e+00 -4.735e+01 0.1269678 0.000 0.0703190 0.0566487 
-0.00563114 0.00306911 1.0603e+00 -4.743e+01 0.1269615 0.000 0.0703781 0.0565834 
-0.00563114 0.00356680 1.0553e+00 -4.748e+01 0.1269724 0.000 0.0704123 0.0565601 
-0.00563114 0.00406450 1.0504e+00 -4.750e+01 0.1269608 0.000 0.0704093 0.0565515 
-0.00563114 0.00456219 1.0452e+00 -4.760e+01 0.1269600 0.000 0.0705706 0.0563893 
-0.00563114 0.00505988 1.0409e+00 -4.758e+01 0.1269698 0.000 0.0703839 0.0565859 
-0.00563114 0.00555758 1.0362e+00 -4.763e+01 0.1269651 0.000 0.0703931 0.0565720 
-0.00563114 0.00605527 1.0317e+00 -4.771e+01 0.1269654 0.000 0.0703819 0.0565836 
-0.00563114 0.00655296 1.0270e+00 -4.784e+01 0.1269604 0.000 0.0705446 0.0564157 
-0.00563114 0.00705066 1.0236e+00 -4.779e+01 0.1269752 0.000 0.0703903 0.0565849 
-0.00563114 0.00754835 1.0200e+00 -4.782e+01 0.1269632 0.000 0.0704946 0.0564686 
-0.00563114 0.00804604 1.0170e+00 -4.779e+01 0.1269195 0.000 0.0704938 0.0564257 
-0.00563114 0.00854374 1.0137e+00 -4.786e+01 0.1269467 0.000 0.0705568 0.0563898 
-0.00563114 0.00904143 1.0113e+00 -4.784e+01 0.1269420 0.000 0.0705098 0.0564322 
-0.00563114 0.00953912 1.0091e+00 -4.782e+01 0.1269269 0.000 0.0704406 0.0564861 
-0.00563114 0.01003682 1.0071e+00 -4.784e+01 0.1269383 0.000 0.0704265 0.0565118 
-0.00563114 0.01053451 1.0049e+00 -4.794e+01 0.1269427 0.000 0.0705168 0.0564259 
-0.00563114 0.01103221 1.0036e+00 -4.795e+01 0.1269310 0.000 0.0705061 0.0564249 
-0.00563114 0.01152990 1.0026e+00 -4.795e+01 0.1269359 0.000 0.0704713 0.0564645 
-0.00563114 0.01202759 1.0021e+00 -4.794e+01 0.1269570 0.000 0.0704665 0.0564905 
-0.00563114 0.01252529 1.0021e+00 -4.789e+01 0.1269335 0.000 0.0704405 0.0564929 
-0.00563114 0.01302298 1.0021e+00 -4.789e+01 0.1269391 0.000 0.0704565 0.0564827 
-0.00563114 0.01352067 1.0025e+00 -4.788e+01 0.1269236 0.000 0.0704647 0.0564590 
-0.00563114 0.01401837 1.0031e+00 -4.787e+01 0.1269425 0.000 0.0704345 0.0565079 
-0.00575556 0.00207372 1.0763e+00 -4.735e+01 0.1269706 0.000 0.0703917 0.0565790 
-0.00575556 0.00257142 1.0712e+00 -4.737e+01 0.1269604 0.000 0.0703442 0.0566164 
-0.00575556 0.00306911 1.0659e+00 -4.742e+01 0.1269697 0.000 0.0703353 0.0566344 
-0.00575556 0.00356680 1.0606e+00 -4.750e+01 0.1269751 0.000 0.0704098 0.0565651 
-0.00575556 0.00406450 1.0554e+00 -4.756e+01 0.1269660 0.000 0.0705028 0.0564633 
-0.00575556 0.00456219 1.0510e+00 -4.751e+01 0.1269554 0.000 0.0703138 0.0566416 
-0.00575556 0.00505988 1.0457e+00 -4.762e+01 0.1269688 0.000 0.0704681 0.0565006 
-0.00575556 0.00555758 1.0412e+00 -4.762e+01 0.1269545 0.000 0.0703855 0.0565690 
-0.00575556 0.00605527 1.0365e+00 -4.769e+01 0.1269558 0.000 0.0703985 0.0565574 
-0.00575556 0.00655296 1.0318e+00 -4.781e+01 0.1269662 0.000 0.0704743 0.0564919 
-0.00575556 0.00705066 1.0278e+00 -4.783e+01 0.1269567 0.000 0.0704441 0.0565125 
-0.00575556 0.00754835 1.0239e+00 -4.786e+01 0.1269646 0.000 0.0705292 0.0564355 
-0.00575556 0.00804604 1.0206e+00 -4.785e+01 0.1269664 0.000 0.0705159 0.0564507 
-0.00575556 0.00854374 1.0174e+00 -4.787e+01 0.1269310 0.000 0.0705464 0.0563845 
-0.00575556 0.00904143 1.0146e+00 -4.788e+01 0.1269308 0.000 0.0705453 0.0563854 
-0.00575556 0.00953912 1.0122e+00 -4.786e+01 0.1269296 0.000 0.0705062 0.0564234 
-0.00575556 0.01003682 1.0100e+00 -4.785e+01 0.1269269 0.000 0.0704518 0.0564750 
-0.00575556 0.01053451 1.0076e+00 -4.795e+01 0.1269281 0.000 0.0705599 0.0563683 
-0.00575556 0.01103221 1.0060e+00 -4.797e+01 0.1269426 0.000 0.0705302 0.0564125 
-0.00575556 0.01152990 1.0050e+00 -4.794e+01 0.1269362 0.000 0.0704491 0.0564870 
-0.00575556 0.01202759 1.0038e+00 -4.800e+01 0.1269476 0.000 0.0705124 0.0564354 
-0.00575556 0.01252529 1.0039e+00 -4.789e+01 0.1269230 0.000 0.0704162 0.0565068 
-0.00575556 0.01302298 1.0035e+00 -4.791e+01 0.1269281 0.000 0.0704570 0.0564712 
-0.00575556 0.01352067 1.0033e+00 -4.795e+01 0.1269355 0.000 0.0705507 0.0563848 
-0.00575556 0.01401837 1.0040e+00 -4.790e+01 0.1269393 0.000 0.0704952 0.0564440 
-0.00214728 0.01302298 1.0757e+00 -4.743e+01 0.1269774 0.000 0.0703421 0.0566352 
-0.00214728 0.01352067 1.0804e+00 -4.739e+01 0.1269593 0.000 0.0703636 0.0565957 
-0.00214728 0.01401837 1.0853e+00 -4.734e+01 0.1269675 0.000 0.0703401 0.0566274 
-0.00227171 0.00207372 1.0060e+00 -4.778e+01 0.1269320 0.000 0.0705074 0.0564247 
-0.00227171 0.00257142 1.0060e+00 -4.778e+01 0.1269305 0.000 0.0704651 0.0564654 
-0.00227171 0.00306911 1.0058e+00 -4.784e+01 0.1269353 0.000 0.0705961 0.0563391 
-0.00227171 0.00356680 1.0064e+00 -4.785e+01 0.1269265 0.000 0.0706080 0.0563185 
-0.00227171 0.00406450 1.0075e+00 -4.782e+01 0.1269145 0.000 0.0706126 0.0563019 
