-0.0078 0.0002 3.9214e-01 -1.115e+02 0.20041 0.714 0.10011 0.10030 
-0.0078 0.0006 3.8855e-01 -1.117e+02 0.20032 0.714 0.10007 0.10024 
-0.0078 0.0010 3.8482e-01 -1.121e+02 0.20032 0.713 0.10008 0.10024 
-0.0078 0.0014 3.8100e-01 -1.124e+02 0.20035 0.712 0.10010 0.10025 
-0.0078 0.0018 3.7707e-01 -1.128e+02 0.20052 0.711 0.10019 0.10033 
-0.0078 0.0022 3.7308e-01 -1.133e+02 0.20074 0.711 0.10030 0.10044 
-0.0078 0.0026 3.6901e-01 -1.137e+02 0.20096 0.709 0.10041 0.10055 
-0.0078 0.0030 3.6487e-01 -1.142e+02 0.20123 0.709 0.10055 0.10068 
-0.0078 0.0034 3.6066e-01 -1.148e+02 0.20154 0.708 0.10070 0.10084 
-0.0078 0.0038 3.5640e-01 -1.153e+02 0.20186 0.706 0.10085 0.10100 
-0.0078 0.0042 3.5212e-01 -1.159e+02 0.20213 0.705 0.10099 0.10114 
-0.0078 0.0046 3.4779e-01 -1.165e+02 0.20249 0.704 0.10116 0.10132 
-0.0078 0.0050 3.4345e-01 -1.170e+02 0.20288 0.703 0.10136 0.10152 
-0.0078 0.0054 3.3911e-01 -1.176e+02 0.20326 0.702 0.10155 0.10172 
-0.0078 0.0058 3.3471e-01 -1.182e+02 0.20372 0.700 0.10177 0.10195 
-0.0078 0.0062 3.3034e-01 -1.189e+02 0.20411 0.699 0.10196 0.10215 
-0.0078 0.0066 3.2600e-01 -1.194e+02 0.20446 0.697 0.10213 0.10233 
-0.0078 0.0070 3.2168e-01 -1.200e+02 0.20479 0.696 0.10229 0.10250 
-0.0078 0.0074 3.2001e-01 -1.108e+02 0.19610 0.325 0.09892 0.09718 
-0.0078 0.0078 3.2000e-01 -1.018e+02 0.18748 0.145 0.09579 0.09169 
-0.0078 0.0082 3.1999e-01 -9.500e+01 0.18082 0.078 0.09349 0.08733 
-0.0078 0.0086 3.2001e-01 -8.945e+01 0.17526 0.047 0.09158 0.08367 
-0.0078 0.0090 3.2002e-01 -8.476e+01 0.17049 0.031 0.08995 0.08054 
-0.0078 0.0094 3.2001e-01 -8.073e+01 0.16633 0.022 0.08852 0.07781 
-0.0078 0.0098 3.2000e-01 -7.721e+01 0.16269 0.014 0.08724 0.07546 
-0.0078 0.0102 3.2000e-01 -7.414e+01 0.15950 0.011 0.08606 0.07343 
-0.0078 0.0106 3.2001e-01 -7.141e+01 0.15664 0.008 0.08500 0.07164 
-0.0078 0.0110 3.2001e-01 -6.901e+01 0.15411 0.006 0.08401 0.07010 
-0.0078 0.0114 3.2001e-01 -6.687e+01 0.15184 0.004 0.08313 0.06871 
-0.0078 0.0118 3.2001e-01 -6.497e+01 0.14988 0.003 0.08230 0.06758 
-0.0074 0.0002 3.7725e-01 -1.118e+02 0.20040 0.712 0.10016 0.10023 
-0.0074 0.0006 3.7368e-01 -1.121e+02 0.20039 0.711 0.10017 0.10022 
-0.0074 0.0010 3.7000e-01 -1.124e+02 0.20044 0.711 0.10020 0.10024 
-0.0074 0.0014 3.6624e-01 -1.127e+02 0.20060 0.710 0.10028 0.10032 
-0.0074 0.0018 3.6239e-01 -1.132e+02 0.20078 0.708 0.10037 0.10041 
-0.0074 0.0022 3.5850e-01 -1.136e+02 0.20095 0.707 0.10046 0.10049 
-0.0074 0.0026 3.5449e-01 -1.141e+02 0.20118 0.707 0.10057 0.10061 
-0.0074 0.0030 3.5046e-01 -1.145e+02 0.20137 0.705 0.10067 0.10070 
-0.0074 0.0034 3.4639e-01 -1.151e+02 0.20163 0.705 0.10080 0.10083 
-0.0074 0.0038 3.4226e-01 -1.156e+02 0.20192 0.704 0.10094 0.10098 
-0.0074 0.0042 3.3813e-01 -1.161e+02 0.20221 0.703 0.10108 0.10113 
-0.0074 0.0046 3.3393e-01 -1.167e+02 0.20260 0.701 0.10127 0.10133 
-0.0074 0.0050 3.2972e-01 -1.173e+02 0.20300 0.700 0.10147 0.10154 
-0.0074 0.0054 3.2552e-01 -1.179e+02 0.20334 0.699 0.10163 0.10171 
-0.0074 0.0058 3.2131e-01 -1.185e+02 0.20367 0.697 0.10179 0.10188 
-0.0074 0.0062 3.2000e-01 -1.086e+02 0.19426 0.303 0.09814 0.09613 
-0.0074 0.0066 3.2000e-01 -9.996e+01 0.18598 0.136 0.09514 0.09084 
-0.0074 0.0070 3.2001e-01 -9.336e+01 0.17946 0.073 0.09288 0.08658 
-0.0074 0.0074 3.2000e-01 -8.794e+01 0.17403 0.045 0.09103 0.08301 
-0.0074 0.0078 3.2000e-01 -8.335e+01 0.16932 0.030 0.08941 0.07992 
-0.0074 0.0082 3.2000e-01 -7.937e+01 0.16518 0.021 0.08797 0.07721 
-0.0074 0.0086 3.2000e-01 -7.588e+01 0.16151 0.014 0.08665 0.07485 
-0.0074 0.0090 3.2001e-01 -7.283e+01 0.15828 0.010 0.08547 0.07281 
-0.0074 0.0094 3.2001e-01 -7.013e+01 0.15543 0.007 0.08439 0.07104 
-0.0074 0.0098 3.2001e-01 -6.772e+01 0.15290 0.005 0.08341 0.06950 
-0.0074 0.0102 3.2000e-01 -6.558e+01 0.15062 0.004 0.08250 0.06812 
-0.0074 0.0106 3.2001e-01 -6.368e+01 0.14860 0.003 0.08164 0.06696 
-0.0074 0.0110 3.2001e-01 -6.198e+01 0.14681 0.002 0.08087 0.06593 
-0.0074 0.0114 3.2000e-01 -6.046e+01 0.14519 0.002 0.08019 0.06500 
-0.0074 0.0118 3.2001e-01 -5.911e+01 0.14377 0.001 0.07951 0.06426 
-0.0070 0.0002 3.6243e-01 -1.121e+02 0.20048 0.709 0.10026 0.10022 
-0.0070 0.0006 3.5890e-01 -1.124e+02 0.20053 0.709 0.10029 0.10024 
-0.0070 0.0010 3.5526e-01 -1.128e+02 0.20068 0.708 0.10037 0.10031 
-0.0070 0.0014 3.5156e-01 -1.131e+02 0.20079 0.706 0.10043 0.10036 
-0.0070 0.0018 3.4780e-01 -1.135e+02 0.20096 0.706 0.10051 0.10045 
-0.0070 0.0022 3.4397e-01 -1.140e+02 0.20116 0.705 0.10061 0.10055 
-0.0070 0.0026 3.4011e-01 -1.144e+02 0.20136 0.704 0.10071 0.10065 
-0.0070 0.0030 3.3619e-01 -1.149e+02 0.20161 0.703 0.10083 0.10077 
-0.0070 0.0034 3.3224e-01 -1.154e+02 0.20184 0.703 0.10095 0.10089 
-0.0070 0.0038 3.2824e-01 -1.159e+02 0.20214 0.701 0.10109 0.10105 
-0.0070 0.0042 3.2421e-01 -1.165e+02 0.20247 0.700 0.10125 0.10122 
-0.0070 0.0046 3.2017e-01 -1.170e+02 0.20277 0.699 0.10140 0.10137 
-0.0070 0.0050 3.2000e-01 -1.047e+02 0.19109 0.235 0.09688 0.09421 
-0.0070 0.0054 3.2000e-01 -9.697e+01 0.18351 0.113 0.09417 0.08934 
-0.0070 0.0058 3.2000e-01 -9.085e+01 0.17740 0.066 0.09206 0.08534 
-0.0070 0.0062 3.2000e-01 -8.574e+01 0.17220 0.040 0.09027 0.08192 
-0.0070 0.0066 3.2000e-01 -8.136e+01 0.16766 0.026 0.08871 0.07895 
-0.0070 0.0070 3.2000e-01 -7.755e+01 0.16363 0.018 0.08727 0.07635 
-0.0070 0.0074 3.2001e-01 -7.419e+01 0.16003 0.013 0.08598 0.07405 
-0.0070 0.0078 3.2001e-01 -7.122e+01 0.15683 0.008 0.08481 0.07202 
-0.0070 0.0082 3.2001e-01 -6.860e+01 0.15404 0.007 0.08373 0.07031 
-0.0070 0.0086 3.2001e-01 -6.624e+01 0.15152 0.004 0.08274 0.06878 
-0.0070 0.0090 3.2000e-01 -6.414e+01 0.14929 0.003 0.08182 0.06747 
-0.0070 0.0094 3.2001e-01 -6.227e+01 0.14727 0.003 0.08096 0.06631 
-0.0070 0.0098 3.2002e-01 -6.058e+01 0.14544 0.002 0.08018 0.06526 
-0.0070 0.0102 3.2001e-01 -5.908e+01 0.14380 0.001 0.07944 0.06436 
-0.0070 0.0106 3.2001e-01 -5.774e+01 0.14234 0.001 0.07875 0.06360 
-0.0070 0.0110 3.2003e-01 -5.653e+01 0.14109 0.001 0.07799 0.06310 
-0.0070 0.0114 3.2001e-01 -5.547e+01 0.14002 0.000 0.07735 0.06267 
-0.0070 0.0118 3.2000e-01 -5.452e+01 0.13901 0.001 0.07683 0.06218 
-0.0066 0.0002 3.4780e-01 -1.125e+02 0.20078 0.707 0.10046 0.10032 
-0.0066 0.0006 3.4429e-01 -1.128e+02 0.20091 0.706 0.10053 0.10038 
-0.0066 0.0010 3.4075e-01 -1.131e+02 0.20097 0.704 0.10056 0.10041 
-0.0066 0.0014 3.3712e-01 -1.135e+02 0.20114 0.704 0.10065 0.10049 
-0.0066 0.0018 3.3346e-01 -1.139e+02 0.20129 0.704 0.10072 0.10057 
-0.0066 0.0022 3.2971e-01 -1.144e+02 0.20151 0.702 0.10083 0.10068 
-0.0066 0.0026 3.2598e-01 -1.148e+02 0.20166 0.701 0.10090 0.10075 
-0.0066 0.0030 3.2216e-01 -1.153e+02 0.20188 0.701 0.10101 0.10087 
-0.0066 0.0034 3.2000e-01 -1.089e+02 0.19568 0.397 0.09856 0.09712 
-0.0066 0.0038 3.2000e-01 -9.982e+01 0.18685 0.173 0.09529 0.09156 
-0.0066 0.0042 3.2001e-01 -9.315e+01 0.18023 0.095 0.09295 0.08727 
-0.0066 0.0046 3.2000e-01 -8.767e+01 0.17466 0.058 0.09102 0.08364 
-0.0066 0.0050 3.2001e-01 -8.299e+01 0.16978 0.036 0.08932 0.08046 
-0.0066 0.0054 3.2001e-01 -7.891e+01 0.16551 0.023 0.08783 0.07768 
-0.0066 0.0058 3.2002e-01 -7.533e+01 0.16169 0.015 0.08648 0.07521 
-0.0066 0.0062 3.2001e-01 -7.218e+01 0.15829 0.012 0.08522 0.07306 
-0.0066 0.0066 3.2000e-01 -6.937e+01 0.15524 0.007 0.08409 0.07115 
-0.0066 0.0070 3.2001e-01 -6.686e+01 0.15250 0.006 0.08300 0.06950 
-0.0066 0.0074 3.2000e-01 -6.460e+01 0.15001 0.004 0.08203 0.06798 
-0.0066 0.0078 3.2001e-01 -6.258e+01 0.14782 0.003 0.08109 0.06673 
-0.0066 0.0082 3.2000e-01 -6.076e+01 0.14583 0.002 0.08023 0.06559 
-0.0066 0.0086 3.2002e-01 -5.911e+01 0.14400 0.001 0.07945 0.06455 
-0.0066 0.0090 3.2003e-01 -5.764e+01 0.14234 0.001 0.07866 0.06368 
-0.0066 0.0094 3.2002e-01 -5.632e+01 0.14089 0.001 0.07787 0.06302 
-0.0066 0.0098 3.2001e-01 -5.514e+01 0.13963 0.001 0.07722 0.06241 
-0.0066 0.0102 3.2001e-01 -5.409e+01 0.13855 0.001 0.07653 0.06202 
-0.0066 0.0106 3.2000e-01 -5.314e+01 0.13745 0.001 0.07619 0.06126 
-0.0066 0.0110 3.2001e-01 -5.230e+01 0.13668 0.000 0.07539 0.06130 
-0.0066 0.0114 3.2002e-01 -5.155e+01 0.13566 0.003 0.07541 0.06025 
-0.0066 0.0118 3.2000e-01 -5.092e+01 0.13507 0.000 0.07478 0.06028 
-0.0062 0.0002 3.3349e-01 -1.129e+02 0.20105 0.704 0.10064 0.10041 
-0.0062 0.0006 3.3005e-01 -1.133e+02 0.20116 0.704 0.10070 0.10046 
-0.0062 0.0010 3.2657e-01 -1.136e+02 0.20127 0.702 0.10075 0.10051 
-0.0062 0.0014 3.2304e-01 -1.140e+02 0.20140 0.702 0.10082 0.10058 
-0.0062 0.0018 3.1999e-01 -1.117e+02 0.19897 0.566 0.09986 0.09911 
-0.0062 0.0022 3.2000e-01 -1.014e+02 0.18898 0.210 0.09602 0.09296 
-0.0062 0.0026 3.1999e-01 -9.445e+01 0.18217 0.111 0.09357 0.08860 
-0.0062 0.0030 3.2000e-01 -8.881e+01 0.17640 0.065 0.09154 0.08486 
-0.0062 0.0034 3.2000e-01 -8.400e+01 0.17141 0.040 0.08982 0.08159 
-0.0062 0.0038 3.2000e-01 -7.984e+01 0.16701 0.027 0.08826 0.07875 
-0.0062 0.0042 3.2001e-01 -7.615e+01 0.16307 0.019 0.08687 0.07621 
-0.0062 0.0046 3.2000e-01 -7.289e+01 0.15959 0.013 0.08561 0.07398 
-0.0062 0.0050 3.2002e-01 -6.995e+01 0.15636 0.009 0.08440 0.07196 
-0.0062 0.0054 3.2000e-01 -6.734e+01 0.15343 0.007 0.08327 0.07016 
-0.0062 0.0058 3.2000e-01 -6.497e+01 0.15077 0.005 0.08221 0.06856 
-0.0062 0.0062 3.2001e-01 -6.284e+01 0.14837 0.003 0.08122 0.06715 
-0.0062 0.0066 3.2000e-01 -6.092e+01 0.14625 0.003 0.08031 0.06593 
-0.0062 0.0070 3.2002e-01 -5.917e+01 0.14427 0.002 0.07947 0.06481 
-0.0062 0.0074 3.2002e-01 -5.760e+01 0.14247 0.001 0.07864 0.06383 
-0.0062 0.0078 3.2000e-01 -5.618e+01 0.14084 0.001 0.07786 0.06298 
-0.0062 0.0082 3.2002e-01 -5.490e+01 0.13941 0.001 0.07702 0.06239 
-0.0062 0.0086 3.2002e-01 -5.374e+01 0.13817 0.001 0.07627 0.06190 
-0.0062 0.0090 3.2000e-01 -5.271e+01 0.13696 0.000 0.07583 0.06113 
-0.0062 0.0094 3.2002e-01 -5.178e+01 0.13605 0.000 0.07501 0.06104 
-0.0062 0.0098 3.2001e-01 -5.096e+01 0.13515 0.000 0.07452 0.06063 
-0.0062 0.0102 3.2001e-01 -5.023e+01 0.13426 0.000 0.07423 0.06003 
-0.0062 0.0106 3.2001e-01 -4.959e+01 0.13360 0.000 0.07365 0.05995 
-0.0062 0.0110 3.2003e-01 -4.903e+01 0.13297 0.000 0.07333 0.05963 
-0.0062 0.0114 3.2002e-01 -4.855e+01 0.13241 0.000 0.07314 0.05927 
-0.0062 0.0118 3.2002e-01 -4.815e+01 0.13198 0.000 0.07288 0.05911 
-0.0058 0.0002 3.2000e-01 -1.115e+02 0.19954 0.604 0.10011 0.09943 
-0.0058 0.0006 3.2001e-01 -1.014e+02 0.18965 0.232 0.09626 0.09339 
-0.0058 0.0010 3.2000e-01 -9.460e+01 0.18294 0.120 0.09382 0.08911 
-0.0058 0.0014 3.2000e-01 -8.908e+01 0.17736 0.072 0.09185 0.08550 
-0.0058 0.0018 3.2001e-01 -8.435e+01 0.17242 0.047 0.09011 0.08231 
-0.0058 0.0022 3.2000e-01 -8.022e+01 0.16801 0.033 0.08856 0.07945 
-0.0058 0.0026 3.2000e-01 -7.655e+01 0.16404 0.022 0.08714 0.07690 
-0.0058 0.0030 3.2001e-01 -7.325e+01 0.16047 0.014 0.08587 0.07461 
-0.0058 0.0034 3.2001e-01 -7.031e+01 0.15724 0.011 0.08465 0.07259 
-0.0058 0.0038 3.2000e-01 -6.763e+01 0.15426 0.007 0.08352 0.07074 
-0.0058 0.0042 3.2001e-01 -6.522e+01 0.15153 0.005 0.08242 0.06911 
-0.0058 0.0046 3.2000e-01 -6.303e+01 0.14901 0.004 0.08143 0.06759 
-0.0058 0.0050 3.2000e-01 -6.104e+01 0.14672 0.003 0.08043 0.06629 
-0.0058 0.0054 3.2000e-01 -5.923e+01 0.14462 0.002 0.07952 0.06510 
-0.0058 0.0058 3.2000e-01 -5.759e+01 0.14271 0.001 0.07869 0.06402 
-0.0058 0.0062 3.2003e-01 -5.608e+01 0.14096 0.001 0.07784 0.06312 
-0.0058 0.0066 3.2002e-01 -5.473e+01 0.13942 0.001 0.07695 0.06246 
-0.0058 0.0070 3.2001e-01 -5.351e+01 0.13802 0.001 0.07612 0.06190 
-0.0058 0.0074 3.2002e-01 -5.238e+01 0.13663 0.000 0.07561 0.06103 
-0.0058 0.0078 3.2002e-01 -5.138e+01 0.13559 0.000 0.07473 0.06086 
-0.0058 0.0082 3.2001e-01 -5.049e+01 0.13456 0.000 0.07417 0.06039 
-0.0058 0.0086 3.2002e-01 -4.967e+01 0.13353 0.000 0.07386 0.05968 
-0.0058 0.0090 3.2002e-01 -4.896e+01 0.13281 0.000 0.07322 0.05960 
-0.0058 0.0094 3.2002e-01 -4.833e+01 0.13203 0.000 0.07302 0.05901 
-0.0058 0.0098 3.2002e-01 -4.778e+01 0.13145 0.000 0.07254 0.05891 
-0.0058 0.0102 3.2003e-01 -4.730e+01 0.13088 0.000 0.07229 0.05859 
-0.0058 0.0106 3.2003e-01 -4.690e+01 0.13041 0.002 0.07211 0.05830 
-0.0058 0.0110 3.2000e-01 -4.657e+01 0.13012 0.000 0.07181 0.05832 
-0.0058 0.0114 3.2002e-01 -4.630e+01 0.12989 0.001 0.07159 0.05831 
-0.0058 0.0118 3.2002e-01 -4.609e+01 0.12972 0.000 0.07147 0.05825 
-0.0054 0.0002 3.2000e-01 -8.408e+01 0.17282 0.049 0.09024 0.08258 
-0.0054 0.0006 3.2000e-01 -8.010e+01 0.16853 0.034 0.08872 0.07981 
-0.0054 0.0010 3.2001e-01 -7.651e+01 0.16459 0.022 0.08730 0.07729 
-0.0054 0.0014 3.2000e-01 -7.332e+01 0.16107 0.016 0.08600 0.07507 
-0.0054 0.0018 3.2000e-01 -7.041e+01 0.15783 0.012 0.08479 0.07304 
-0.0054 0.0022 3.2001e-01 -6.776e+01 0.15486 0.008 0.08368 0.07118 
-0.0054 0.0026 3.2000e-01 -6.536e+01 0.15213 0.006 0.08259 0.06955 
-0.0054 0.0030 3.2001e-01 -6.316e+01 0.14959 0.004 0.08156 0.06802 
-0.0054 0.0034 3.2000e-01 -6.115e+01 0.14724 0.003 0.08057 0.06667 
-0.0054 0.0038 3.2000e-01 -5.930e+01 0.14505 0.002 0.07961 0.06543 
-0.0054 0.0042 3.2000e-01 -5.761e+01 0.14303 0.002 0.07874 0.06429 
-0.0054 0.0046 3.2002e-01 -5.606e+01 0.14118 0.001 0.07788 0.06331 
-0.0054 0.0050 3.2002e-01 -5.465e+01 0.13955 0.001 0.07695 0.06261 
-0.0054 0.0054 3.2001e-01 -5.337e+01 0.13806 0.000 0.07610 0.06196 
-0.0054 0.0058 3.2002e-01 -5.219e+01 0.13664 0.001 0.07540 0.06124 
-0.0054 0.0062 3.2002e-01 -5.113e+01 0.13540 0.001 0.07463 0.06077 
-0.0054 0.0066 3.2000e-01 -5.017e+01 0.13426 0.000 0.07397 0.06030 
-0.0054 0.0070 3.2002e-01 -4.927e+01 0.13313 0.000 0.07359 0.05954 
-0.0054 0.0074 3.2000e-01 -4.851e+01 0.13228 0.000 0.07289 0.05939 
-0.0054 0.0078 3.2002e-01 -4.780e+01 0.13142 0.000 0.07253 0.05889 
-0.0054 0.0082 3.2001e-01 -4.718e+01 0.13073 0.000 0.07212 0.05861 
-0.0054 0.0086 3.2002e-01 -4.664e+01 0.13018 0.000 0.07165 0.05853 
-0.0054 0.0090 3.2002e-01 -4.617e+01 0.12961 0.002 0.07141 0.05820 
-0.0054 0.0094 3.2000e-01 -4.578e+01 0.12917 0.000 0.07112 0.05805 
-0.0054 0.0098 3.2001e-01 -4.544e+01 0.12879 0.000 0.07092 0.05787 
-0.0054 0.0102 3.2001e-01 -4.517e+01 0.12851 0.000 0.07071 0.05780 
-0.0054 0.0106 3.2003e-01 -4.496e+01 0.12834 0.000 0.07049 0.05785 
-0.0054 0.0110 3.2002e-01 -4.481e+01 0.12815 0.000 0.07063 0.05752 
-0.0054 0.0114 3.2003e-01 -4.472e+01 0.12819 0.000 0.07045 0.05773 
-0.0054 0.0118 3.2002e-01 -4.469e+01 0.12821 0.000 0.07053 0.05768 
-0.0050 0.0002 3.2000e-01 -7.035e+01 0.15823 0.012 0.08489 0.07334 
-0.0050 0.0006 3.2001e-01 -6.778e+01 0.15528 0.009 0.08375 0.07153 
-0.0050 0.0010 3.2000e-01 -6.542e+01 0.15257 0.006 0.08270 0.06988 
-0.0050 0.0014 3.2001e-01 -6.325e+01 0.15007 0.005 0.08167 0.06839 
-0.0050 0.0018 3.2001e-01 -6.125e+01 0.14773 0.003 0.08073 0.06700 
-0.0050 0.0022 3.2000e-01 -5.942e+01 0.14556 0.003 0.07977 0.06579 
-0.0050 0.0026 3.2000e-01 -5.771e+01 0.14351 0.002 0.07887 0.06465 
-0.0050 0.0030 3.2002e-01 -5.614e+01 0.14160 0.001 0.07803 0.06357 
-0.0050 0.0034 3.2002e-01 -5.470e+01 0.13988 0.001 0.07709 0.06279 
-0.0050 0.0038 3.2000e-01 -5.338e+01 0.13830 0.001 0.07623 0.06207 
-0.0050 0.0042 3.2002e-01 -5.215e+01 0.13683 0.001 0.07542 0.06141 
-0.0050 0.0046 3.2000e-01 -5.105e+01 0.13553 0.001 0.07463 0.06090 
-0.0050 0.0050 3.2001e-01 -5.002e+01 0.13428 0.001 0.07398 0.06030 
-0.0050 0.0054 3.2000e-01 -4.908e+01 0.13309 0.000 0.07355 0.05954 
-0.0050 0.0058 3.2000e-01 -4.824e+01 0.13206 0.000 0.07295 0.05910 
-0.0050 0.0062 3.2001e-01 -4.747e+01 0.13116 0.000 0.07233 0.05883 
-0.0050 0.0066 3.2002e-01 -4.679e+01 0.13035 0.000 0.07187 0.05848 
-0.0050 0.0070 3.2002e-01 -4.618e+01 0.12968 0.000 0.07136 0.05832 
-0.0050 0.0074 3.2003e-01 -4.564e+01 0.12903 0.002 0.07109 0.05793 
-0.0050 0.0078 3.2001e-01 -4.519e+01 0.12852 0.000 0.07071 0.05781 
-0.0050 0.0082 3.2003e-01 -4.478e+01 0.12804 0.000 0.07043 0.05761 
-0.0050 0.0086 3.2000e-01 -4.446e+01 0.12771 0.000 0.07013 0.05758 
-0.0050 0.0090 3.2001e-01 -4.418e+01 0.12736 0.000 0.07004 0.05732 
-0.0050 0.0094 3.2002e-01 -4.397e+01 0.12713 0.000 0.06987 0.05727 
-0.0050 0.0098 3.2001e-01 -4.382e+01 0.12698 0.000 0.06982 0.05716 
-0.0050 0.0102 3.2001e-01 -4.373e+01 0.12699 0.000 0.06966 0.05733 
-0.0050 0.0106 3.2001e-01 -4.369e+01 0.12703 0.000 0.06968 0.05734 
-0.0050 0.0110 3.2002e-01 -4.370e+01 0.12712 0.000 0.06975 0.05736 
-0.0050 0.0114 3.2003e-01 -4.376e+01 0.12730 0.000 0.06983 0.05747 
-0.0050 0.0118 3.1999e-01 -4.389e+01 0.12755 0.000 0.06996 0.05759 
-0.0046 0.0002 3.2001e-01 -6.139e+01 0.14833 0.004 0.08092 0.06742 
-0.0046 0.0006 3.2001e-01 -5.958e+01 0.14619 0.003 0.07999 0.06621 
-0.0046 0.0010 3.2002e-01 -5.789e+01 0.14418 0.002 0.07910 0.06509 
-0.0046 0.0014 3.2000e-01 -5.633e+01 0.14229 0.001 0.07828 0.06401 
-0.0046 0.0018 3.2001e-01 -5.487e+01 0.14051 0.001 0.07744 0.06307 
-0.0046 0.0022 3.2002e-01 -5.353e+01 0.13890 0.001 0.07651 0.06239 
-0.0046 0.0026 3.2000e-01 -5.229e+01 0.13739 0.001 0.07562 0.06177 
-0.0046 0.0030 3.2000e-01 -5.113e+01 0.13592 0.001 0.07507 0.06085 
-0.0046 0.0034 3.2000e-01 -5.008e+01 0.13468 0.001 0.07413 0.06054 
-0.0046 0.0038 3.1999e-01 -4.909e+01 0.13341 0.000 0.07366 0.05975 
-0.0046 0.0042 3.2000e-01 -4.820e+01 0.13235 0.001 0.07281 0.05954 
-0.0046 0.0046 3.2002e-01 -4.738e+01 0.13132 0.000 0.07220 0.05912 
-0.0046 0.0050 3.2001e-01 -4.663e+01 0.13035 0.000 0.07182 0.05853 
-0.0046 0.0054 3.2001e-01 -4.596e+01 0.12946 0.003 0.07150 0.05796 
-0.0046 0.0058 3.2003e-01 -4.537e+01 0.12877 0.002 0.07091 0.05787 
-0.0046 0.0062 3.2001e-01 -4.484e+01 0.12815 0.000 0.07050 0.05765 
-0.0046 0.0066 3.2001e-01 -4.438e+01 0.12761 0.000 0.07017 0.05743 
-0.0046 0.0070 3.2001e-01 -4.398e+01 0.12719 0.000 0.06981 0.05738 
-0.0046 0.0074 3.2003e-01 -4.364e+01 0.12676 0.000 0.06966 0.05710 
-0.0046 0.0078 3.2001e-01 -4.337e+01 0.12648 0.000 0.06936 0.05712 
-0.0046 0.0082 3.2001e-01 -4.316e+01 0.12622 0.000 0.06920 0.05702 
-0.0046 0.0086 3.2001e-01 -4.300e+01 0.12605 0.000 0.06913 0.05692 
-0.0046 0.0090 3.2000e-01 -4.290e+01 0.12600 0.000 0.06910 0.05689 
-0.0046 0.0094 3.2002e-01 -4.284e+01 0.12601 0.000 0.06911 0.05689 
-0.0046 0.0098 3.2002e-01 -4.285e+01 0.12609 0.000 0.06916 0.05692 
-0.0046 0.0102 3.2001e-01 -4.291e+01 0.12623 0.000 0.06924 0.05700 
-0.0046 0.0106 3.2002e-01 -4.302e+01 0.12646 0.000 0.06937 0.05709 
-0.0046 0.0110 3.2000e-01 -4.318e+01 0.12677 0.000 0.06951 0.05725 
-0.0046 0.0114 3.2000e-01 -4.339e+01 0.12714 0.000 0.06970 0.05744 
-0.0046 0.0118 3.2000e-01 -4.364e+01 0.12754 0.000 0.06994 0.05760 
-0.0042 0.0002 3.2002e-01 -5.517e+01 0.14124 0.001 0.07774 0.06350 
-0.0042 0.0006 3.2002e-01 -5.383e+01 0.13961 0.002 0.07680 0.06281 
-0.0042 0.0010 3.2001e-01 -5.258e+01 0.13806 0.001 0.07600 0.06206 
-0.0042 0.0014 3.2002e-01 -5.141e+01 0.13662 0.001 0.07520 0.06141 
-0.0042 0.0018 3.2002e-01 -5.032e+01 0.13527 0.001 0.07439 0.06088 
-0.0042 0.0022 3.2003e-01 -4.930e+01 0.13390 0.003 0.07411 0.05979 
-0.0042 0.0026 3.2001e-01 -4.837e+01 0.13276 0.000 0.07328 0.05949 
-0.0042 0.0030 3.2001e-01 -4.751e+01 0.13166 0.000 0.07271 0.05895 
-0.0042 0.0034 3.2001e-01 -4.672e+01 0.13067 0.003 0.07208 0.05859 
-0.0042 0.0038 3.2001e-01 -4.600e+01 0.12977 0.000 0.07142 0.05835 
-0.0042 0.0042 3.2001e-01 -4.535e+01 0.12899 0.000 0.07085 0.05814 
-0.0042 0.0046 3.2001e-01 -4.475e+01 0.12823 0.000 0.07048 0.05775 
-0.0042 0.0050 3.2002e-01 -4.422e+01 0.12757 0.000 0.07009 0.05747 
-0.0042 0.0054 3.2001e-01 -4.377e+01 0.12703 0.000 0.06973 0.05729 
-0.0042 0.0058 3.2002e-01 -4.337e+01 0.12652 0.000 0.06950 0.05703 
-0.0042 0.0062 3.2001e-01 -4.303e+01 0.12616 0.000 0.06913 0.05703 
-0.0042 0.0066 3.2001e-01 -4.275e+01 0.12579 0.000 0.06896 0.05683 
-0.0042 0.0070 3.2002e-01 -4.252e+01 0.12550 0.000 0.06881 0.05669 
-0.0042 0.0074 3.2000e-01 -4.236e+01 0.12531 0.000 0.06873 0.05658 
-0.0042 0.0078 3.2000e-01 -4.225e+01 0.12521 0.000 0.06867 0.05654 
-0.0042 0.0082 3.2001e-01 -4.220e+01 0.12523 0.000 0.06859 0.05664 
-0.0042 0.0086 3.2002e-01 -4.218e+01 0.12524 0.000 0.06870 0.05654 
-0.0042 0.0090 3.2000e-01 -4.224e+01 0.12540 0.000 0.06878 0.05662 
-0.0042 0.0094 3.2001e-01 -4.234e+01 0.12560 0.000 0.06888 0.05672 
-0.0042 0.0098 3.2001e-01 -4.249e+01 0.12587 0.000 0.06905 0.05682 
-0.0042 0.0102 3.2001e-01 -4.269e+01 0.12621 0.000 0.06921 0.05700 
-0.0042 0.0106 3.2002e-01 -4.294e+01 0.12662 0.000 0.06942 0.05719 
-0.0042 0.0110 3.2002e-01 -4.324e+01 0.12706 0.000 0.06973 0.05733 
-0.0042 0.0114 3.2001e-01 -4.359e+01 0.12765 0.000 0.06998 0.05767 
-0.0042 0.0118 3.2001e-01 -4.398e+01 0.12821 0.000 0.07051 0.05770 
-0.0038 0.0002 3.2002e-01 -5.074e+01 0.13609 0.001 0.07486 0.06123 
-0.0038 0.0006 3.2000e-01 -4.972e+01 0.13480 0.001 0.07412 0.06068 
-0.0038 0.0010 3.2002e-01 -4.875e+01 0.13350 0.000 0.07362 0.05987 
-0.0038 0.0014 3.2000e-01 -4.788e+01 0.13242 0.000 0.07271 0.05972 
-0.0038 0.0018 3.2001e-01 -4.705e+01 0.13134 0.000 0.07212 0.05921 
-0.0038 0.0022 3.2003e-01 -4.627e+01 0.13029 0.000 0.07171 0.05857 
-0.0038 0.0026 3.2000e-01 -4.558e+01 0.12943 0.000 0.07110 0.05833 
-0.0038 0.0030 3.2000e-01 -4.495e+01 0.12860 0.000 0.07062 0.05798 
-0.0038 0.0034 3.2000e-01 -4.436e+01 0.12783 0.000 0.07026 0.05757 
-0.0038 0.0038 3.2001e-01 -4.384e+01 0.12717 0.000 0.06986 0.05731 
-0.0038 0.0042 3.2001e-01 -4.338e+01 0.12661 0.000 0.06944 0.05717 
-0.0038 0.0046 3.2003e-01 -4.297e+01 0.12608 0.000 0.06913 0.05695 
-0.0038 0.0050 3.2000e-01 -4.263e+01 0.12560 0.000 0.06898 0.05662 
-0.0038 0.0054 3.2001e-01 -4.234e+01 0.12528 0.000 0.06867 0.05660 
-0.0038 0.0058 3.2000e-01 -4.211e+01 0.12500 0.000 0.06853 0.05646 
-0.0038 0.0062 3.2003e-01 -4.193e+01 0.12477 0.000 0.06843 0.05634 
-0.0038 0.0066 3.2002e-01 -4.181e+01 0.12470 0.000 0.06825 0.05645 
-0.0038 0.0070 3.1999e-01 -4.175e+01 0.12463 0.000 0.06842 0.05621 
-0.0038 0.0074 3.2002e-01 -4.172e+01 0.12468 0.000 0.06847 0.05621 
-0.0038 0.0078 3.2002e-01 -4.176e+01 0.12480 0.000 0.06852 0.05628 
-0.0038 0.0082 3.2001e-01 -4.185e+01 0.12498 0.000 0.06863 0.05635 
-0.0038 0.0086 3.2003e-01 -4.199e+01 0.12522 0.000 0.06871 0.05651 
-0.0038 0.0090 3.2001e-01 -4.219e+01 0.12558 0.000 0.06877 0.05681 
-0.0038 0.0094 3.2002e-01 -4.243e+01 0.12592 0.000 0.06905 0.05688 
-0.0038 0.0098 3.2001e-01 -4.272e+01 0.12641 0.000 0.06932 0.05708 
-0.0038 0.0102 3.2002e-01 -4.306e+01 0.12696 0.000 0.06958 0.05738 
-0.0038 0.0106 3.2002e-01 -4.345e+01 0.12757 0.000 0.06993 0.05765 
-0.0038 0.0110 3.2001e-01 -4.389e+01 0.12823 0.000 0.07033 0.05791 
-0.0038 0.0114 3.2002e-01 -4.437e+01 0.12898 0.000 0.07077 0.05821 
-0.0038 0.0118 3.2002e-01 -4.490e+01 0.12977 0.000 0.07130 0.05847 
-0.0034 0.0002 3.2002e-01 -4.758e+01 0.13228 0.000 0.07261 0.05968 
-0.0034 0.0006 3.2002e-01 -4.678e+01 0.13123 0.000 0.07203 0.05919 
-0.0034 0.0010 3.2002e-01 -4.604e+01 0.13017 0.003 0.07177 0.05841 
-0.0034 0.0014 3.2000e-01 -4.537e+01 0.12934 0.000 0.07102 0.05832 
-0.0034 0.0018 3.2001e-01 -4.475e+01 0.12850 0.000 0.07053 0.05797 
-0.0034 0.0022 3.2001e-01 -4.418e+01 0.12770 0.000 0.07026 0.05744 
-0.0034 0.0026 3.2002e-01 -4.366e+01 0.12705 0.000 0.06978 0.05728 
-0.0034 0.0030 3.2001e-01 -4.321e+01 0.12650 0.000 0.06936 0.05714 
-0.0034 0.0034 3.2002e-01 -4.280e+01 0.12592 0.000 0.06915 0.05677 
-0.0034 0.0038 3.2002e-01 -4.245e+01 0.12545 0.000 0.06890 0.05655 
-0.0034 0.0042 3.2001e-01 -4.216e+01 0.12511 0.000 0.06856 0.05655 
-0.0034 0.0046 3.2002e-01 -4.191e+01 0.12481 0.000 0.06842 0.05639 
-0.0034 0.0050 3.2000e-01 -4.173e+01 0.12459 0.000 0.06838 0.05622 
-0.0034 0.0054 3.2003e-01 -4.159e+01 0.12443 0.000 0.06830 0.05613 
-0.0034 0.0058 3.2001e-01 -4.151e+01 0.12438 0.000 0.06827 0.05611 
-0.0034 0.0062 3.2002e-01 -4.148e+01 0.12443 0.000 0.06830 0.05612 
-0.0034 0.0066 3.2000e-01 -4.151e+01 0.12452 0.000 0.06836 0.05616 
-0.0034 0.0070 3.2002e-01 -4.158e+01 0.12467 0.000 0.06843 0.05624 
-0.0034 0.0074 3.2002e-01 -4.171e+01 0.12488 0.000 0.06854 0.05634 
-0.0034 0.0078 3.2000e-01 -4.190e+01 0.12522 0.000 0.06854 0.05668 
-0.0034 0.0082 3.2002e-01 -4.212e+01 0.12551 0.000 0.06883 0.05668 
-0.0034 0.0086 3.2002e-01 -4.241e+01 0.12598 0.000 0.06904 0.05693 
-0.0034 0.0090 3.2001e-01 -4.274e+01 0.12650 0.000 0.06936 0.05715 
-0.0034 0.0094 3.2001e-01 -4.312e+01 0.12706 0.000 0.06979 0.05727 
-0.0034 0.0098 3.2001e-01 -4.356e+01 0.12774 0.000 0.07016 0.05758 
-0.0034 0.0102 3.2002e-01 -4.405e+01 0.12852 0.000 0.07050 0.05802 
-0.0034 0.0106 3.2002e-01 -4.458e+01 0.12930 0.000 0.07104 0.05826 
-0.0034 0.0110 3.2003e-01 -4.516e+01 0.13017 0.000 0.07154 0.05863 
-0.0034 0.0114 3.2002e-01 -4.580e+01 0.13111 0.000 0.07204 0.05907 
-0.0034 0.0118 3.2000e-01 -4.649e+01 0.13209 0.000 0.07259 0.05950 
-0.0030 0.0002 3.2003e-01 -4.535e+01 0.12944 0.000 0.07120 0.05823 
-0.0030 0.0006 3.2000e-01 -4.476e+01 0.12868 0.000 0.07059 0.05809 
-0.0030 0.0010 3.2002e-01 -4.420e+01 0.12789 0.000 0.07029 0.05760 
-0.0030 0.0014 3.2000e-01 -4.370e+01 0.12726 0.000 0.06985 0.05741 
-0.0030 0.0018 3.1999e-01 -4.325e+01 0.12661 0.000 0.06962 0.05700 
-0.0030 0.0022 3.2003e-01 -4.284e+01 0.12609 0.000 0.06920 0.05690 
-0.0030 0.0026 3.2002e-01 -4.249e+01 0.12565 0.000 0.06882 0.05683 
-0.0030 0.0030 3.2001e-01 -4.220e+01 0.12523 0.000 0.06865 0.05658 
-0.0030 0.0034 3.2001e-01 -4.194e+01 0.12491 0.000 0.06844 0.05647 
-0.0030 0.0038 3.2001e-01 -4.175e+01 0.12469 0.000 0.06831 0.05637 
-0.0030 0.0042 3.2001e-01 -4.160e+01 0.12449 0.000 0.06832 0.05617 
-0.0030 0.0046 3.2002e-01 -4.150e+01 0.12438 0.000 0.06826 0.05612 
-0.0030 0.0050 3.2002e-01 -4.145e+01 0.12436 0.000 0.06825 0.05611 
-0.0030 0.0054 3.2001e-01 -4.147e+01 0.12443 0.000 0.06829 0.05615 
-0.0030 0.0058 3.2002e-01 -4.153e+01 0.12454 0.000 0.06836 0.05618 
-0.0030 0.0062 3.1999e-01 -4.165e+01 0.12472 0.000 0.06846 0.05627 
-0.0030 0.0066 3.2001e-01 -4.182e+01 0.12501 0.000 0.06843 0.05659 
-0.0030 0.0070 3.2002e-01 -4.203e+01 0.12528 0.000 0.06870 0.05658 
-0.0030 0.0074 3.2000e-01 -4.231e+01 0.12575 0.000 0.06891 0.05683 
-0.0030 0.0078 3.2000e-01 -4.263e+01 0.12629 0.000 0.06922 0.05706 
-0.0030 0.0082 3.2001e-01 -4.300e+01 0.12685 0.000 0.06965 0.05720 
-0.0030 0.0086 3.2002e-01 -4.343e+01 0.12751 0.000 0.07003 0.05749 
-0.0030 0.0090 3.2002e-01 -4.392e+01 0.12829 0.000 0.07033 0.05796 
-0.0030 0.0094 3.2001e-01 -4.445e+01 0.12904 0.000 0.07092 0.05812 
-0.0030 0.0098 3.2002e-01 -4.504e+01 0.12990 0.000 0.07138 0.05852 
-0.0030 0.0102 3.2000e-01 -4.568e+01 0.13083 0.000 0.07189 0.05894 
-0.0030 0.0106 3.2001e-01 -4.637e+01 0.13176 0.000 0.07261 0.05915 
-0.0030 0.0110 3.2001e-01 -4.711e+01 0.13282 0.000 0.07316 0.05967 
-0.0030 0.0114 3.2001e-01 -4.791e+01 0.13396 0.000 0.07366 0.06030 
-0.0030 0.0118 3.2000e-01 -4.875e+01 0.13511 0.001 0.07431 0.06080 
-0.0026 0.0002 3.2001e-01 -4.391e+01 0.12759 0.000 0.07012 0.05747 
-0.0026 0.0006 3.2001e-01 -4.347e+01 0.12703 0.000 0.06970 0.05733 
-0.0026 0.0010 3.2001e-01 -4.307e+01 0.12647 0.000 0.06953 0.05694 
-0.0026 0.0014 3.2000e-01 -4.273e+01 0.12606 0.000 0.06906 0.05700 
-0.0026 0.0018 3.2003e-01 -4.242e+01 0.12563 0.000 0.06879 0.05684 
-0.0026 0.0022 3.2001e-01 -4.216e+01 0.12524 0.000 0.06877 0.05647 
-0.0026 0.0026 3.2000e-01 -4.197e+01 0.12502 0.000 0.06849 0.05653 
-0.0026 0.0030 3.2001e-01 -4.181e+01 0.12482 0.000 0.06836 0.05646 
-0.0026 0.0034 3.2002e-01 -4.169e+01 0.12466 0.000 0.06831 0.05635 
-0.0026 0.0038 3.2002e-01 -4.164e+01 0.12457 0.000 0.06829 0.05628 
-0.0026 0.0042 3.2001e-01 -4.164e+01 0.12456 0.000 0.06829 0.05627 
-0.0026 0.0046 3.2002e-01 -4.168e+01 0.12467 0.000 0.06837 0.05630 
-0.0026 0.0050 3.2001e-01 -4.178e+01 0.12484 0.000 0.06844 0.05641 
-0.0026 0.0054 3.2002e-01 -4.194e+01 0.12506 0.000 0.06854 0.05653 
-0.0026 0.0058 3.2001e-01 -4.214e+01 0.12537 0.000 0.06873 0.05664 
-0.0026 0.0062 3.2001e-01 -4.240e+01 0.12579 0.000 0.06894 0.05686 
-0.0026 0.0066 3.2002e-01 -4.271e+01 0.12628 0.000 0.06925 0.05703 
-0.0026 0.0070 3.2002e-01 -4.308e+01 0.12689 0.000 0.06954 0.05735 
-0.0026 0.0074 3.2001e-01 -4.351e+01 0.12752 0.000 0.06994 0.05758 
-0.0026 0.0078 3.1999e-01 -4.398e+01 0.12817 0.000 0.07052 0.05765 
-0.0026 0.0082 3.2003e-01 -4.451e+01 0.12896 0.000 0.07084 0.05812 
-0.0026 0.0086 3.2002e-01 -4.510e+01 0.12982 0.000 0.07126 0.05856 
-0.0026 0.0090 3.2001e-01 -4.575e+01 0.13073 0.000 0.07182 0.05892 
-0.0026 0.0094 3.2002e-01 -4.644e+01 0.13173 0.000 0.07239 0.05934 
-0.0026 0.0098 3.2001e-01 -4.720e+01 0.13276 0.000 0.07310 0.05966 
-0.0026 0.0102 3.2002e-01 -4.801e+01 0.13393 0.000 0.07359 0.06034 
-0.0026 0.0106 3.2002e-01 -4.888e+01 0.13511 0.001 0.07430 0.06080 
-0.0026 0.0110 3.2001e-01 -4.980e+01 0.13629 0.000 0.07521 0.06108 
-0.0026 0.0114 3.2000e-01 -5.079e+01 0.13768 0.001 0.07578 0.06190 
-0.0026 0.0118 3.2003e-01 -5.181e+01 0.13906 0.000 0.07641 0.06265 
-0.0022 0.0002 3.2001e-01 -4.312e+01 0.12667 0.000 0.06940 0.05727 
-0.0022 0.0006 3.2003e-01 -4.281e+01 0.12624 0.000 0.06914 0.05711 
-0.0022 0.0010 3.2002e-01 -4.255e+01 0.12582 0.000 0.06904 0.05679 
-0.0022 0.0014 3.2002e-01 -4.235e+01 0.12558 0.000 0.06874 0.05685 
-0.0022 0.0018 3.2002e-01 -4.218e+01 0.12529 0.000 0.06876 0.05653 
-0.0022 0.0022 3.2002e-01 -4.207e+01 0.12514 0.000 0.06860 0.05655 
-0.0022 0.0026 3.2003e-01 -4.200e+01 0.12505 0.000 0.06852 0.05653 
-0.0022 0.0030 3.2001e-01 -4.200e+01 0.12505 0.000 0.06851 0.05654 
-0.0022 0.0034 3.2001e-01 -4.203e+01 0.12511 0.000 0.06853 0.05659 
-0.0022 0.0038 3.2000e-01 -4.212e+01 0.12526 0.000 0.06865 0.05661 
-0.0022 0.0042 3.2002e-01 -4.226e+01 0.12547 0.000 0.06875 0.05672 
-0.0022 0.0046 3.2002e-01 -4.245e+01 0.12576 0.000 0.06896 0.05680 
-0.0022 0.0050 3.2001e-01 -4.270e+01 0.12615 0.000 0.06916 0.05698 
-0.0022 0.0054 3.2001e-01 -4.300e+01 0.12663 0.000 0.06939 0.05724 
-0.0022 0.0058 3.2001e-01 -4.335e+01 0.12713 0.000 0.06979 0.05734 
-0.0022 0.0062 3.2001e-01 -4.377e+01 0.12773 0.000 0.07020 0.05753 
-0.0022 0.0066 3.2002e-01 -4.424e+01 0.12841 0.000 0.07058 0.05783 
-0.0022 0.0070 3.2000e-01 -4.477e+01 0.12916 0.000 0.07098 0.05818 
-0.0022 0.0074 3.2002e-01 -4.536e+01 0.12997 0.000 0.07144 0.05854 
-0.0022 0.0078 3.2001e-01 -4.600e+01 0.13085 0.000 0.07211 0.05874 
-0.0022 0.0082 3.2002e-01 -4.671e+01 0.13186 0.000 0.07259 0.05927 
-0.0022 0.0086 3.2002e-01 -4.748e+01 0.13299 0.000 0.07311 0.05988 
-0.0022 0.0090 3.2001e-01 -4.830e+01 0.13408 0.000 0.07404 0.06004 
-0.0022 0.0094 3.2002e-01 -4.920e+01 0.13541 0.000 0.07439 0.06102 
-0.0022 0.0098 3.2001e-01 -5.014e+01 0.13658 0.000 0.07537 0.06121 
-0.0022 0.0102 3.2001e-01 -5.116e+01 0.13800 0.001 0.07594 0.06206 
-0.0022 0.0106 3.2001e-01 -5.222e+01 0.13931 0.000 0.07692 0.06239 
-0.0022 0.0110 3.2002e-01 -5.336e+01 0.14081 0.001 0.07753 0.06328 
-0.0022 0.0114 3.2002e-01 -5.455e+01 0.14228 0.001 0.07837 0.06391 
-0.0022 0.0118 3.2001e-01 -5.581e+01 0.14384 0.001 0.07919 0.06465 
-0.0018 0.0002 3.2000e-01 -4.288e+01 0.12628 0.000 0.06920 0.05707 
-0.0018 0.0006 3.2002e-01 -4.271e+01 0.12602 0.000 0.06904 0.05698 
-0.0018 0.0010 3.2000e-01 -4.260e+01 0.12583 0.000 0.06897 0.05686 
-0.0018 0.0014 3.2001e-01 -4.253e+01 0.12571 0.000 0.06888 0.05683 
-0.0018 0.0018 3.2001e-01 -4.250e+01 0.12569 0.000 0.06888 0.05681 
-0.0018 0.0022 3.2002e-01 -4.253e+01 0.12575 0.000 0.06888 0.05686 
-0.0018 0.0026 3.2003e-01 -4.260e+01 0.12587 0.000 0.06899 0.05688 
-0.0018 0.0030 3.2001e-01 -4.274e+01 0.12610 0.000 0.06912 0.05699 
-0.0018 0.0034 3.2002e-01 -4.292e+01 0.12634 0.000 0.06938 0.05696 
-0.0018 0.0038 3.2001e-01 -4.316e+01 0.12672 0.000 0.06949 0.05723 
-0.0018 0.0042 3.2002e-01 -4.345e+01 0.12714 0.000 0.06969 0.05745 
-0.0018 0.0046 3.2000e-01 -4.380e+01 0.12761 0.000 0.07000 0.05761 
-0.0018 0.0050 3.2000e-01 -4.420e+01 0.12814 0.000 0.07039 0.05774 
-0.0018 0.0054 3.2001e-01 -4.467e+01 0.12875 0.000 0.07085 0.05791 
-0.0018 0.0058 3.2002e-01 -4.519e+01 0.12952 0.000 0.07114 0.05837 
-0.0018 0.0062 3.2000e-01 -4.578e+01 0.13036 0.000 0.07160 0.05875 
-0.0018 0.0066 3.2000e-01 -4.643e+01 0.13127 0.000 0.07214 0.05913 
-0.0018 0.0070 3.2002e-01 -4.713e+01 0.13221 0.000 0.07281 0.05940 
-0.0018 0.0074 3.2000e-01 -4.792e+01 0.13332 0.000 0.07331 0.06001 
-0.0018 0.0078 3.2002e-01 -4.876e+01 0.13447 0.001 0.07396 0.06051 
-0.0018 0.0082 3.2002e-01 -4.965e+01 0.13562 0.000 0.07485 0.06076 
-0.0018 0.0086 3.2001e-01 -5.064e+01 0.13697 0.001 0.07540 0.06156 
-0.0018 0.0090 3.2002e-01 -5.169e+01 0.13837 0.000 0.07604 0.06233 
-0.0018 0.0094 3.2002e-01 -5.279e+01 0.13976 0.001 0.07696 0.06280 
-0.0018 0.0098 3.2001e-01 -5.398e+01 0.14127 0.000 0.07777 0.06350 
-0.0018 0.0102 3.2002e-01 -5.521e+01 0.14281 0.001 0.07867 0.06414 
-0.0018 0.0106 3.2003e-01 -5.652e+01 0.14442 0.001 0.07963 0.06479 
-0.0018 0.0110 3.2002e-01 -5.791e+01 0.14614 0.001 0.08049 0.06565 
-0.0018 0.0114 3.2001e-01 -5.937e+01 0.14794 0.002 0.08132 0.06661 
-0.0018 0.0118 3.2001e-01 -6.090e+01 0.14977 0.002 0.08216 0.06761 
-0.0014 0.0002 3.2002e-01 -4.314e+01 0.12648 0.000 0.06956 0.05692 
-0.0014 0.0006 3.2001e-01 -4.312e+01 0.12649 0.000 0.06930 0.05719 
-0.0014 0.0010 3.2001e-01 -4.314e+01 0.12652 0.000 0.06932 0.05720 
-0.0014 0.0014 3.2002e-01 -4.321e+01 0.12664 0.000 0.06939 0.05725 
-0.0014 0.0018 3.2001e-01 -4.334e+01 0.12684 0.000 0.06954 0.05729 
-0.0014 0.0022 3.2002e-01 -4.351e+01 0.12708 0.000 0.06973 0.05735 
-0.0014 0.0026 3.2000e-01 -4.374e+01 0.12737 0.000 0.06994 0.05743 
-0.0014 0.0030 3.2001e-01 -4.402e+01 0.12773 0.000 0.07015 0.05757 
-0.0014 0.0034 3.2001e-01 -4.436e+01 0.12812 0.000 0.07046 0.05765 
-0.0014 0.0038 3.2002e-01 -4.476e+01 0.12862 0.000 0.07076 0.05787 
-0.0014 0.0042 3.2000e-01 -4.523e+01 0.12928 0.000 0.07105 0.05823 
-0.0014 0.0046 3.2000e-01 -4.575e+01 0.13002 0.000 0.07142 0.05860 
-0.0014 0.0050 3.2001e-01 -4.633e+01 0.13077 0.000 0.07206 0.05871 
-0.0014 0.0054 3.2000e-01 -4.699e+01 0.13170 0.000 0.07255 0.05915 
-0.0014 0.0058 3.2001e-01 -4.771e+01 0.13273 0.000 0.07300 0.05973 
-0.0014 0.0062 3.2001e-01 -4.849e+01 0.13378 0.001 0.07360 0.06018 
-0.0014 0.0066 3.2002e-01 -4.933e+01 0.13483 0.000 0.07444 0.06039 
-0.0014 0.0070 3.2000e-01 -5.027e+01 0.13611 0.001 0.07494 0.06116 
-0.0014 0.0074 3.2000e-01 -5.126e+01 0.13728 0.000 0.07605 0.06123 
-0.0014 0.0078 3.2003e-01 -5.232e+01 0.13872 0.000 0.07661 0.06211 
-0.0014 0.0082 3.2001e-01 -5.349e+01 0.14027 0.001 0.07723 0.06304 
-0.0014 0.0086 3.2000e-01 -5.472e+01 0.14181 0.001 0.07811 0.06371 
-0.0014 0.0090 3.2000e-01 -5.601e+01 0.14341 0.001 0.07901 0.06440 
-0.0014 0.0094 3.2002e-01 -5.738e+01 0.14509 0.001 0.07996 0.06513 
-0.0014 0.0098 3.2001e-01 -5.885e+01 0.14689 0.002 0.08081 0.06608 
-0.0014 0.0102 3.2000e-01 -6.040e+01 0.14876 0.002 0.08166 0.06710 
-0.0014 0.0106 3.2000e-01 -6.203e+01 0.15071 0.003 0.08255 0.06816 
-0.0014 0.0110 3.2001e-01 -6.372e+01 0.15269 0.003 0.08348 0.06922 
-0.0014 0.0114 3.2000e-01 -6.552e+01 0.15477 0.004 0.08437 0.07040 
-0.0014 0.0118 3.2002e-01 -6.738e+01 0.15691 0.005 0.08528 0.07163 
-0.0010 0.0002 3.2001e-01 -4.389e+01 0.12745 0.000 0.06996 0.05749 
-0.0010 0.0006 3.2002e-01 -4.400e+01 0.12762 0.000 0.07011 0.05750 
-0.0010 0.0010 3.2001e-01 -4.418e+01 0.12788 0.000 0.07020 0.05768 
-0.0010 0.0014 3.2002e-01 -4.440e+01 0.12815 0.000 0.07039 0.05775 
-0.0010 0.0018 3.2002e-01 -4.468e+01 0.12849 0.000 0.07060 0.05789 
-0.0010 0.0022 3.2000e-01 -4.502e+01 0.12891 0.000 0.07084 0.05808 
-0.0010 0.0026 3.2000e-01 -4.542e+01 0.12943 0.000 0.07109 0.05834 
-0.0010 0.0030 3.2001e-01 -4.588e+01 0.13002 0.000 0.07146 0.05855 
-0.0010 0.0034 3.2000e-01 -4.639e+01 0.13068 0.000 0.07198 0.05870 
-0.0010 0.0038 3.2002e-01 -4.698e+01 0.13146 0.000 0.07241 0.05904 
-0.0010 0.0042 3.2001e-01 -4.763e+01 0.13241 0.000 0.07282 0.05958 
-0.0010 0.0046 3.2000e-01 -4.836e+01 0.13340 0.001 0.07339 0.06001 
-0.0010 0.0050 3.2001e-01 -4.914e+01 0.13434 0.000 0.07419 0.06015 
-0.0010 0.0054 3.2000e-01 -5.002e+01 0.13548 0.000 0.07480 0.06069 
-0.0010 0.0058 3.2001e-01 -5.097e+01 0.13672 0.001 0.07529 0.06143 
-0.0010 0.0062 3.2002e-01 -5.197e+01 0.13791 0.000 0.07617 0.06173 
-0.0010 0.0066 3.2001e-01 -5.309e+01 0.13936 0.001 0.07677 0.06259 
-0.0010 0.0070 3.2001e-01 -5.427e+01 0.14085 0.001 0.07761 0.06324 
-0.0010 0.0074 3.2002e-01 -5.554e+01 0.14244 0.001 0.07845 0.06399 
-0.0010 0.0078 3.2003e-01 -5.688e+01 0.14409 0.001 0.07944 0.06465 
-0.0010 0.0082 3.2000e-01 -5.835e+01 0.14588 0.001 0.08032 0.06557 
-0.0010 0.0086 3.2001e-01 -5.988e+01 0.14778 0.002 0.08118 0.06660 
-0.0010 0.0090 3.2002e-01 -6.151e+01 0.14974 0.002 0.08207 0.06767 
-0.0010 0.0094 3.2000e-01 -6.324e+01 0.15182 0.003 0.08303 0.06878 
-0.0010 0.0098 3.2000e-01 -6.505e+01 0.15398 0.004 0.08398 0.07000 
-0.0010 0.0102 3.2001e-01 -6.697e+01 0.15619 0.005 0.08492 0.07128 
-0.0010 0.0106 3.2000e-01 -6.898e+01 0.15849 0.006 0.08590 0.07258 
-0.0010 0.0110 3.2000e-01 -7.109e+01 0.16085 0.007 0.08689 0.07397 
-0.0010 0.0114 3.2000e-01 -7.329e+01 0.16328 0.010 0.08787 0.07541 
-0.0010 0.0118 3.2000e-01 -7.560e+01 0.16579 0.011 0.08889 0.07690 
-0.0006 0.0002 3.2001e-01 -4.511e+01 0.12911 0.000 0.07091 0.05820 
-0.0006 0.0006 3.2001e-01 -4.539e+01 0.12950 0.000 0.07107 0.05842 
-0.0006 0.0010 3.2002e-01 -4.572e+01 0.12989 0.000 0.07137 0.05852 
-0.0006 0.0014 3.2000e-01 -4.611e+01 0.13033 0.000 0.07179 0.05854 
-0.0006 0.0018 3.2003e-01 -4.656e+01 0.13088 0.000 0.07208 0.05880 
-0.0006 0.0022 3.2001e-01 -4.709e+01 0.13153 0.000 0.07247 0.05906 
-0.0006 0.0026 3.2002e-01 -4.767e+01 0.13231 0.000 0.07276 0.05955 
-0.0006 0.0030 3.2001e-01 -4.833e+01 0.13317 0.001 0.07326 0.05991 
-0.0006 0.0034 3.2002e-01 -4.905e+01 0.13406 0.000 0.07401 0.06005 
-0.0006 0.0038 3.2001e-01 -4.985e+01 0.13509 0.000 0.07458 0.06051 
-0.0006 0.0042 3.2002e-01 -5.074e+01 0.13624 0.001 0.07501 0.06123 
-0.0006 0.0046 3.2001e-01 -5.169e+01 0.13736 0.000 0.07590 0.06146 
-0.0006 0.0050 3.2001e-01 -5.275e+01 0.13871 0.001 0.07643 0.06228 
-0.0006 0.0054 3.2001e-01 -5.388e+01 0.14010 0.000 0.07714 0.06295 
-0.0006 0.0058 3.2003e-01 -5.509e+01 0.14158 0.001 0.07801 0.06357 
-0.0006 0.0062 3.2002e-01 -5.640e+01 0.14318 0.001 0.07897 0.06421 
-0.0006 0.0066 3.2002e-01 -5.782e+01 0.14493 0.001 0.07984 0.06509 
-0.0006 0.0070 3.2000e-01 -5.934e+01 0.14682 0.002 0.08071 0.06611 
-0.0006 0.0074 3.2000e-01 -6.095e+01 0.14879 0.002 0.08160 0.06719 
-0.0006 0.0078 3.2000e-01 -6.266e+01 0.15084 0.003 0.08255 0.06830 
-0.0006 0.0082 3.2002e-01 -6.448e+01 0.15299 0.003 0.08351 0.06948 
-0.0006 0.0086 3.2001e-01 -6.642e+01 0.15524 0.005 0.08446 0.07078 
-0.0006 0.0090 3.2001e-01 -6.846e+01 0.15755 0.006 0.08544 0.07211 
-0.0006 0.0094 3.2001e-01 -7.062e+01 0.15997 0.007 0.08646 0.07351 
-0.0006 0.0098 3.2000e-01 -7.290e+01 0.16251 0.009 0.08748 0.07503 
-0.0006 0.0102 3.2001e-01 -7.529e+01 0.16514 0.011 0.08855 0.07660 
-0.0006 0.0106 3.2000e-01 -7.781e+01 0.16787 0.014 0.08960 0.07827 
-0.0006 0.0110 3.2001e-01 -8.044e+01 0.17066 0.018 0.09068 0.07998 
-0.0006 0.0114 3.2001e-01 -8.320e+01 0.17355 0.021 0.09180 0.08175 
-0.0006 0.0118 3.2001e-01 -8.609e+01 0.17658 0.028 0.09294 0.08364 
-0.0002 0.0002 3.2000e-01 -4.682e+01 0.13128 0.000 0.07228 0.05901 
-0.0002 0.0006 3.2001e-01 -4.728e+01 0.13183 0.000 0.07249 0.05934 
-0.0002 0.0010 3.2003e-01 -4.778e+01 0.13236 0.000 0.07309 0.05926 
-0.0002 0.0014 3.2002e-01 -4.838e+01 0.13317 0.001 0.07325 0.05992 
-0.0002 0.0018 3.2003e-01 -4.902e+01 0.13392 0.000 0.07392 0.06000 
-0.0002 0.0022 3.2001e-01 -4.976e+01 0.13486 0.000 0.07439 0.06047 
-0.0002 0.0026 3.2003e-01 -5.057e+01 0.13590 0.001 0.07482 0.06108 
-0.0002 0.0030 3.2002e-01 -5.147e+01 0.13704 0.001 0.07542 0.06162 
-0.0002 0.0034 3.2003e-01 -5.244e+01 0.13822 0.001 0.07614 0.06208 
-0.0002 0.0038 3.2000e-01 -5.351e+01 0.13951 0.000 0.07685 0.06267 
-0.0002 0.0042 3.2003e-01 -5.466e+01 0.14085 0.001 0.07764 0.06321 
-0.0002 0.0046 3.2000e-01 -5.593e+01 0.14237 0.001 0.07845 0.06392 
-0.0002 0.0050 3.2001e-01 -5.727e+01 0.14398 0.001 0.07937 0.06461 
-0.0002 0.0054 3.2001e-01 -5.874e+01 0.14582 0.002 0.08022 0.06560 
-0.0002 0.0058 3.2001e-01 -6.032e+01 0.14774 0.002 0.08109 0.06665 
-0.0002 0.0062 3.2001e-01 -6.200e+01 0.14975 0.003 0.08202 0.06774 
-0.0002 0.0066 3.2001e-01 -6.380e+01 0.15188 0.003 0.08299 0.06888 
-0.0002 0.0070 3.2000e-01 -6.574e+01 0.15412 0.004 0.08393 0.07019 
-0.0002 0.0074 3.2000e-01 -6.778e+01 0.15643 0.005 0.08491 0.07152 
-0.0002 0.0078 3.2001e-01 -6.996e+01 0.15887 0.007 0.08595 0.07292 
-0.0002 0.0082 3.2000e-01 -7.229e+01 0.16149 0.009 0.08699 0.07450 
-0.0002 0.0086 3.2000e-01 -7.474e+01 0.16422 0.011 0.08809 0.07613 
-0.0002 0.0090 3.2001e-01 -7.733e+01 0.16704 0.014 0.08920 0.07784 
-0.0002 0.0094 3.2001e-01 -8.008e+01 0.16999 0.018 0.09033 0.07966 
-0.0002 0.0098 3.2002e-01 -8.297e+01 0.17303 0.022 0.09150 0.08153 
-0.0002 0.0102 3.2000e-01 -8.605e+01 0.17623 0.029 0.09269 0.08353 
-0.0002 0.0106 3.2000e-01 -8.925e+01 0.17950 0.035 0.09393 0.08558 
-0.0002 0.0110 3.2001e-01 -9.266e+01 0.18298 0.046 0.09521 0.08778 
-0.0002 0.0114 3.2001e-01 -9.622e+01 0.18664 0.058 0.09656 0.09007 
-0.0002 0.0118 3.2001e-01 -1.000e+02 0.19045 0.076 0.09797 0.09249 
