-0.00185696 0.00290321 1.0001e+00 -1.432e+02 0.2142293 0.000 0.1232147 0.0910146 
-0.00185696 0.00315206 1.0001e+00 -1.430e+02 0.2141017 0.000 0.1231449 0.0909567 
-0.00185696 0.00340091 1.0001e+00 -1.429e+02 0.2140370 0.000 0.1231319 0.0909052 
-0.00185696 0.00364975 1.0001e+00 -1.428e+02 0.2140562 0.000 0.1231355 0.0909207 
-0.00185696 0.00389860 1.0000e+00 -1.429e+02 0.2141175 0.000 0.1232088 0.0909085 
-0.00185696 0.00414745 1.0001e+00 -1.429e+02 0.2142352 0.000 0.1232123 0.0910228 
-0.00210581 0.00539168 1.0001e+00 -1.429e+02 0.2143121 0.000 0.1233070 0.0910048 
-0.00210581 0.00564053 1.0001e+00 -1.431e+02 0.2144869 0.000 0.1236090 0.0908779 
-0.00210581 0.00588937 1.0000e+00 -1.435e+02 0.2148181 0.000 0.1236940 0.0911242 
-0.00210581 0.00613822 1.0001e+00 -1.438e+02 0.2151382 0.000 0.1238305 0.0913075 
-0.00210581 0.00638707 1.0000e+00 -1.443e+02 0.2155823 0.000 0.1238893 0.0916927 
-0.00210581 0.00663591 1.0000e+00 -1.447e+02 0.2159834 0.000 0.1240966 0.0918865 
-0.00210581 0.00688476 1.0000e+00 -1.452e+02 0.2164081 0.000 0.1242973 0.0921110 
-0.00210581 0.00713361 1.0000e+00 -1.458e+02 0.2168582 0.000 0.1245448 0.0923134 
-0.00210581 0.00738245 1.0001e+00 -1.463e+02 0.2172943 0.000 0.1248649 0.0924297 
-0.00210581 0.00763130 1.0000e+00 -1.470e+02 0.2177522 0.000 0.1252950 0.0924575 
-0.00210581 0.00788015 1.0000e+00 -1.476e+02 0.2181658 0.000 0.1258162 0.0923497 
-0.00210581 0.00812899 1.0000e+00 -1.483e+02 0.2188194 0.000 0.1259031 0.0929162 
-0.00210581 0.00837784 1.0000e+00 -1.491e+02 0.2193716 0.000 0.1262636 0.0931082 
-0.00210581 0.00862669 1.0001e+00 -1.498e+02 0.2199457 0.000 0.1266009 0.0933451 
-0.00210581 0.00887553 1.0000e+00 -1.506e+02 0.2205490 0.000 0.1269436 0.0936057 
-0.00223023 0.00290321 1.0001e+00 -1.439e+02 0.2147029 0.000 0.1236169 0.0910861 
-0.00223023 0.00315206 1.0000e+00 -1.435e+02 0.2143595 0.000 0.1235246 0.0908348 
-0.00223023 0.00340091 1.0000e+00 -1.431e+02 0.2141766 0.000 0.1232070 0.0909694 
-0.00223023 0.00364975 1.0001e+00 -1.428e+02 0.2140199 0.000 0.1229290 0.0910908 
-0.00223023 0.00389860 9.9999e-01 -1.426e+02 0.2138537 0.000 0.1228456 0.0910084 
-0.00223023 0.00414745 1.0000e+00 -1.424e+02 0.2137333 0.000 0.1227643 0.0909692 
-0.00223023 0.00439629 1.0001e+00 -1.423e+02 0.2137344 0.000 0.1226107 0.0911237 
-0.00223023 0.00464514 1.0000e+00 -1.422e+02 0.2137486 0.000 0.1226453 0.0911033 
-0.00223023 0.00489399 1.0001e+00 -1.422e+02 0.2137320 0.000 0.1228398 0.0908923 
-0.00223023 0.00514283 1.0000e+00 -1.423e+02 0.2139281 0.000 0.1227549 0.0911730 
-0.00223023 0.00539168 1.0001e+00 -1.425e+02 0.2141467 0.000 0.1226692 0.0914773 
-0.00223023 0.00564053 1.0001e+00 -1.426e+02 0.2142150 0.000 0.1230300 0.0911849 
-0.00223023 0.00588937 1.0001e+00 -1.429e+02 0.2143467 0.000 0.1233294 0.0910172 
-0.00223023 0.00613822 1.0001e+00 -1.431e+02 0.2145423 0.000 0.1236478 0.0908943 
-0.00223023 0.00638707 1.0001e+00 -1.435e+02 0.2149094 0.000 0.1237102 0.0911993 
-0.00223023 0.00663591 1.0000e+00 -1.439e+02 0.2153923 0.000 0.1236253 0.0917671 
-0.00223023 0.00688476 1.0001e+00 -1.443e+02 0.2156824 0.000 0.1239334 0.0917490 
-0.00223023 0.00713361 1.0001e+00 -1.448e+02 0.2161067 0.000 0.1241462 0.0919606 
-0.00223023 0.00738245 1.0001e+00 -1.453e+02 0.2165225 0.000 0.1244090 0.0921135 
-0.00223023 0.00763130 1.0000e+00 -1.459e+02 0.2170089 0.000 0.1246353 0.0923736 
-0.00223023 0.00788015 1.0001e+00 -1.465e+02 0.2174733 0.000 0.1249596 0.0925137 
-0.00223023 0.00812899 1.0000e+00 -1.471e+02 0.2180375 0.000 0.1251684 0.0928692 
-0.00223023 0.00837784 1.0001e+00 -1.477e+02 0.2183561 0.000 0.1258405 0.0925153 
-0.00223023 0.00862669 1.0001e+00 -1.485e+02 0.2189948 0.000 0.1259877 0.0930072 
-0.00223023 0.00887553 1.0001e+00 -1.492e+02 0.2195489 0.000 0.1263546 0.0931944 
-0.00235466 0.00290321 1.0000e+00 -1.445e+02 0.2152563 0.000 0.1235669 0.0916890 
-0.00235466 0.00315206 1.0001e+00 -1.439e+02 0.2147065 0.000 0.1236339 0.0910725 
-0.00235466 0.00340091 1.0000e+00 -1.435e+02 0.2143865 0.000 0.1234265 0.0909599 
-0.00235466 0.00364975 1.0001e+00 -1.431e+02 0.2141309 0.000 0.1231772 0.0909535 
-0.00235466 0.00389860 1.0001e+00 -1.427e+02 0.2139790 0.000 0.1229107 0.0910680 
-0.00235466 0.00414745 1.0001e+00 -1.425e+02 0.2138719 0.000 0.1226432 0.0912286 
-0.00235466 0.00439629 1.0002e+00 -1.423e+02 0.2136263 0.000 0.1227717 0.0908548 
-0.00235466 0.00464514 1.0000e+00 -1.422e+02 0.2137075 0.000 0.1224412 0.0912658 
-0.00235466 0.00489399 1.0000e+00 -1.421e+02 0.2136920 0.000 0.1224524 0.0912396 
-0.00235466 0.00514283 1.0001e+00 -1.421e+02 0.2135999 0.000 0.1227470 0.0908532 
-0.00235466 0.00539168 9.9999e-01 -1.422e+02 0.2138615 0.000 0.1225332 0.0913282 
-0.00235466 0.00564053 1.0001e+00 -1.422e+02 0.2139446 0.000 0.1226700 0.0912744 
-0.00235466 0.00588937 1.0001e+00 -1.424e+02 0.2140434 0.000 0.1229323 0.0911110 
-0.00235466 0.00613822 1.0001e+00 -1.426e+02 0.2144018 0.000 0.1227881 0.0916138 
-0.00235466 0.00638707 1.0001e+00 -1.429e+02 0.2144487 0.000 0.1233135 0.0911354 
-0.00235466 0.00663591 1.0001e+00 -1.432e+02 0.2146531 0.000 0.1236981 0.0909551 
-0.00235466 0.00688476 1.0001e+00 -1.436e+02 0.2151265 0.000 0.1235615 0.0915653 
-0.00235466 0.00713361 1.0001e+00 -1.440e+02 0.2155081 0.000 0.1237248 0.0917831 
-0.00235466 0.00738245 1.0000e+00 -1.444e+02 0.2158425 0.000 0.1240398 0.0918027 
-0.00235466 0.00763130 1.0001e+00 -1.449e+02 0.2162428 0.000 0.1242322 0.0920104 
-0.00185696 0.00439629 1.0000e+00 -1.431e+02 0.2143394 0.000 0.1234236 0.0909157 
-0.00185696 0.00464514 1.0001e+00 -1.433e+02 0.2145689 0.000 0.1234472 0.0911216 
-0.00185696 0.00489399 1.0001e+00 -1.436e+02 0.2147692 0.000 0.1236629 0.0911064 
-0.00185696 0.00514283 1.0001e+00 -1.439e+02 0.2150706 0.000 0.1237599 0.0913107 
-0.00185696 0.00539168 1.0001e+00 -1.443e+02 0.2154452 0.000 0.1238175 0.0916280 
-0.00185696 0.00564053 1.0001e+00 -1.447e+02 0.2158077 0.000 0.1239925 0.0918153 
-0.00235466 0.00788015 1.0000e+00 -1.455e+02 0.2167212 0.000 0.1244657 0.0922555 
-0.00235466 0.00812899 1.0000e+00 -1.460e+02 0.2172056 0.000 0.1247314 0.0924741 
-0.00235466 0.00837784 1.0000e+00 -1.466e+02 0.2177066 0.000 0.1249978 0.0927089 
-0.00235466 0.00862669 1.0001e+00 -1.473e+02 0.2181873 0.000 0.1253318 0.0928555 
-0.00235466 0.00887553 1.0001e+00 -1.479e+02 0.2186316 0.000 0.1258282 0.0928033 
-0.00247908 0.00290321 1.0001e+00 -1.452e+02 0.2157178 0.000 0.1239580 0.0917601 
-0.00247908 0.00315206 1.0001e+00 -1.445e+02 0.2152488 0.000 0.1237107 0.0915380 
-0.00247908 0.00340091 1.0001e+00 -1.439e+02 0.2146806 0.000 0.1237583 0.0909222 
-0.00247908 0.00364975 1.0001e+00 -1.435e+02 0.2143927 0.000 0.1234601 0.0909326 
-0.00247908 0.00389860 1.0001e+00 -1.431e+02 0.2141486 0.000 0.1231648 0.0909836 
-0.00247908 0.00414745 1.0001e+00 -1.427e+02 0.2139640 0.000 0.1228975 0.0910661 
-0.00247908 0.00439629 1.0001e+00 -1.424e+02 0.2137637 0.000 0.1227892 0.0909743 
-0.00247908 0.00464514 1.0001e+00 -1.422e+02 0.2136289 0.000 0.1227111 0.0909178 
-0.00247908 0.00489399 1.0001e+00 -1.421e+02 0.2134944 0.000 0.1227263 0.0907680 
-0.00247908 0.00514283 1.0001e+00 -1.420e+02 0.2135590 0.000 0.1224977 0.0910612 
-0.00247908 0.00539168 1.0001e+00 -1.420e+02 0.2135033 0.000 0.1227085 0.0907951 
-0.00247908 0.00564053 1.0000e+00 -1.420e+02 0.2135949 0.000 0.1227597 0.0908352 
-0.00247908 0.00588937 1.0000e+00 -1.421e+02 0.2138807 0.000 0.1225234 0.0913570 
-0.00247908 0.00613822 1.0001e+00 -1.422e+02 0.2140286 0.000 0.1226106 0.0914181 
-0.00247908 0.00638707 1.0001e+00 -1.424e+02 0.2142447 0.000 0.1227080 0.0915369 
-0.00247908 0.00663591 1.0000e+00 -1.427e+02 0.2144980 0.000 0.1228428 0.0916554 
-0.00247908 0.00688476 1.0001e+00 -1.430e+02 0.2145588 0.000 0.1234263 0.0911325 
-0.00247908 0.00713361 1.0000e+00 -1.433e+02 0.2149664 0.000 0.1234369 0.0915290 
-0.00247908 0.00738245 1.0001e+00 -1.437e+02 0.2153058 0.000 0.1235990 0.0917069 
-0.00247908 0.00763130 1.0000e+00 -1.441e+02 0.2156419 0.000 0.1239097 0.0917327 
-0.00247908 0.00788015 1.0000e+00 -1.446e+02 0.2160335 0.000 0.1241007 0.0919329 
-0.00247908 0.00812899 1.0001e+00 -1.451e+02 0.2164531 0.000 0.1243188 0.0921341 
-0.00247908 0.00837784 1.0001e+00 -1.456e+02 0.2169127 0.000 0.1245711 0.0923415 
-0.00247908 0.00862669 1.0000e+00 -1.462e+02 0.2174202 0.000 0.1248294 0.0925908 
-0.00247908 0.00887553 1.0000e+00 -1.468e+02 0.2179113 0.000 0.1251082 0.0928034 
-0.00260350 0.00290321 1.0001e+00 -1.460e+02 0.2163097 0.000 0.1242907 0.0920184 
-0.00260350 0.00315206 1.0000e+00 -1.453e+02 0.2157900 0.000 0.1240012 0.0917890 
-0.00260350 0.00340091 1.0001e+00 -1.446e+02 0.2153071 0.000 0.1237546 0.0915527 
-0.00260350 0.00364975 1.0001e+00 -1.440e+02 0.2148893 0.000 0.1234728 0.0914162 
-0.00260350 0.00389860 1.0000e+00 -1.436e+02 0.2145571 0.000 0.1232496 0.0913075 
-0.00260350 0.00414745 1.0001e+00 -1.431e+02 0.2141704 0.000 0.1232090 0.0909615 
-0.00260350 0.00439629 1.0000e+00 -1.428e+02 0.2141101 0.000 0.1226682 0.0914419 
-0.00260350 0.00464514 1.0001e+00 -1.425e+02 0.2137609 0.000 0.1227991 0.0909620 
-0.00260350 0.00489399 1.0001e+00 -1.422e+02 0.2137277 0.000 0.1224576 0.0912699 
-0.00260350 0.00514283 9.9999e-01 -1.421e+02 0.2135184 0.000 0.1226481 0.0908702 
-0.00260350 0.00539168 1.0001e+00 -1.419e+02 0.2134549 0.000 0.1226133 0.0908419 
-0.00260350 0.00564053 1.0001e+00 -1.419e+02 0.2134393 0.000 0.1226545 0.0907845 
-0.00260350 0.00588937 1.0001e+00 -1.419e+02 0.2136484 0.000 0.1224141 0.0912343 
-0.00260350 0.00613822 1.0001e+00 -1.420e+02 0.2136512 0.000 0.1227095 0.0909420 
-0.00260350 0.00638707 1.0001e+00 -1.421e+02 0.2138007 0.000 0.1228098 0.0909904 
-0.00260350 0.00663591 1.0000e+00 -1.423e+02 0.2141335 0.000 0.1226562 0.0914771 
-0.00260350 0.00688476 1.0000e+00 -1.425e+02 0.2143697 0.000 0.1227584 0.0916114 
-0.00260350 0.00713361 1.0000e+00 -1.428e+02 0.2144399 0.000 0.1233129 0.0911273 
-0.00260350 0.00738245 1.0001e+00 -1.431e+02 0.2147499 0.000 0.1234271 0.0913227 
-0.00260350 0.00763130 1.0001e+00 -1.434e+02 0.2151368 0.000 0.1235056 0.0916311 
-0.00260350 0.00788015 1.0001e+00 -1.438e+02 0.2154956 0.000 0.1236840 0.0918112 
-0.00260350 0.00812899 1.0001e+00 -1.443e+02 0.2158315 0.000 0.1239704 0.0918611 
-0.00260350 0.00837784 1.0000e+00 -1.448e+02 0.2162425 0.000 0.1242048 0.0920377 
-0.00260350 0.00862669 1.0001e+00 -1.453e+02 0.2167034 0.000 0.1244148 0.0922887 
-0.00260350 0.00887553 1.0001e+00 -1.458e+02 0.2171540 0.000 0.1246859 0.0924681 
-0.00272793 0.00290321 1.0001e+00 -1.470e+02 0.2168540 0.000 0.1249727 0.0918811 
-0.00272793 0.00315206 1.0000e+00 -1.462e+02 0.2164109 0.000 0.1243443 0.0920665 
-0.00272793 0.00340091 1.0001e+00 -1.454e+02 0.2158464 0.000 0.1240332 0.0918134 
-0.00272793 0.00364975 1.0000e+00 -1.448e+02 0.2153738 0.000 0.1237880 0.0915861 
-0.00272793 0.00389860 1.0001e+00 -1.442e+02 0.2149757 0.000 0.1234715 0.0915045 
-0.00185696 0.00588937 1.0000e+00 -1.451e+02 0.2162089 0.000 0.1241962 0.0920125 
-0.00185696 0.00613822 1.0001e+00 -1.457e+02 0.2166237 0.000 0.1244036 0.0922204 
-0.00185696 0.00638707 1.0000e+00 -1.462e+02 0.2170676 0.000 0.1246700 0.0923974 
-0.00185696 0.00663591 1.0001e+00 -1.468e+02 0.2175373 0.000 0.1249410 0.0925967 
-0.00185696 0.00688476 1.0001e+00 -1.475e+02 0.2180068 0.000 0.1253525 0.0926542 
-0.00185696 0.00713361 1.0001e+00 -1.481e+02 0.2185107 0.000 0.1257449 0.0927658 
-0.00272793 0.00414745 1.0000e+00 -1.437e+02 0.2146089 0.000 0.1233140 0.0912952 
-0.00272793 0.00439629 1.0001e+00 -1.432e+02 0.2142123 0.000 0.1232330 0.0909791 
-0.00272793 0.00464514 1.0001e+00 -1.428e+02 0.2140173 0.000 0.1229464 0.0910712 
-0.00272793 0.00489399 1.0001e+00 -1.425e+02 0.2137989 0.000 0.1227879 0.0910112 
-0.00272793 0.00514283 1.0000e+00 -1.423e+02 0.2136293 0.000 0.1227316 0.0908979 
-0.00272793 0.00539168 1.0001e+00 -1.421e+02 0.2136111 0.000 0.1224128 0.0911982 
-0.00272793 0.00564053 1.0001e+00 -1.419e+02 0.2134267 0.000 0.1226523 0.0907743 
-0.00272793 0.00588937 1.0001e+00 -1.419e+02 0.2135640 0.000 0.1223286 0.0912350 
-0.00272793 0.00613822 1.0000e+00 -1.419e+02 0.2136321 0.000 0.1223543 0.0912779 
-0.00272793 0.00638707 9.9998e-01 -1.419e+02 0.2136410 0.000 0.1226148 0.0910269 
-0.00272793 0.00663591 1.0001e+00 -1.420e+02 0.2137339 0.000 0.1227505 0.0909835 
-0.00272793 0.00688476 9.9998e-01 -1.422e+02 0.2139213 0.000 0.1228735 0.0910479 
-0.00272793 0.00713361 1.0000e+00 -1.424e+02 0.2142550 0.000 0.1227110 0.0915437 
-0.00272793 0.00738245 1.0001e+00 -1.426e+02 0.2145108 0.000 0.1228570 0.0916537 
-0.00272793 0.00763130 1.0000e+00 -1.429e+02 0.2146049 0.000 0.1234076 0.0911972 
-0.00272793 0.00788015 1.0001e+00 -1.432e+02 0.2149854 0.000 0.1234400 0.0915456 
-0.00272793 0.00812899 1.0001e+00 -1.436e+02 0.2152958 0.000 0.1236878 0.0916083 
-0.00272793 0.00837784 9.9997e-01 -1.441e+02 0.2156924 0.000 0.1238874 0.0918051 
-0.00272793 0.00862669 1.0001e+00 -1.445e+02 0.2160542 0.000 0.1241268 0.0919273 
-0.00272793 0.00887553 1.0001e+00 -1.450e+02 0.2164785 0.000 0.1243464 0.0921323 
-0.00285235 0.00290321 1.0000e+00 -1.482e+02 0.2176952 0.000 0.1253801 0.0923152 
-0.00285235 0.00315206 1.0000e+00 -1.473e+02 0.2170925 0.000 0.1248464 0.0922462 
-0.00285235 0.00340091 1.0001e+00 -1.464e+02 0.2165198 0.000 0.1244074 0.0921122 
-0.00285235 0.00364975 1.0001e+00 -1.457e+02 0.2159464 0.000 0.1241031 0.0918438 
-0.00285235 0.00389860 1.0001e+00 -1.450e+02 0.2154476 0.000 0.1238462 0.0916010 
-0.00285235 0.00414745 1.0000e+00 -1.444e+02 0.2150240 0.000 0.1236192 0.0914053 
-0.00285235 0.00439629 1.0001e+00 -1.438e+02 0.2146714 0.000 0.1233451 0.0913265 
-0.00285235 0.00464514 1.0001e+00 -1.433e+02 0.2142865 0.000 0.1232551 0.0910313 
-0.00285235 0.00489399 1.0000e+00 -1.429e+02 0.2140942 0.000 0.1229916 0.0911027 
-0.00285235 0.00514283 1.0000e+00 -1.426e+02 0.2139717 0.000 0.1226161 0.0913557 
-0.00285235 0.00539168 1.0000e+00 -1.423e+02 0.2136718 0.000 0.1227502 0.0909215 
-0.00285235 0.00564053 1.0001e+00 -1.421e+02 0.2134985 0.000 0.1227137 0.0907847 
-0.00285235 0.00588937 1.0000e+00 -1.420e+02 0.2134373 0.000 0.1226736 0.0907639 
-0.00285235 0.00613822 1.0001e+00 -1.419e+02 0.2135528 0.000 0.1223648 0.0911880 
-0.00285235 0.00638707 1.0001e+00 -1.419e+02 0.2135473 0.000 0.1224513 0.0910962 
-0.00285235 0.00663591 1.0000e+00 -1.419e+02 0.2136808 0.000 0.1224277 0.0912531 
-0.00285235 0.00688476 1.0001e+00 -1.420e+02 0.2137147 0.000 0.1226678 0.0910464 
-0.00285235 0.00713361 1.0001e+00 -1.421e+02 0.2139692 0.000 0.1225661 0.0914035 
-0.00285235 0.00738245 1.0001e+00 -1.423e+02 0.2140714 0.000 0.1229087 0.0911627 
-0.00285235 0.00763130 1.0001e+00 -1.425e+02 0.2144256 0.000 0.1227864 0.0916392 
-0.00285235 0.00788015 1.0000e+00 -1.428e+02 0.2145198 0.000 0.1233405 0.0911794 
-0.00285235 0.00812899 1.0001e+00 -1.431e+02 0.2148740 0.000 0.1233987 0.0914755 
-0.00285235 0.00837784 1.0001e+00 -1.434e+02 0.2152082 0.000 0.1235579 0.0916503 
-0.00285235 0.00862669 1.0001e+00 -1.439e+02 0.2155352 0.000 0.1238162 0.0917190 
-0.00285235 0.00887553 9.9999e-01 -1.443e+02 0.2159309 0.000 0.1240169 0.0919141 
-0.00297677 0.00290321 1.0001e+00 -1.496e+02 0.2186050 0.000 0.1259756 0.0926290 
-0.00297677 0.00315206 1.0001e+00 -1.485e+02 0.2178194 0.000 0.1255959 0.0922231 
-0.00297677 0.00340091 1.0001e+00 -1.476e+02 0.2172772 0.000 0.1249301 0.0923470 
-0.00297677 0.00364975 1.0000e+00 -1.467e+02 0.2166463 0.000 0.1246078 0.0920384 
-0.00297677 0.00389860 1.0001e+00 -1.459e+02 0.2160430 0.000 0.1243028 0.0917404 
-0.00297677 0.00414745 1.0000e+00 -1.452e+02 0.2155947 0.000 0.1239151 0.0916797 
-0.00297677 0.00439629 1.0000e+00 -1.446e+02 0.2151462 0.000 0.1236815 0.0914643 
-0.00297677 0.00464514 1.0000e+00 -1.440e+02 0.2147904 0.000 0.1234169 0.0913735 
-0.00297677 0.00489399 1.0000e+00 -1.435e+02 0.2144098 0.000 0.1232846 0.0911249 
-0.00297677 0.00514283 1.0001e+00 -1.431e+02 0.2142928 0.000 0.1227843 0.0915083 
-0.00297677 0.00539168 1.0001e+00 -1.427e+02 0.2139373 0.000 0.1228986 0.0910388 
-0.00297677 0.00564053 1.0001e+00 -1.424e+02 0.2138040 0.000 0.1226427 0.0911612 
-0.00297677 0.00588937 1.0000e+00 -1.422e+02 0.2136031 0.000 0.1227080 0.0908952 
-0.00297677 0.00613822 1.0001e+00 -1.420e+02 0.2134901 0.000 0.1226504 0.0908396 
-0.00297677 0.00638707 9.9999e-01 -1.420e+02 0.2134694 0.000 0.1226293 0.0908400 
-0.00185696 0.00738245 1.0001e+00 -1.488e+02 0.2190436 0.000 0.1261026 0.0929411 
-0.00185696 0.00763130 1.0001e+00 -1.496e+02 0.2196095 0.000 0.1264587 0.0931508 
-0.00185696 0.00788015 1.0001e+00 -1.504e+02 0.2202044 0.000 0.1268093 0.0933952 
-0.00185696 0.00812899 1.0000e+00 -1.512e+02 0.2208251 0.000 0.1272017 0.0936238 
-0.00185696 0.00837784 1.0001e+00 -1.520e+02 0.2213077 0.000 0.1278441 0.0934638 
-0.00185696 0.00862669 1.0000e+00 -1.530e+02 0.2220729 0.000 0.1280092 0.0940641 
-0.00297677 0.00663591 1.0001e+00 -1.419e+02 0.2134546 0.000 0.1226724 0.0907819 
-0.00297677 0.00688476 1.0000e+00 -1.419e+02 0.2135463 0.000 0.1227001 0.0908465 
-0.00297677 0.00713361 1.0001e+00 -1.420e+02 0.2137034 0.000 0.1226708 0.0910326 
-0.00297677 0.00738245 9.9999e-01 -1.421e+02 0.2138442 0.000 0.1228011 0.0910433 
-0.00297677 0.00763130 1.0000e+00 -1.423e+02 0.2141588 0.000 0.1226607 0.0914982 
-0.00297677 0.00788015 1.0001e+00 -1.424e+02 0.2143724 0.000 0.1227843 0.0915880 
-0.00297677 0.00812899 1.0001e+00 -1.427e+02 0.2144608 0.000 0.1232748 0.0911858 
-0.00297677 0.00837784 1.0000e+00 -1.430e+02 0.2147482 0.000 0.1234671 0.0912814 
-0.00297677 0.00862669 1.0001e+00 -1.433e+02 0.2151252 0.000 0.1235034 0.0916218 
-0.00297677 0.00887553 1.0000e+00 -1.437e+02 0.2154770 0.000 0.1236663 0.0918107 
-0.00310120 0.00290321 1.0000e+00 -1.511e+02 0.2196638 0.000 0.1265994 0.0930642 
-0.00310120 0.00315206 1.0000e+00 -1.499e+02 0.2188816 0.000 0.1260402 0.0928417 
-0.00310120 0.00340091 1.0001e+00 -1.489e+02 0.2180511 0.000 0.1257193 0.0923318 
-0.00310120 0.00364975 1.0000e+00 -1.479e+02 0.2173411 0.000 0.1253750 0.0919665 
-0.00310120 0.00389860 1.0001e+00 -1.470e+02 0.2167623 0.000 0.1248717 0.0918905 
-0.00310120 0.00414745 1.0001e+00 -1.462e+02 0.2163115 0.000 0.1242915 0.0920200 
-0.00310120 0.00439629 1.0001e+00 -1.455e+02 0.2157823 0.000 0.1240090 0.0917735 
-0.00310120 0.00464514 1.0000e+00 -1.448e+02 0.2152955 0.000 0.1238142 0.0914818 
-0.00310120 0.00489399 1.0001e+00 -1.442e+02 0.2149212 0.000 0.1234966 0.0914248 
-0.00310120 0.00514283 1.0000e+00 -1.437e+02 0.2146314 0.000 0.1232029 0.0914286 
-0.00310120 0.00539168 1.0000e+00 -1.433e+02 0.2142405 0.000 0.1232269 0.0910137 
-0.00310120 0.00564053 1.0000e+00 -1.429e+02 0.2140748 0.000 0.1229617 0.0911130 
-0.00310120 0.00588937 1.0001e+00 -1.426e+02 0.2138542 0.000 0.1228392 0.0910148 
-0.00310120 0.00613822 1.0001e+00 -1.424e+02 0.2138112 0.000 0.1225281 0.0912830 
-0.00310120 0.00638707 1.0000e+00 -1.422e+02 0.2135703 0.000 0.1227713 0.0907989 
-0.00310120 0.00663591 1.0001e+00 -1.420e+02 0.2135402 0.000 0.1226662 0.0908742 
-0.00310120 0.00688476 1.0000e+00 -1.420e+02 0.2135443 0.000 0.1226543 0.0908898 
-0.00310120 0.00713361 1.0001e+00 -1.420e+02 0.2136439 0.000 0.1225458 0.0910983 
-0.00310120 0.00738245 1.0001e+00 -1.420e+02 0.2137082 0.000 0.1226802 0.0910281 
-0.00310120 0.00763130 9.9999e-01 -1.421e+02 0.2138532 0.000 0.1228117 0.0910417 
-0.00310120 0.00788015 1.0001e+00 -1.422e+02 0.2140305 0.000 0.1228789 0.0911519 
-0.00310120 0.00812899 1.0001e+00 -1.424e+02 0.2143692 0.000 0.1227534 0.0916160 
-0.00310120 0.00837784 1.0001e+00 -1.427e+02 0.2144102 0.000 0.1233267 0.0910837 
-0.00310120 0.00862669 1.0001e+00 -1.429e+02 0.2147054 0.000 0.1234359 0.0912693 
-0.00310120 0.00887553 1.0000e+00 -1.433e+02 0.2150835 0.000 0.1234860 0.0915976 
-0.00322562 0.00290321 1.0001e+00 -1.527e+02 0.2208020 0.000 0.1272560 0.0935460 
-0.00322562 0.00315206 1.0001e+00 -1.515e+02 0.2198130 0.000 0.1269111 0.0929016 
-0.00322562 0.00340091 1.0000e+00 -1.503e+02 0.2190680 0.000 0.1262956 0.0927730 
-0.00322562 0.00364975 1.0000e+00 -1.493e+02 0.2183253 0.000 0.1258201 0.0925054 
-0.00322562 0.00389860 1.0001e+00 -1.482e+02 0.2176888 0.000 0.1252285 0.0924603 
-0.00322562 0.00414745 1.0001e+00 -1.473e+02 0.2171009 0.000 0.1247753 0.0923252 
-0.00322562 0.00439629 1.0001e+00 -1.465e+02 0.2165178 0.000 0.1244120 0.0921060 
-0.00322562 0.00464514 1.0001e+00 -1.458e+02 0.2159877 0.000 0.1241554 0.0918322 
-0.00322562 0.00489399 1.0001e+00 -1.451e+02 0.2155229 0.000 0.1238801 0.0916429 
-0.00322562 0.00514283 1.0001e+00 -1.445e+02 0.2150872 0.000 0.1236702 0.0914169 
-0.00322562 0.00539168 1.0001e+00 -1.439e+02 0.2146709 0.000 0.1235762 0.0910949 
-0.00322562 0.00564053 1.0001e+00 -1.435e+02 0.2144006 0.000 0.1233095 0.0910908 
-0.00322562 0.00588937 1.0000e+00 -1.431e+02 0.2142367 0.000 0.1230341 0.0912028 
-0.00322562 0.00613822 1.0000e+00 -1.428e+02 0.2140199 0.000 0.1229103 0.0911093 
-0.00322562 0.00638707 1.0001e+00 -1.425e+02 0.2138363 0.000 0.1228440 0.0909923 
-0.00322562 0.00663591 1.0001e+00 -1.423e+02 0.2137336 0.000 0.1227627 0.0909707 
-0.00322562 0.00688476 1.0001e+00 -1.422e+02 0.2137868 0.000 0.1224890 0.0912978 
-0.00322562 0.00713361 1.0000e+00 -1.421e+02 0.2136410 0.000 0.1227282 0.0909129 
-0.00322562 0.00738245 1.0001e+00 -1.421e+02 0.2136721 0.000 0.1227190 0.0909533 
-0.00322562 0.00763130 1.0001e+00 -1.421e+02 0.2137552 0.000 0.1227534 0.0910019 
-0.00322562 0.00788015 1.0001e+00 -1.422e+02 0.2138900 0.000 0.1228221 0.0910682 
-0.00322562 0.00812899 1.0000e+00 -1.423e+02 0.2140705 0.000 0.1228988 0.0911714 
-0.00322562 0.00837784 1.0001e+00 -1.425e+02 0.2142633 0.000 0.1229957 0.0912679 
-0.00322562 0.00862669 1.0001e+00 -1.427e+02 0.2144064 0.000 0.1232846 0.0911216 
-0.00322562 0.00887553 1.0000e+00 -1.429e+02 0.2146966 0.000 0.1234413 0.0912553 
-0.00185696 0.00887553 1.0000e+00 -1.539e+02 0.2227198 0.000 0.1284339 0.0942861 
-0.00198139 0.00290321 1.0001e+00 -1.432e+02 0.2142703 0.000 0.1232874 0.0909828 
-0.00198139 0.00315206 1.0001e+00 -1.430e+02 0.2140657 0.000 0.1231661 0.0908999 
-0.00198139 0.00340091 1.0001e+00 -1.428e+02 0.2140293 0.000 0.1229215 0.0911076 
-0.00198139 0.00364975 1.0000e+00 -1.427e+02 0.2139663 0.000 0.1229096 0.0910565 
-0.00198139 0.00389860 1.0001e+00 -1.426e+02 0.2139926 0.000 0.1227778 0.0912148 
-0.00335004 0.00290321 1.0000e+00 -1.546e+02 0.2219360 0.000 0.1282591 0.0936769 
-0.00335004 0.00315206 1.0000e+00 -1.532e+02 0.2209648 0.000 0.1277122 0.0932521 
-0.00335004 0.00340091 1.0001e+00 -1.519e+02 0.2201707 0.000 0.1269515 0.0932190 
-0.00335004 0.00364975 1.0001e+00 -1.508e+02 0.2193330 0.000 0.1264587 0.0928743 
-0.00335004 0.00389860 1.0000e+00 -1.497e+02 0.2186022 0.000 0.1259079 0.0926944 
-0.00335004 0.00414745 1.0000e+00 -1.486e+02 0.2178273 0.000 0.1255932 0.0922343 
-0.00335004 0.00439629 1.0000e+00 -1.477e+02 0.2173322 0.000 0.1249108 0.0924215 
-0.00335004 0.00464514 1.0001e+00 -1.469e+02 0.2167528 0.000 0.1245395 0.0922132 
-0.00335004 0.00489399 1.0000e+00 -1.461e+02 0.2162342 0.000 0.1242507 0.0919840 
-0.00335004 0.00514283 1.0001e+00 -1.454e+02 0.2157414 0.000 0.1240098 0.0917312 
-0.00335004 0.00539168 1.0001e+00 -1.448e+02 0.2153162 0.000 0.1237886 0.0915276 
-0.00335004 0.00564053 1.0000e+00 -1.443e+02 0.2149528 0.000 0.1235856 0.0913671 
-0.00335004 0.00588937 1.0000e+00 -1.438e+02 0.2146428 0.000 0.1233835 0.0912594 
-0.00335004 0.00613822 1.0000e+00 -1.434e+02 0.2143762 0.000 0.1232308 0.0911454 
-0.00335004 0.00638707 1.0000e+00 -1.430e+02 0.2142082 0.000 0.1230065 0.0912022 
-0.00335004 0.00663591 1.0000e+00 -1.428e+02 0.2140243 0.000 0.1229223 0.0911026 
-0.00335004 0.00688476 1.0001e+00 -1.426e+02 0.2140136 0.000 0.1226145 0.0913990 
-0.00335004 0.00713361 1.0001e+00 -1.424e+02 0.2138067 0.000 0.1228098 0.0909969 
-0.00335004 0.00738245 1.0000e+00 -1.423e+02 0.2137905 0.000 0.1227742 0.0910162 
-0.00335004 0.00763130 1.0001e+00 -1.422e+02 0.2139080 0.000 0.1225515 0.0913566 
-0.00335004 0.00788015 1.0000e+00 -1.423e+02 0.2139888 0.000 0.1225747 0.0914141 
-0.00335004 0.00812899 1.0001e+00 -1.423e+02 0.2139774 0.000 0.1228657 0.0911117 
-0.00335004 0.00837784 1.0001e+00 -1.424e+02 0.2141910 0.000 0.1228397 0.0913514 
-0.00335004 0.00862669 1.0000e+00 -1.425e+02 0.2143303 0.000 0.1230556 0.0912746 
-0.00335004 0.00887553 1.0000e+00 -1.427e+02 0.2144894 0.000 0.1232944 0.0911948 
-0.00347447 0.00290321 9.9998e-01 -1.567e+02 0.2232704 0.000 0.1291068 0.0941639 
-0.00347447 0.00315206 1.0001e+00 -1.551e+02 0.2221954 0.000 0.1285415 0.0936536 
-0.00347447 0.00340091 1.0000e+00 -1.538e+02 0.2212708 0.000 0.1278939 0.0933767 
-0.00347447 0.00364975 1.0001e+00 -1.524e+02 0.2204812 0.000 0.1271186 0.0933629 
-0.00347447 0.00389860 1.0000e+00 -1.512e+02 0.2196493 0.000 0.1266066 0.0930425 
-0.00347447 0.00414745 1.0001e+00 -1.501e+02 0.2189013 0.000 0.1260536 0.0928478 
-0.00347447 0.00439629 1.0001e+00 -1.491e+02 0.2180761 0.000 0.1257665 0.0923097 
-0.00347447 0.00464514 1.0001e+00 -1.481e+02 0.2174942 0.000 0.1252831 0.0922110 
-0.00347447 0.00489399 1.0000e+00 -1.473e+02 0.2169347 0.000 0.1248650 0.0920701 
-0.00347447 0.00514283 1.0001e+00 -1.465e+02 0.2164667 0.000 0.1243863 0.0920805 
-0.00347447 0.00539168 1.0000e+00 -1.458e+02 0.2160038 0.000 0.1241448 0.0918591 
-0.00347447 0.00564053 1.0001e+00 -1.451e+02 0.2155051 0.000 0.1240463 0.0914586 
-0.00347447 0.00588937 1.0001e+00 -1.446e+02 0.2152209 0.000 0.1236424 0.0915784 
-0.00347447 0.00613822 1.0001e+00 -1.441e+02 0.2148568 0.000 0.1235159 0.0913410 
-0.00347447 0.00638707 1.0001e+00 -1.437e+02 0.2145545 0.000 0.1233738 0.0911810 
-0.00347447 0.00663591 1.0000e+00 -1.433e+02 0.2143486 0.000 0.1232491 0.0910995 
-0.00347447 0.00688476 1.0001e+00 -1.430e+02 0.2141358 0.000 0.1232049 0.0909308 
-0.00347447 0.00713361 1.0001e+00 -1.428e+02 0.2140789 0.000 0.1229614 0.0911171 
-0.00347447 0.00738245 1.0001e+00 -1.426e+02 0.2139949 0.000 0.1228981 0.0910965 
-0.00347447 0.00763130 1.0001e+00 -1.425e+02 0.2140235 0.000 0.1227198 0.0913038 
-0.00347447 0.00788015 1.0001e+00 -1.424e+02 0.2140216 0.000 0.1227275 0.0912940 
-0.00347447 0.00812899 1.0000e+00 -1.424e+02 0.2140098 0.000 0.1228953 0.0911144 
-0.00347447 0.00837784 1.0000e+00 -1.425e+02 0.2141166 0.000 0.1229242 0.0911924 
-0.00347447 0.00862669 1.0001e+00 -1.425e+02 0.2142448 0.000 0.1229986 0.0912456 
-0.00347447 0.00887553 1.0001e+00 -1.427e+02 0.2145342 0.000 0.1228676 0.0916663 
-0.00359889 0.00290321 1.0000e+00 -1.589e+02 0.2246530 0.000 0.1301344 0.0945188 
-0.00359889 0.00315206 1.0001e+00 -1.573e+02 0.2236187 0.000 0.1292739 0.0943448 
-0.00359889 0.00340091 1.0001e+00 -1.557e+02 0.2225657 0.000 0.1286791 0.0938864 
-0.00359889 0.00364975 1.0000e+00 -1.543e+02 0.2215300 0.000 0.1282148 0.0933156 
-0.00359889 0.00389860 1.0001e+00 -1.530e+02 0.2207008 0.000 0.1274619 0.0932389 
-0.00359889 0.00414745 1.0001e+00 -1.517e+02 0.2198439 0.000 0.1269631 0.0928810 
-0.00359889 0.00439629 1.0001e+00 -1.506e+02 0.2191188 0.000 0.1263838 0.0927349 
-0.00359889 0.00464514 9.9999e-01 -1.496e+02 0.2184505 0.000 0.1258466 0.0926043 
-0.00359889 0.00489399 1.0001e+00 -1.486e+02 0.2177025 0.000 0.1255421 0.0921600 
-0.00359889 0.00514283 1.0001e+00 -1.477e+02 0.2171783 0.000 0.1250326 0.0921454 
-0.00198139 0.00414745 1.0001e+00 -1.426e+02 0.2141284 0.000 0.1226566 0.0914721 
-0.00198139 0.00439629 1.0001e+00 -1.427e+02 0.2142206 0.000 0.1227091 0.0915114 
-0.00198139 0.00464514 1.0000e+00 -1.428e+02 0.2141513 0.000 0.1232175 0.0909338 
-0.00198139 0.00489399 1.0000e+00 -1.430e+02 0.2143433 0.000 0.1233051 0.0910378 
-0.00198139 0.00514283 1.0001e+00 -1.432e+02 0.2144728 0.000 0.1235933 0.0908795 
-0.00198139 0.00539168 1.0000e+00 -1.435e+02 0.2147910 0.000 0.1236342 0.0911567 
-0.00359889 0.00539168 1.0001e+00 -1.469e+02 0.2166066 0.000 0.1248006 0.0918062 
-0.00359889 0.00564053 1.0000e+00 -1.462e+02 0.2162707 0.000 0.1242828 0.0919877 
-0.00359889 0.00588937 1.0001e+00 -1.455e+02 0.2158351 0.000 0.1240458 0.0917893 
-0.00359889 0.00613822 1.0000e+00 -1.450e+02 0.2154524 0.000 0.1238647 0.0915877 
-0.00359889 0.00638707 1.0001e+00 -1.445e+02 0.2151330 0.000 0.1236133 0.0915199 
-0.00359889 0.00663591 1.0001e+00 -1.440e+02 0.2148273 0.000 0.1234770 0.0913504 
-0.00359889 0.00688476 1.0001e+00 -1.436e+02 0.2145666 0.000 0.1233648 0.0912020 
-0.00359889 0.00713361 1.0002e+00 -1.433e+02 0.2143764 0.000 0.1232641 0.0911124 
-0.00359889 0.00738245 1.0001e+00 -1.431e+02 0.2142097 0.000 0.1232691 0.0909406 
-0.00359889 0.00763130 1.0000e+00 -1.429e+02 0.2142328 0.000 0.1230158 0.0912168 
-0.00359889 0.00788015 1.0000e+00 -1.428e+02 0.2141710 0.000 0.1229737 0.0911972 
-0.00359889 0.00812899 1.0001e+00 -1.427e+02 0.2142612 0.000 0.1227207 0.0915411 
-0.00359889 0.00837784 1.0000e+00 -1.426e+02 0.2141937 0.000 0.1229610 0.0912327 
-0.00359889 0.00862669 1.0000e+00 -1.427e+02 0.2142776 0.000 0.1229944 0.0912830 
-0.00359889 0.00887553 1.0000e+00 -1.427e+02 0.2143979 0.000 0.1230654 0.0913326 
-0.00372331 0.00290321 1.0001e+00 -1.614e+02 0.2261483 0.000 0.1312244 0.0949237 
-0.00372331 0.00315206 1.0001e+00 -1.596e+02 0.2250158 0.000 0.1303869 0.0946293 
-0.00372331 0.00340091 1.0001e+00 -1.579e+02 0.2239072 0.000 0.1296537 0.0942537 
-0.00372331 0.00364975 1.0001e+00 -1.564e+02 0.2229106 0.000 0.1289010 0.0940095 
-0.00372331 0.00389860 1.0001e+00 -1.549e+02 0.2219450 0.000 0.1282443 0.0937010 
-0.00372331 0.00414745 1.0000e+00 -1.536e+02 0.2210089 0.000 0.1277655 0.0932433 
-0.00372331 0.00439629 1.0000e+00 -1.523e+02 0.2202041 0.000 0.1271553 0.0930486 
-0.00372331 0.00464514 1.0000e+00 -1.512e+02 0.2194662 0.000 0.1265250 0.0929410 
-0.00372331 0.00489399 1.0000e+00 -1.501e+02 0.2187007 0.000 0.1261584 0.0925423 
-0.00372331 0.00514283 1.0001e+00 -1.491e+02 0.2180086 0.000 0.1257216 0.0922866 
-0.00372331 0.00539168 1.0001e+00 -1.482e+02 0.2174406 0.000 0.1252630 0.0921775 
-0.00372331 0.00564053 1.0001e+00 -1.474e+02 0.2169689 0.000 0.1247976 0.0921712 
-0.00372331 0.00588937 1.0001e+00 -1.467e+02 0.2165445 0.000 0.1244332 0.0921107 
-0.00372331 0.00613822 1.0000e+00 -1.460e+02 0.2161334 0.000 0.1241399 0.0919936 
-0.00372331 0.00638707 1.0001e+00 -1.454e+02 0.2157211 0.000 0.1239799 0.0917415 
-0.00372331 0.00663591 1.0001e+00 -1.449e+02 0.2154021 0.000 0.1237575 0.0916442 
-0.00372331 0.00688476 1.0001e+00 -1.444e+02 0.2150933 0.000 0.1236359 0.0914570 
-0.00372331 0.00713361 1.0000e+00 -1.440e+02 0.2148805 0.000 0.1234650 0.0914153 
-0.00372331 0.00738245 1.0001e+00 -1.437e+02 0.2146389 0.000 0.1233884 0.0912506 
-0.00372331 0.00763130 1.0001e+00 -1.434e+02 0.2144898 0.000 0.1233339 0.0911557 
-0.00372331 0.00788015 1.0001e+00 -1.432e+02 0.2143969 0.000 0.1232682 0.0911286 
-0.00372331 0.00812899 1.0001e+00 -1.431e+02 0.2143964 0.000 0.1231009 0.0912956 
-0.00372331 0.00837784 1.0001e+00 -1.430e+02 0.2143754 0.000 0.1231068 0.0912684 
-0.00372331 0.00862669 1.0001e+00 -1.429e+02 0.2144034 0.000 0.1230722 0.0913315 
-0.00372331 0.00887553 1.0001e+00 -1.429e+02 0.2144083 0.000 0.1232175 0.0911907 
-0.00384774 0.00290321 1.0000e+00 -1.641e+02 0.2279083 0.000 0.1322187 0.0956895 
-0.00384774 0.00315206 1.0001e+00 -1.621e+02 0.2266373 0.000 0.1313910 0.0952462 
-0.00384774 0.00340091 1.0001e+00 -1.603e+02 0.2255089 0.000 0.1305405 0.0949681 
-0.00384774 0.00364975 1.0000e+00 -1.586e+02 0.2243811 0.000 0.1298587 0.0945224 
-0.00384774 0.00389860 1.0000e+00 -1.570e+02 0.2232777 0.000 0.1292670 0.0940107 
-0.00384774 0.00414745 1.0000e+00 -1.556e+02 0.2223536 0.000 0.1285103 0.0938431 
-0.00384774 0.00439629 1.0001e+00 -1.542e+02 0.2213953 0.000 0.1279613 0.0934339 
-0.00384774 0.00464514 1.0000e+00 -1.529e+02 0.2205773 0.000 0.1273685 0.0932086 
-0.00384774 0.00489399 1.0001e+00 -1.517e+02 0.2198137 0.000 0.1267500 0.0930642 
-0.00384774 0.00514283 1.0001e+00 -1.506e+02 0.2191248 0.000 0.1261986 0.0929263 
-0.00384774 0.00539168 1.0000e+00 -1.497e+02 0.2184379 0.000 0.1258406 0.0925977 
-0.00384774 0.00564053 1.0000e+00 -1.487e+02 0.2177610 0.000 0.1255360 0.0922253 
-0.00384774 0.00588937 1.0000e+00 -1.479e+02 0.2173374 0.000 0.1249170 0.0924206 
-0.00384774 0.00613822 1.0000e+00 -1.471e+02 0.2167177 0.000 0.1248529 0.0918647 
-0.00384774 0.00638707 1.0000e+00 -1.465e+02 0.2163477 0.000 0.1244729 0.0918747 
-0.00384774 0.00663591 1.0001e+00 -1.459e+02 0.2160138 0.000 0.1241494 0.0918642 
-0.00384774 0.00688476 1.0001e+00 -1.453e+02 0.2156809 0.000 0.1239202 0.0917608 
-0.00384774 0.00713361 1.0001e+00 -1.448e+02 0.2153911 0.000 0.1237493 0.0916416 
-0.00384774 0.00738245 1.0000e+00 -1.444e+02 0.2151292 0.000 0.1236562 0.0914729 
-0.00384774 0.00763130 1.0000e+00 -1.441e+02 0.2149176 0.000 0.1235837 0.0913338 
-0.00198139 0.00564053 1.0000e+00 -1.438e+02 0.2151226 0.000 0.1237166 0.0914057 
-0.00198139 0.00588937 1.0000e+00 -1.442e+02 0.2155032 0.000 0.1238274 0.0916761 
-0.00198139 0.00613822 1.0000e+00 -1.447e+02 0.2158826 0.000 0.1240418 0.0918404 
-0.00198139 0.00638707 1.0001e+00 -1.452e+02 0.2162786 0.000 0.1242543 0.0920245 
-0.00198139 0.00663591 1.0001e+00 -1.457e+02 0.2166953 0.000 0.1244881 0.0922073 
-0.00198139 0.00688476 1.0001e+00 -1.463e+02 0.2171745 0.000 0.1247349 0.0924398 
-0.00384774 0.00788015 1.0001e+00 -1.438e+02 0.2147660 0.000 0.1234819 0.0912841 
-0.00384774 0.00812899 1.0001e+00 -1.436e+02 0.2146517 0.000 0.1234135 0.0912385 
-0.00384774 0.00837784 1.0000e+00 -1.434e+02 0.2146031 0.000 0.1233621 0.0912409 
-0.00384774 0.00862669 1.0000e+00 -1.433e+02 0.2145623 0.000 0.1233583 0.0912040 
-0.00384774 0.00887553 1.0000e+00 -1.432e+02 0.2145585 0.000 0.1233658 0.0911931 
-0.00397216 0.00290321 1.0001e+00 -1.670e+02 0.2297345 0.000 0.1334115 0.0963231 
-0.00397216 0.00315206 1.0000e+00 -1.649e+02 0.2283239 0.000 0.1326471 0.0956769 
-0.00397216 0.00340091 1.0000e+00 -1.630e+02 0.2271572 0.000 0.1316552 0.0955018 
-0.00397216 0.00364975 1.0000e+00 -1.611e+02 0.2259690 0.000 0.1308828 0.0950863 
-0.00397216 0.00389860 1.0001e+00 -1.594e+02 0.2247515 0.000 0.1302733 0.0944784 
-0.00397216 0.00414745 1.0001e+00 -1.578e+02 0.2237033 0.000 0.1295556 0.0941478 
-0.00397216 0.00439629 1.0000e+00 -1.563e+02 0.2227792 0.000 0.1287746 0.0940049 
-0.00397216 0.00464514 1.0001e+00 -1.549e+02 0.2218067 0.000 0.1282424 0.0935641 
-0.00397216 0.00489399 1.0000e+00 -1.536e+02 0.2209424 0.000 0.1277058 0.0932367 
-0.00397216 0.00514283 1.0001e+00 -1.524e+02 0.2202259 0.000 0.1270047 0.0932212 
-0.00397216 0.00539168 1.0000e+00 -1.513e+02 0.2195196 0.000 0.1264938 0.0930258 
-0.00397216 0.00564053 1.0001e+00 -1.502e+02 0.2188309 0.000 0.1260525 0.0927782 
-0.00397216 0.00588937 1.0001e+00 -1.493e+02 0.2181373 0.000 0.1257895 0.0923478 
-0.00397216 0.00613822 1.0001e+00 -1.484e+02 0.2176167 0.000 0.1253069 0.0923100 
-0.00397216 0.00638707 1.0000e+00 -1.477e+02 0.2171341 0.000 0.1249751 0.0921592 
-0.00397216 0.00663591 1.0001e+00 -1.470e+02 0.2166109 0.000 0.1248101 0.0918007 
-0.00397216 0.00688476 1.0001e+00 -1.464e+02 0.2163319 0.000 0.1243468 0.0919852 
-0.00397216 0.00713361 1.0000e+00 -1.458e+02 0.2160255 0.000 0.1240880 0.0919376 
-0.00397216 0.00738245 1.0000e+00 -1.453e+02 0.2156489 0.000 0.1240684 0.0915802 
-0.00397216 0.00763130 1.0000e+00 -1.449e+02 0.2154704 0.000 0.1237884 0.0916818 
-0.00397216 0.00788015 1.0001e+00 -1.445e+02 0.2152380 0.000 0.1237056 0.0915326 
-0.00397216 0.00812899 1.0001e+00 -1.442e+02 0.2150988 0.000 0.1235740 0.0915247 
-0.00397216 0.00837784 1.0001e+00 -1.440e+02 0.2150020 0.000 0.1234692 0.0915328 
-0.00397216 0.00862669 1.0000e+00 -1.438e+02 0.2149322 0.000 0.1234246 0.0915076 
-0.00397216 0.00887553 1.0001e+00 -1.436e+02 0.2148274 0.000 0.1234868 0.0913406 
-0.00409658 0.00290321 1.0001e+00 -1.703e+02 0.2316454 0.000 0.1349420 0.0967032 
-0.00409658 0.00315206 1.0001e+00 -1.680e+02 0.2301855 0.000 0.1339455 0.0962400 
-0.00409658 0.00340091 1.0001e+00 -1.658e+02 0.2289007 0.000 0.1329028 0.0959978 
-0.00409658 0.00364975 1.0001e+00 -1.638e+02 0.2275590 0.000 0.1321389 0.0954201 
-0.00409658 0.00389860 1.0001e+00 -1.619e+02 0.2263787 0.000 0.1313147 0.0950641 
-0.00409658 0.00414745 1.0000e+00 -1.602e+02 0.2253657 0.000 0.1303841 0.0949817 
-0.00409658 0.00439629 1.0001e+00 -1.585e+02 0.2242839 0.000 0.1296870 0.0945972 
-0.00409658 0.00464514 1.0000e+00 -1.570e+02 0.2231502 0.000 0.1293072 0.0938430 
-0.00409658 0.00489399 1.0000e+00 -1.556e+02 0.2223021 0.000 0.1284957 0.0938061 
-0.00409658 0.00514283 1.0001e+00 -1.543e+02 0.2214714 0.000 0.1278269 0.0936448 
-0.00409658 0.00539168 1.0001e+00 -1.530e+02 0.2206150 0.000 0.1274130 0.0932021 
-0.00409658 0.00564053 1.0000e+00 -1.519e+02 0.2198407 0.000 0.1270017 0.0928388 
-0.00409658 0.00588937 1.0001e+00 -1.509e+02 0.2192058 0.000 0.1264461 0.0927595 
-0.00409658 0.00613822 1.0000e+00 -1.499e+02 0.2185740 0.000 0.1260891 0.0924850 
-0.00409658 0.00638707 1.0001e+00 -1.491e+02 0.2179837 0.000 0.1256784 0.0923054 
-0.00409658 0.00663591 1.0000e+00 -1.483e+02 0.2175419 0.000 0.1252533 0.0922885 
-0.00409658 0.00688476 1.0001e+00 -1.476e+02 0.2171468 0.000 0.1248095 0.0923370 
-0.00409658 0.00713361 1.0001e+00 -1.469e+02 0.2167004 0.000 0.1246368 0.0920635 
-0.00409658 0.00738245 1.0000e+00 -1.463e+02 0.2163318 0.000 0.1244577 0.0918740 
-0.00409658 0.00763130 9.9999e-01 -1.458e+02 0.2160168 0.000 0.1242843 0.0917329 
-0.00409658 0.00788015 1.0000e+00 -1.454e+02 0.2157449 0.000 0.1241276 0.0916171 
-0.00409658 0.00812899 1.0000e+00 -1.450e+02 0.2155221 0.000 0.1240032 0.0915190 
-0.00409658 0.00837784 1.0000e+00 -1.447e+02 0.2153906 0.000 0.1238291 0.0915613 
-0.00409658 0.00862669 1.0001e+00 -1.444e+02 0.2153150 0.000 0.1236471 0.0916677 
-0.00409658 0.00887553 1.0000e+00 -1.442e+02 0.2152523 0.000 0.1236065 0.0916461 
-0.00198139 0.00713361 1.0001e+00 -1.469e+02 0.2176791 0.000 0.1249812 0.0926978 
-0.00198139 0.00738245 1.0000e+00 -1.475e+02 0.2180126 0.000 0.1257057 0.0923068 
-0.00198139 0.00763130 1.0001e+00 -1.482e+02 0.2186494 0.000 0.1257810 0.0928685 
-0.00198139 0.00788015 1.0001e+00 -1.489e+02 0.2191633 0.000 0.1262145 0.0929488 
-0.00198139 0.00812899 1.0000e+00 -1.497e+02 0.2197573 0.000 0.1265461 0.0932109 
-0.00198139 0.00837784 1.0000e+00 -1.505e+02 0.2204035 0.000 0.1268216 0.0935817 
-0.00198139 0.00862669 1.0000e+00 -1.513e+02 0.2209392 0.000 0.1273672 0.0935721 
-0.00198139 0.00887553 1.0001e+00 -1.522e+02 0.2214613 0.000 0.1279405 0.0935204 
-0.00210581 0.00290321 1.0000e+00 -1.435e+02 0.2144625 0.000 0.1234068 0.0910559 
-0.00210581 0.00315206 1.0001e+00 -1.431e+02 0.2142082 0.000 0.1232110 0.0909975 
-0.00210581 0.00340091 1.0001e+00 -1.429e+02 0.2141562 0.000 0.1228201 0.0913363 
-0.00210581 0.00364975 1.0001e+00 -1.427e+02 0.2139270 0.000 0.1228512 0.0910755 
-0.00210581 0.00389860 1.0001e+00 -1.425e+02 0.2138647 0.000 0.1227227 0.0911423 
-0.00210581 0.00414745 1.0001e+00 -1.424e+02 0.2137740 0.000 0.1228498 0.0909246 
-0.00210581 0.00439629 1.0001e+00 -1.424e+02 0.2138335 0.000 0.1227885 0.0910446 
-0.00210581 0.00464514 1.0001e+00 -1.424e+02 0.2139247 0.000 0.1228397 0.0910851 
-0.00210581 0.00489399 9.9999e-01 -1.426e+02 0.2140522 0.000 0.1229351 0.0911171 
-0.00210581 0.00514283 1.0001e+00 -1.427e+02 0.2142541 0.000 0.1229213 0.0913328 
