-0.00185696 0.00290321 9.9999e-01 -1.104e+02 0.1815809 0.000 0.1028183 0.0787629 
-0.00185696 0.00315206 1.0000e+00 -1.103e+02 0.1815116 0.000 0.1027841 0.0787275 
-0.00185696 0.00340091 1.0001e+00 -1.103e+02 0.1815027 0.000 0.1027519 0.0787506 
-0.00185696 0.00364975 1.0001e+00 -1.103e+02 0.1815358 0.000 0.1027738 0.0787619 
-0.00185696 0.00389860 1.0001e+00 -1.104e+02 0.1816192 0.000 0.1028305 0.0787887 
-0.00185696 0.00414745 1.0001e+00 -1.105e+02 0.1817756 0.000 0.1029089 0.0788663 
-0.00185696 0.00439629 1.0001e+00 -1.107e+02 0.1819714 0.000 0.1030043 0.0789668 
-0.00185696 0.00464514 1.0001e+00 -1.110e+02 0.1818903 0.000 0.1037036 0.0781870 
-0.00185696 0.00489399 1.0000e+00 -1.113e+02 0.1821954 0.000 0.1038353 0.0783597 
-0.00185696 0.00514283 1.0001e+00 -1.117e+02 0.1825018 0.000 0.1040528 0.0784490 
-0.00185696 0.00539168 1.0000e+00 -1.121e+02 0.1828159 0.000 0.1043891 0.0784268 
-0.00185696 0.00564053 1.0001e+00 -1.126e+02 0.1830716 0.000 0.1048777 0.0781941 
-0.00185696 0.00588937 1.0000e+00 -1.132e+02 0.1840072 0.000 0.1042789 0.0797283 
-0.00185696 0.00613822 1.0001e+00 -1.137e+02 0.1843288 0.000 0.1048511 0.0794778 
-0.00185696 0.00638707 1.0000e+00 -1.144e+02 0.1849649 0.000 0.1050012 0.0799636 
-0.00185696 0.00663591 1.0001e+00 -1.150e+02 0.1851649 0.000 0.1059578 0.0792071 
-0.00185696 0.00688476 1.0001e+00 -1.158e+02 0.1857308 0.000 0.1063441 0.0793866 
-0.00185696 0.00713361 1.0000e+00 -1.166e+02 0.1862158 0.000 0.1070036 0.0792122 
-0.00185696 0.00738245 1.0000e+00 -1.174e+02 0.1872530 0.000 0.1066334 0.0806198 
-0.00185696 0.00763130 1.0001e+00 -1.183e+02 0.1879414 0.000 0.1069594 0.0809820 
-0.00185696 0.00788015 1.0000e+00 -1.192e+02 0.1883059 0.000 0.1080622 0.0802437 
-0.00185696 0.00812899 1.0001e+00 -1.201e+02 0.1891816 0.000 0.1081191 0.0810627 
-0.00185696 0.00837784 1.0001e+00 -1.211e+02 0.1899197 0.000 0.1085080 0.0814117 
-0.00185696 0.00862669 1.0001e+00 -1.222e+02 0.1903886 0.000 0.1095622 0.0808266 
-0.00185696 0.00887553 1.0000e+00 -1.233e+02 0.1914589 0.000 0.1094510 0.0820080 
-0.00198139 0.00290321 1.0000e+00 -1.104e+02 0.1815197 0.000 0.1028908 0.0786291 
-0.00198139 0.00315206 1.0001e+00 -1.102e+02 0.1814410 0.000 0.1027052 0.0787356 
-0.00198139 0.00340091 1.0001e+00 -1.101e+02 0.1813363 0.000 0.1026638 0.0786725 
-0.00198139 0.00364975 1.0001e+00 -1.100e+02 0.1813254 0.000 0.1026401 0.0786852 
-0.00198139 0.00389860 1.0001e+00 -1.100e+02 0.1813450 0.000 0.1026462 0.0786988 
-0.00198139 0.00414745 1.0001e+00 -1.101e+02 0.1814104 0.000 0.1027035 0.0787069 
-0.00198139 0.00439629 1.0000e+00 -1.102e+02 0.1815532 0.000 0.1027672 0.0787861 
-0.00198139 0.00464514 1.0000e+00 -1.104e+02 0.1816839 0.000 0.1029510 0.0787328 
-0.00198139 0.00489399 1.0000e+00 -1.106e+02 0.1819102 0.000 0.1030703 0.0788396 
-0.00198139 0.00514283 1.0000e+00 -1.109e+02 0.1818838 0.000 0.1037267 0.0781570 
-0.00198139 0.00539168 1.0000e+00 -1.113e+02 0.1822456 0.000 0.1037924 0.0784533 
-0.00198139 0.00564053 1.0001e+00 -1.117e+02 0.1825879 0.000 0.1040102 0.0785778 
-0.00198139 0.00588937 1.0001e+00 -1.121e+02 0.1829583 0.000 0.1042866 0.0786716 
-0.00198139 0.00613822 1.0001e+00 -1.126e+02 0.1830823 0.000 0.1050634 0.0780188 
-0.00198139 0.00638707 1.0000e+00 -1.132e+02 0.1836761 0.000 0.1051588 0.0785171 
-0.00198139 0.00663591 1.0001e+00 -1.138e+02 0.1845527 0.000 0.1047295 0.0798230 
-0.00198139 0.00688476 1.0000e+00 -1.145e+02 0.1850457 0.000 0.1051788 0.0798670 
-0.00198139 0.00713361 1.0001e+00 -1.152e+02 0.1854153 0.000 0.1058918 0.0795234 
-0.00198139 0.00738245 1.0000e+00 -1.159e+02 0.1859201 0.000 0.1064473 0.0794730 
-0.00198139 0.00763130 1.0000e+00 -1.167e+02 0.1865021 0.000 0.1068571 0.0796449 
-0.00198139 0.00788015 1.0000e+00 -1.176e+02 0.1874936 0.000 0.1066031 0.0808906 
-0.00198139 0.00812899 1.0000e+00 -1.184e+02 0.1877705 0.000 0.1077777 0.0799927 
-0.00198139 0.00837784 1.0000e+00 -1.193e+02 0.1884615 0.000 0.1081750 0.0802864 
-0.00198139 0.00862669 1.0001e+00 -1.203e+02 0.1892457 0.000 0.1084314 0.0808142 
-0.00198139 0.00887553 1.0000e+00 -1.213e+02 0.1898350 0.000 0.1090946 0.0807403 
-0.00210581 0.00290321 1.0001e+00 -1.105e+02 0.1816075 0.000 0.1029329 0.0786745 
-0.00210581 0.00315206 1.0000e+00 -1.103e+02 0.1814058 0.000 0.1028263 0.0785795 
-0.00210581 0.00340091 1.0000e+00 -1.101e+02 0.1812574 0.000 0.1027460 0.0785115 
-0.00210581 0.00364975 1.0001e+00 -1.099e+02 0.1812118 0.000 0.1025840 0.0786280 
-0.00210581 0.00389860 1.0000e+00 -1.098e+02 0.1811591 0.000 0.1025685 0.0785904 
-0.00210581 0.00414745 1.0001e+00 -1.098e+02 0.1811609 0.000 0.1025668 0.0785940 
-0.00210581 0.00439629 1.0001e+00 -1.098e+02 0.1812160 0.000 0.1025977 0.0786183 
-0.00210581 0.00464514 1.0001e+00 -1.099e+02 0.1812764 0.000 0.1027377 0.0785386 
-0.00210581 0.00489399 1.0001e+00 -1.101e+02 0.1815031 0.000 0.1027115 0.0787916 
-0.00210581 0.00514283 1.0000e+00 -1.103e+02 0.1816663 0.000 0.1029289 0.0787374 
-0.00210581 0.00539168 1.0001e+00 -1.106e+02 0.1819117 0.000 0.1030526 0.0788593 
-0.00210581 0.00564053 1.0001e+00 -1.109e+02 0.1819570 0.000 0.1036646 0.0782923 
-0.00210581 0.00588937 1.0001e+00 -1.113e+02 0.1823142 0.000 0.1038364 0.0784782 
-0.00210581 0.00613822 9.9999e-01 -1.117e+02 0.1827043 0.000 0.1040266 0.0786775 
-0.00210581 0.00638707 1.0000e+00 -1.122e+02 0.1827909 0.000 0.1048513 0.0779395 
-0.00210581 0.00663591 1.0000e+00 -1.127e+02 0.1832393 0.000 0.1051014 0.0781380 
-0.00210581 0.00688476 9.9999e-01 -1.133e+02 0.1837852 0.000 0.1053026 0.0784828 
-0.00210581 0.00713361 1.0000e+00 -1.140e+02 0.1847160 0.000 0.1048340 0.0798819 
-0.00210581 0.00738245 1.0000e+00 -1.146e+02 0.1852090 0.000 0.1052828 0.0799263 
-0.00210581 0.00763130 1.0001e+00 -1.153e+02 0.1855485 0.000 0.1060458 0.0795026 
-0.00210581 0.00788015 1.0000e+00 -1.161e+02 0.1861992 0.000 0.1063420 0.0798572 
-0.00210581 0.00812899 1.0001e+00 -1.169e+02 0.1865777 0.000 0.1071492 0.0794286 
-0.00210581 0.00837784 1.0001e+00 -1.177e+02 0.1873536 0.000 0.1073293 0.0800244 
-0.00210581 0.00862669 1.0000e+00 -1.186e+02 0.1880013 0.000 0.1077787 0.0802224 
-0.00210581 0.00887553 1.0000e+00 -1.195e+02 0.1886149 0.000 0.1083306 0.0802845 
-0.00223023 0.00290321 1.0001e+00 -1.108e+02 0.1817607 0.000 0.1031671 0.0785937 
-0.00223023 0.00315206 1.0000e+00 -1.105e+02 0.1815431 0.000 0.1029104 0.0786328 
-0.00223023 0.00340091 1.0001e+00 -1.102e+02 0.1813079 0.000 0.1027782 0.0785300 
-0.00223023 0.00364975 1.0000e+00 -1.099e+02 0.1811497 0.000 0.1026636 0.0784862 
-0.00223023 0.00389860 1.0000e+00 -1.098e+02 0.1810288 0.000 0.1026270 0.0784018 
-0.00223023 0.00414745 1.0000e+00 -1.097e+02 0.1809638 0.000 0.1025959 0.0783676 
-0.00223023 0.00439629 1.0000e+00 -1.096e+02 0.1809101 0.000 0.1026537 0.0782566 
-0.00223023 0.00464514 1.0000e+00 -1.096e+02 0.1810143 0.000 0.1025857 0.0784287 
-0.00223023 0.00489399 1.0001e+00 -1.097e+02 0.1810693 0.000 0.1026711 0.0783985 
-0.00223023 0.00514283 9.9997e-01 -1.099e+02 0.1812574 0.000 0.1027303 0.0785272 
-0.00223023 0.00539168 1.0001e+00 -1.100e+02 0.1814355 0.000 0.1028093 0.0786260 
-0.00223023 0.00564053 1.0001e+00 -1.103e+02 0.1816807 0.000 0.1029360 0.0787449 
-0.00223023 0.00588937 1.0001e+00 -1.106e+02 0.1819613 0.000 0.1030822 0.0788791 
-0.00223023 0.00613822 1.0001e+00 -1.109e+02 0.1820920 0.000 0.1035988 0.0784932 
-0.00223023 0.00638707 1.0000e+00 -1.113e+02 0.1824630 0.000 0.1038081 0.0786547 
-0.00223023 0.00663591 1.0000e+00 -1.118e+02 0.1824498 0.000 0.1047729 0.0776770 
-0.00223023 0.00688476 1.0000e+00 -1.123e+02 0.1829101 0.000 0.1049715 0.0779389 
-0.00223023 0.00713361 1.0001e+00 -1.128e+02 0.1833851 0.000 0.1051921 0.0781931 
-0.00223023 0.00738245 1.0000e+00 -1.134e+02 0.1839378 0.000 0.1054389 0.0784990 
-0.00223023 0.00763130 1.0001e+00 -1.141e+02 0.1847186 0.000 0.1052464 0.0794722 
-0.00223023 0.00788015 1.0001e+00 -1.148e+02 0.1853096 0.000 0.1055352 0.0797744 
-0.00223023 0.00812899 1.0001e+00 -1.155e+02 0.1857774 0.000 0.1061087 0.0796689 
-0.00223023 0.00837784 1.0000e+00 -1.162e+02 0.1860820 0.000 0.1070648 0.0790173 
-0.00223023 0.00862669 1.0001e+00 -1.170e+02 0.1867735 0.000 0.1072906 0.0794828 
-0.00223023 0.00887553 1.0001e+00 -1.179e+02 0.1874651 0.000 0.1075733 0.0798916 
-0.00235466 0.00290321 1.0000e+00 -1.113e+02 0.1819662 0.000 0.1035521 0.0784142 
-0.00235466 0.00315206 1.0000e+00 -1.108e+02 0.1816160 0.000 0.1033366 0.0782792 
-0.00235466 0.00340091 1.0001e+00 -1.104e+02 0.1815519 0.000 0.1027734 0.0787784 
-0.00235466 0.00364975 1.0001e+00 -1.101e+02 0.1812469 0.000 0.1027493 0.0784974 
-0.00235466 0.00389860 1.0000e+00 -1.098e+02 0.1811139 0.000 0.1025409 0.0785732 
-0.00235466 0.00414745 1.0000e+00 -1.097e+02 0.1809735 0.000 0.1025108 0.0784627 
-0.00235466 0.00439629 1.0000e+00 -1.095e+02 0.1808902 0.000 0.1024841 0.0784061 
-0.00235466 0.00464514 1.0001e+00 -1.095e+02 0.1808730 0.000 0.1024276 0.0784455 
-0.00235466 0.00489399 1.0000e+00 -1.095e+02 0.1809066 0.000 0.1024560 0.0784506 
-0.00235466 0.00514283 1.0001e+00 -1.095e+02 0.1809459 0.000 0.1025406 0.0784055 
-0.00235466 0.00539168 1.0001e+00 -1.096e+02 0.1810598 0.000 0.1026269 0.0784329 
-0.00235466 0.00564053 1.0001e+00 -1.098e+02 0.1812743 0.000 0.1026668 0.0786074 
-0.00235466 0.00588937 1.0000e+00 -1.100e+02 0.1814826 0.000 0.1028420 0.0786407 
-0.00235466 0.00613822 1.0000e+00 -1.103e+02 0.1817428 0.000 0.1029882 0.0787546 
-0.00235466 0.00638707 1.0001e+00 -1.106e+02 0.1818724 0.000 0.1034699 0.0784026 
-0.00235466 0.00663591 1.0001e+00 -1.110e+02 0.1822094 0.000 0.1036279 0.0785815 
-0.00235466 0.00688476 1.0001e+00 -1.114e+02 0.1822051 0.000 0.1045598 0.0776451 
-0.00235466 0.00713361 1.0000e+00 -1.119e+02 0.1826326 0.000 0.1047917 0.0778408 
-0.00235466 0.00738245 1.0001e+00 -1.124e+02 0.1831117 0.000 0.1049888 0.0781228 
-0.00235466 0.00763130 1.0001e+00 -1.130e+02 0.1835422 0.000 0.1053830 0.0781591 
-0.00235466 0.00788015 1.0000e+00 -1.136e+02 0.1841060 0.000 0.1056103 0.0784955 
-0.00235466 0.00812899 1.0000e+00 -1.143e+02 0.1850827 0.000 0.1051134 0.0799692 
-0.00235466 0.00837784 1.0000e+00 -1.150e+02 0.1856148 0.000 0.1054883 0.0801264 
-0.00235466 0.00862669 1.0001e+00 -1.157e+02 0.1857710 0.000 0.1066574 0.0791136 
-0.00235466 0.00887553 1.0000e+00 -1.164e+02 0.1863461 0.000 0.1070716 0.0792746 
-0.00247908 0.00290321 1.0000e+00 -1.118e+02 0.1819954 0.000 0.1044940 0.0775013 
-0.00247908 0.00315206 1.0001e+00 -1.113e+02 0.1819871 0.000 0.1034954 0.0784917 
-0.00247908 0.00340091 1.0000e+00 -1.108e+02 0.1817207 0.000 0.1031530 0.0785677 
-0.00247908 0.00364975 1.0001e+00 -1.104e+02 0.1813539 0.000 0.1030641 0.0782899 
-0.00247908 0.00389860 1.0000e+00 -1.101e+02 0.1812735 0.000 0.1026240 0.0786494 
-0.00247908 0.00414745 1.0000e+00 -1.098e+02 0.1810710 0.000 0.1025253 0.0785460 
-0.00247908 0.00439629 1.0000e+00 -1.096e+02 0.1809302 0.000 0.1024219 0.0785083 
-0.00247908 0.00464514 1.0000e+00 -1.094e+02 0.1808161 0.000 0.1024278 0.0783881 
-0.00247908 0.00489399 1.0000e+00 -1.094e+02 0.1807562 0.000 0.1024543 0.0783018 
-0.00247908 0.00514283 1.0001e+00 -1.093e+02 0.1808123 0.000 0.1023603 0.0784519 
-0.00247908 0.00539168 1.0001e+00 -1.093e+02 0.1808609 0.000 0.1024113 0.0784492 
-0.00247908 0.00564053 1.0000e+00 -1.095e+02 0.1809715 0.000 0.1025143 0.0784574 
-0.00247908 0.00588937 1.0001e+00 -1.096e+02 0.1811480 0.000 0.1025450 0.0786027 
-0.00247908 0.00613822 1.0001e+00 -1.098e+02 0.1813283 0.000 0.1026841 0.0786440 
-0.00247908 0.00638707 1.0001e+00 -1.101e+02 0.1815962 0.000 0.1027997 0.0787965 
-0.00247908 0.00663591 9.9999e-01 -1.104e+02 0.1818390 0.000 0.1030838 0.0787551 
-0.00247908 0.00688476 1.0001e+00 -1.107e+02 0.1820068 0.000 0.1034819 0.0785249 
-0.00247908 0.00713361 1.0001e+00 -1.111e+02 0.1823722 0.000 0.1036959 0.0786762 
-0.00247908 0.00738245 1.0000e+00 -1.116e+02 0.1824184 0.000 0.1046122 0.0778065 
-0.00247908 0.00763130 1.0000e+00 -1.121e+02 0.1828377 0.000 0.1048693 0.0779683 
-0.00247908 0.00788015 1.0000e+00 -1.126e+02 0.1838334 0.000 0.1041804 0.0796527 
-0.00247908 0.00812899 1.0001e+00 -1.132e+02 0.1837972 0.000 0.1054317 0.0783654 
-0.00247908 0.00837784 1.0001e+00 -1.138e+02 0.1847273 0.000 0.1049518 0.0797753 
-0.00247908 0.00862669 1.0001e+00 -1.145e+02 0.1852401 0.000 0.1052987 0.0799414 
-0.00247908 0.00887553 1.0000e+00 -1.152e+02 0.1856886 0.000 0.1059329 0.0797555 
-0.00260350 0.00290321 1.0000e+00 -1.126e+02 0.1825331 0.000 0.1048142 0.0777188 
-0.00260350 0.00315206 1.0001e+00 -1.119e+02 0.1820058 0.000 0.1045517 0.0774541 
-0.00260350 0.00340091 1.0001e+00 -1.113e+02 0.1820421 0.000 0.1034546 0.0785874 
-0.00260350 0.00364975 1.0001e+00 -1.108e+02 0.1816791 0.000 0.1032352 0.0784439 
-0.00260350 0.00389860 1.0001e+00 -1.104e+02 0.1814232 0.000 0.1029226 0.0785006 
-0.00260350 0.00414745 1.0001e+00 -1.101e+02 0.1812315 0.000 0.1026563 0.0785754 
-0.00260350 0.00439629 1.0001e+00 -1.098e+02 0.1810601 0.000 0.1024594 0.0786007 
-0.00260350 0.00464514 9.9999e-01 -1.096e+02 0.1809074 0.000 0.1023987 0.0785087 
-0.00260350 0.00489399 1.0000e+00 -1.094e+02 0.1807902 0.000 0.1023642 0.0784259 
-0.00260350 0.00514283 1.0001e+00 -1.093e+02 0.1807307 0.000 0.1023263 0.0784045 
-0.00260350 0.00539168 1.0001e+00 -1.092e+02 0.1807403 0.000 0.1023213 0.0784191 
-0.00260350 0.00564053 1.0000e+00 -1.092e+02 0.1808023 0.000 0.1023281 0.0784742 
-0.00260350 0.00588937 1.0001e+00 -1.093e+02 0.1808887 0.000 0.1023778 0.0785108 
-0.00260350 0.00613822 9.9999e-01 -1.095e+02 0.1809997 0.000 0.1025528 0.0784471 
-0.00260350 0.00638707 1.0001e+00 -1.096e+02 0.1812195 0.000 0.1025614 0.0786581 
-0.00260350 0.00663591 1.0000e+00 -1.099e+02 0.1813364 0.000 0.1029266 0.0784097 
-0.00260350 0.00688476 1.0000e+00 -1.102e+02 0.1817467 0.000 0.1028434 0.0789034 
-0.00260350 0.00713361 1.0001e+00 -1.105e+02 0.1818774 0.000 0.1033024 0.0785752 
-0.00260350 0.00738245 1.0000e+00 -1.109e+02 0.1822161 0.000 0.1035296 0.0786864 
-0.00260350 0.00763130 1.0001e+00 -1.113e+02 0.1821498 0.000 0.1045505 0.0775994 
-0.00260350 0.00788015 1.0000e+00 -1.117e+02 0.1826040 0.000 0.1047509 0.0778532 
-0.00260350 0.00812899 1.0001e+00 -1.123e+02 0.1835609 0.000 0.1040497 0.0795114 
-0.00260350 0.00837784 1.0000e+00 -1.128e+02 0.1835186 0.000 0.1053099 0.0782088 
-0.00260350 0.00862669 1.0001e+00 -1.134e+02 0.1839916 0.000 0.1056517 0.0783398 
-0.00260350 0.00887553 1.0001e+00 -1.141e+02 0.1850130 0.000 0.1050240 0.0799887 
-0.00272793 0.00290321 1.0001e+00 -1.134e+02 0.1832379 0.000 0.1051095 0.0781285 
-0.00272793 0.00315206 1.0000e+00 -1.127e+02 0.1825856 0.000 0.1048881 0.0776975 
-0.00272793 0.00340091 1.0000e+00 -1.120e+02 0.1820899 0.000 0.1045842 0.0775059 
-0.00272793 0.00364975 1.0001e+00 -1.114e+02 0.1821390 0.000 0.1034329 0.0787062 
-0.00272793 0.00389860 1.0000e+00 -1.109e+02 0.1817121 0.000 0.1032735 0.0784385 
-0.00272793 0.00414745 1.0000e+00 -1.105e+02 0.1814493 0.000 0.1029782 0.0784711 
-0.00272793 0.00439629 1.0000e+00 -1.101e+02 0.1811817 0.000 0.1027848 0.0783969 
-0.00272793 0.00464514 1.0001e+00 -1.098e+02 0.1810311 0.000 0.1025234 0.0785077 
-0.00272793 0.00489399 1.0000e+00 -1.095e+02 0.1808696 0.000 0.1024283 0.0784414 
-0.00272793 0.00514283 1.0001e+00 -1.093e+02 0.1807438 0.000 0.1023474 0.0783965 
-0.00272793 0.00539168 1.0000e+00 -1.092e+02 0.1807030 0.000 0.1023180 0.0783848 
-0.00272793 0.00564053 1.0001e+00 -1.092e+02 0.1806729 0.000 0.1023092 0.0783641 
-0.00272793 0.00588937 1.0000e+00 -1.092e+02 0.1807164 0.000 0.1023247 0.0783917 
-0.00272793 0.00613822 1.0000e+00 -1.092e+02 0.1808084 0.000 0.1023608 0.0784478 
-0.00272793 0.00638707 1.0001e+00 -1.093e+02 0.1809376 0.000 0.1024219 0.0785156 
-0.00272793 0.00663591 1.0000e+00 -1.095e+02 0.1810604 0.000 0.1026232 0.0784371 
-0.00272793 0.00688476 1.0001e+00 -1.097e+02 0.1813466 0.000 0.1026017 0.0787449 
-0.00272793 0.00713361 1.0000e+00 -1.100e+02 0.1816093 0.000 0.1027498 0.0788593 
-0.00272793 0.00738245 1.0001e+00 -1.103e+02 0.1818673 0.000 0.1029697 0.0788974 
-0.00272793 0.00763130 1.0001e+00 -1.106e+02 0.1820462 0.000 0.1034252 0.0786208 
-0.00272793 0.00788015 1.0000e+00 -1.110e+02 0.1824460 0.000 0.1036020 0.0788440 
-0.00272793 0.00812899 1.0001e+00 -1.115e+02 0.1824268 0.000 0.1045789 0.0778478 
-0.00272793 0.00837784 1.0001e+00 -1.119e+02 0.1828108 0.000 0.1049024 0.0779085 
-0.00272793 0.00862669 1.0001e+00 -1.125e+02 0.1832647 0.000 0.1051953 0.0780695 
-0.00272793 0.00887553 1.0000e+00 -1.131e+02 0.1837696 0.000 0.1054616 0.0783079 
-0.00285235 0.00290321 1.0000e+00 -1.145e+02 0.1840131 0.000 0.1055581 0.0784546 
-0.00285235 0.00315206 1.0001e+00 -1.136e+02 0.1833113 0.000 0.1052359 0.0780755 
-0.00285235 0.00340091 1.0000e+00 -1.129e+02 0.1832941 0.000 0.1039184 0.0793753 
-0.00285235 0.00364975 1.0001e+00 -1.121e+02 0.1821955 0.000 0.1046100 0.0775856 
-0.00285235 0.00389860 1.0000e+00 -1.116e+02 0.1822112 0.000 0.1034864 0.0787249 
-0.00285235 0.00414745 1.0000e+00 -1.110e+02 0.1818005 0.000 0.1032734 0.0785271 
-0.00285235 0.00439629 1.0000e+00 -1.105e+02 0.1811420 0.000 0.1035966 0.0775451 
-0.00285235 0.00464514 1.0000e+00 -1.102e+02 0.1812882 0.000 0.1026975 0.0785906 
-0.00285235 0.00489399 1.0001e+00 -1.098e+02 0.1810498 0.000 0.1025478 0.0785019 
-0.00285235 0.00514283 1.0000e+00 -1.096e+02 0.1808734 0.000 0.1024443 0.0784292 
-0.00285235 0.00539168 1.0000e+00 -1.094e+02 0.1807484 0.000 0.1023658 0.0783825 
-0.00285235 0.00564053 1.0001e+00 -1.092e+02 0.1806716 0.000 0.1023218 0.0783497 
-0.00285235 0.00588937 1.0001e+00 -1.091e+02 0.1806455 0.000 0.1023047 0.0783407 
-0.00285235 0.00613822 1.0001e+00 -1.091e+02 0.1806717 0.000 0.1023055 0.0783660 
-0.00285235 0.00638707 1.0000e+00 -1.092e+02 0.1807447 0.000 0.1023389 0.0784061 
-0.00285235 0.00663591 1.0001e+00 -1.092e+02 0.1808535 0.000 0.1024009 0.0784526 
-0.00285235 0.00688476 1.0000e+00 -1.094e+02 0.1810345 0.000 0.1024869 0.0785476 
-0.00285235 0.00713361 1.0000e+00 -1.096e+02 0.1812822 0.000 0.1025256 0.0787566 
-0.00285235 0.00738245 1.0000e+00 -1.098e+02 0.1814839 0.000 0.1027382 0.0787458 
-0.00285235 0.00763130 1.0000e+00 -1.101e+02 0.1816744 0.000 0.1030646 0.0786096 
-0.00285235 0.00788015 1.0000e+00 -1.105e+02 0.1819564 0.000 0.1033054 0.0786509 
-0.00285235 0.00812899 1.0001e+00 -1.108e+02 0.1822865 0.000 0.1035178 0.0787687 
-0.00285235 0.00837784 1.0000e+00 -1.112e+02 0.1822420 0.000 0.1045147 0.0777271 
-0.00285235 0.00862669 1.0000e+00 -1.117e+02 0.1826563 0.000 0.1047936 0.0778628 
-0.00285235 0.00887553 1.0001e+00 -1.122e+02 0.1836576 0.000 0.1039951 0.0796626 
-0.00297677 0.00290321 1.0000e+00 -1.157e+02 0.1849307 0.000 0.1059693 0.0789613 
-0.00297677 0.00315206 1.0000e+00 -1.147e+02 0.1844909 0.000 0.1050366 0.0794544 
-0.00297677 0.00340091 1.0000e+00 -1.138e+02 0.1835293 0.000 0.1052096 0.0783199 
-0.00297677 0.00364975 1.0000e+00 -1.130e+02 0.1828831 0.000 0.1049124 0.0779709 
-0.00297677 0.00389860 1.0000e+00 -1.123e+02 0.1823733 0.000 0.1045752 0.0777980 
-0.00297677 0.00414745 1.0000e+00 -1.117e+02 0.1823296 0.000 0.1035398 0.0787898 
-0.00297677 0.00439629 1.0001e+00 -1.112e+02 0.1819030 0.000 0.1032920 0.0786109 
-0.00297677 0.00464514 1.0001e+00 -1.107e+02 0.1816436 0.000 0.1028971 0.0787468 
-0.00297677 0.00489399 1.0001e+00 -1.103e+02 0.1813524 0.000 0.1026914 0.0786611 
-0.00297677 0.00514283 1.0000e+00 -1.099e+02 0.1811017 0.000 0.1025838 0.0785177 
-0.00297677 0.00539168 1.0000e+00 -1.096e+02 0.1809042 0.000 0.1024888 0.0784155 
-0.00297677 0.00564053 1.0001e+00 -1.094e+02 0.1807682 0.000 0.1023942 0.0783739 
-0.00297677 0.00588937 1.0000e+00 -1.093e+02 0.1806958 0.000 0.1023424 0.0783536 
-0.00297677 0.00613822 1.0000e+00 -1.092e+02 0.1806490 0.000 0.1023224 0.0783264 
-0.00297677 0.00638707 1.0001e+00 -1.091e+02 0.1806581 0.000 0.1023076 0.0783504 
-0.00297677 0.00663591 1.0001e+00 -1.091e+02 0.1807118 0.000 0.1023450 0.0783667 
-0.00297677 0.00688476 1.0001e+00 -1.092e+02 0.1808248 0.000 0.1023945 0.0784304 
-0.00297677 0.00713361 1.0001e+00 -1.093e+02 0.1809675 0.000 0.1024678 0.0784995 
-0.00297677 0.00738245 1.0000e+00 -1.095e+02 0.1811654 0.000 0.1025632 0.0786021 
-0.00297677 0.00763130 1.0001e+00 -1.097e+02 0.1813856 0.000 0.1026961 0.0786898 
-0.00297677 0.00788015 1.0000e+00 -1.100e+02 0.1816688 0.000 0.1028453 0.0788235 
-0.00297677 0.00812899 1.0001e+00 -1.103e+02 0.1815542 0.000 0.1037238 0.0778304 
-0.00297677 0.00837784 1.0000e+00 -1.107e+02 0.1821879 0.000 0.1034211 0.0787666 
-0.00297677 0.00862669 1.0000e+00 -1.110e+02 0.1820792 0.000 0.1045018 0.0775775 
-0.00297677 0.00887553 1.0000e+00 -1.115e+02 0.1824935 0.000 0.1046861 0.0778075 
-0.00310120 0.00290321 1.0001e+00 -1.170e+02 0.1861494 0.000 0.1060946 0.0800549 
-0.00310120 0.00315206 1.0000e+00 -1.159e+02 0.1851182 0.000 0.1060705 0.0790477 
-0.00310120 0.00340091 1.0001e+00 -1.150e+02 0.1847409 0.000 0.1049657 0.0797752 
-0.00310120 0.00364975 1.0000e+00 -1.141e+02 0.1836492 0.000 0.1053350 0.0783141 
-0.00310120 0.00389860 1.0001e+00 -1.133e+02 0.1830268 0.000 0.1050109 0.0780157 
-0.00310120 0.00414745 1.0001e+00 -1.125e+02 0.1824704 0.000 0.1046901 0.0777802 
-0.00310120 0.00439629 1.0000e+00 -1.119e+02 0.1819794 0.000 0.1044555 0.0775240 
-0.00310120 0.00464514 1.0001e+00 -1.113e+02 0.1820107 0.000 0.1033633 0.0786474 
-0.00310120 0.00489399 1.0000e+00 -1.108e+02 0.1817502 0.000 0.1029777 0.0787725 
-0.00310120 0.00514283 9.9997e-01 -1.104e+02 0.1814568 0.000 0.1027563 0.0787006 
-0.00310120 0.00539168 1.0001e+00 -1.100e+02 0.1811642 0.000 0.1026330 0.0785314 
-0.00310120 0.00564053 1.0001e+00 -1.097e+02 0.1809587 0.000 0.1025141 0.0784444 
-0.00310120 0.00588937 1.0001e+00 -1.095e+02 0.1808178 0.000 0.1024331 0.0783847 
-0.00310120 0.00613822 1.0000e+00 -1.093e+02 0.1807308 0.000 0.1023746 0.0783561 
-0.00310120 0.00638707 1.0001e+00 -1.092e+02 0.1806718 0.000 0.1023361 0.0783355 
-0.00310120 0.00663591 1.0000e+00 -1.092e+02 0.1806770 0.000 0.1023411 0.0783359 
-0.00310120 0.00688476 1.0000e+00 -1.092e+02 0.1807843 0.000 0.1022524 0.0785322 
-0.00310120 0.00713361 1.0001e+00 -1.092e+02 0.1808122 0.000 0.1023882 0.0784243 
-0.00310120 0.00738245 1.0000e+00 -1.093e+02 0.1809561 0.000 0.1024648 0.0784911 
-0.00310120 0.00763130 1.0000e+00 -1.095e+02 0.1811329 0.000 0.1025547 0.0785783 
-0.00310120 0.00788015 1.0001e+00 -1.097e+02 0.1813018 0.000 0.1027448 0.0785570 
-0.00310120 0.00812899 1.0001e+00 -1.099e+02 0.1816146 0.000 0.1027751 0.0788394 
-0.00310120 0.00837784 1.0001e+00 -1.102e+02 0.1818965 0.000 0.1029386 0.0789580 
-0.00310120 0.00862669 1.0000e+00 -1.106e+02 0.1821132 0.000 0.1033609 0.0787524 
-0.00310120 0.00887553 1.0000e+00 -1.109e+02 0.1824676 0.000 0.1035561 0.0789114 
-0.00322562 0.00290321 1.0000e+00 -1.185e+02 0.1868917 0.000 0.1074187 0.0794734 
-0.00322562 0.00315206 1.0000e+00 -1.173e+02 0.1859688 0.000 0.1069571 0.0790117 
-0.00322562 0.00340091 1.0000e+00 -1.163e+02 0.1852885 0.000 0.1062299 0.0790584 
-0.00322562 0.00364975 1.0000e+00 -1.153e+02 0.1846152 0.000 0.1056893 0.0789258 
-0.00322562 0.00389860 1.0001e+00 -1.143e+02 0.1841052 0.000 0.1049543 0.0791508 
-0.00322562 0.00414745 1.0000e+00 -1.135e+02 0.1832171 0.000 0.1050704 0.0781467 
-0.00322562 0.00439629 1.0001e+00 -1.128e+02 0.1826703 0.000 0.1047162 0.0779540 
-0.00322562 0.00464514 1.0001e+00 -1.121e+02 0.1825943 0.000 0.1036957 0.0788989 
-0.00322562 0.00489399 1.0000e+00 -1.115e+02 0.1821453 0.000 0.1034683 0.0786767 
-0.00322562 0.00514283 1.0001e+00 -1.110e+02 0.1818826 0.000 0.1030270 0.0788558 
-0.00322562 0.00539168 1.0000e+00 -1.106e+02 0.1815643 0.000 0.1028338 0.0787307 
-0.00322562 0.00564053 1.0001e+00 -1.102e+02 0.1812696 0.000 0.1027018 0.0785679 
-0.00322562 0.00588937 1.0000e+00 -1.099e+02 0.1810573 0.000 0.1025810 0.0784765 
-0.00322562 0.00613822 1.0000e+00 -1.096e+02 0.1809055 0.000 0.1024840 0.0784212 
-0.00322562 0.00638707 1.0000e+00 -1.094e+02 0.1808025 0.000 0.1024203 0.0783822 
-0.00322562 0.00663591 1.0000e+00 -1.093e+02 0.1807455 0.000 0.1023785 0.0783667 
-0.00322562 0.00688476 1.0001e+00 -1.092e+02 0.1807160 0.000 0.1023655 0.0783506 
-0.00322562 0.00713361 1.0000e+00 -1.092e+02 0.1807563 0.000 0.1023787 0.0783779 
-0.00322562 0.00738245 1.0001e+00 -1.092e+02 0.1808290 0.000 0.1024125 0.0784166 
-0.00322562 0.00763130 1.0000e+00 -1.093e+02 0.1809559 0.000 0.1024781 0.0784778 
-0.00322562 0.00788015 1.0001e+00 -1.095e+02 0.1811206 0.000 0.1025460 0.0785746 
-0.00322562 0.00812899 1.0000e+00 -1.097e+02 0.1813302 0.000 0.1026555 0.0786746 
-0.00322562 0.00837784 1.0000e+00 -1.099e+02 0.1815788 0.000 0.1027720 0.0788068 
-0.00322562 0.00862669 1.0001e+00 -1.101e+02 0.1818489 0.000 0.1029134 0.0789355 
-0.00322562 0.00887553 1.0000e+00 -1.104e+02 0.1817402 0.000 0.1038418 0.0778984 
-0.00335004 0.00290321 1.0000e+00 -1.203e+02 0.1884661 0.000 0.1074306 0.0810357 
-0.00335004 0.00315206 1.0001e+00 -1.189e+02 0.1873915 0.000 0.1070753 0.0803162 
-0.00335004 0.00340091 1.0001e+00 -1.177e+02 0.1862156 0.000 0.1070790 0.0791368 
-0.00335004 0.00364975 1.0000e+00 -1.166e+02 0.1857895 0.000 0.1058677 0.0799219 
-0.00335004 0.00389860 1.0001e+00 -1.156e+02 0.1847781 0.000 0.1058674 0.0789107 
-0.00335004 0.00414745 1.0000e+00 -1.147e+02 0.1844295 0.000 0.1048709 0.0795586 
-0.00335004 0.00439629 1.0001e+00 -1.138e+02 0.1837820 0.000 0.1045079 0.0792743 
-0.00335004 0.00464514 1.0001e+00 -1.130e+02 0.1828410 0.000 0.1048443 0.0779972 
-0.00335004 0.00489399 1.0000e+00 -1.124e+02 0.1823378 0.000 0.1045723 0.0777654 
-0.00335004 0.00514283 1.0000e+00 -1.118e+02 0.1823237 0.000 0.1035553 0.0787684 
-0.00335004 0.00539168 1.0001e+00 -1.112e+02 0.1816871 0.000 0.1037080 0.0779789 
-0.00335004 0.00564053 1.0001e+00 -1.108e+02 0.1817025 0.000 0.1029009 0.0788019 
-0.00335004 0.00588937 1.0000e+00 -1.104e+02 0.1814452 0.000 0.1027109 0.0787345 
-0.00335004 0.00613822 1.0000e+00 -1.100e+02 0.1811792 0.000 0.1026484 0.0785311 
-0.00335004 0.00638707 1.0001e+00 -1.098e+02 0.1810041 0.000 0.1025469 0.0784571 
-0.00335004 0.00663591 1.0001e+00 -1.096e+02 0.1808776 0.000 0.1024791 0.0783987 
-0.00335004 0.00688476 1.0000e+00 -1.094e+02 0.1808221 0.000 0.1024448 0.0783774 
-0.00335004 0.00713361 1.0000e+00 -1.093e+02 0.1807972 0.000 0.1024146 0.0783826 
-0.00335004 0.00738245 1.0000e+00 -1.093e+02 0.1808231 0.000 0.1024167 0.0784066 
-0.00335004 0.00763130 1.0000e+00 -1.093e+02 0.1808812 0.000 0.1024415 0.0784397 
-0.00335004 0.00788015 1.0000e+00 -1.094e+02 0.1809916 0.000 0.1025000 0.0784917 
-0.00335004 0.00812899 1.0001e+00 -1.095e+02 0.1811358 0.000 0.1025684 0.0785676 
-0.00335004 0.00837784 1.0000e+00 -1.097e+02 0.1813291 0.000 0.1026728 0.0786564 
-0.00335004 0.00862669 1.0001e+00 -1.099e+02 0.1815701 0.000 0.1027461 0.0788239 
-0.00335004 0.00887553 1.0001e+00 -1.101e+02 0.1818390 0.000 0.1028931 0.0789459 
-0.00347447 0.00290321 1.0001e+00 -1.221e+02 0.1892935 0.000 0.1091276 0.0801657 
-0.00347447 0.00315206 1.0001e+00 -1.207e+02 0.1883560 0.000 0.1082777 0.0800784 
-0.00347447 0.00340091 1.0000e+00 -1.194e+02 0.1876509 0.000 0.1072689 0.0803819 
-0.00347447 0.00364975 1.0000e+00 -1.181e+02 0.1865264 0.000 0.1071228 0.0794038 
-0.00347447 0.00389860 1.0000e+00 -1.170e+02 0.1856680 0.000 0.1067012 0.0789666 
-0.00347447 0.00414745 1.0001e+00 -1.159e+02 0.1850509 0.000 0.1059477 0.0791033 
-0.00347447 0.00439629 1.0000e+00 -1.150e+02 0.1846332 0.000 0.1050469 0.0795859 
-0.00347447 0.00464514 1.0000e+00 -1.141e+02 0.1839388 0.000 0.1047742 0.0791647 
-0.00347447 0.00489399 1.0001e+00 -1.133e+02 0.1830545 0.000 0.1049694 0.0780850 
-0.00347447 0.00514283 1.0000e+00 -1.127e+02 0.1830365 0.000 0.1038095 0.0792269 
-0.00347447 0.00539168 1.0001e+00 -1.120e+02 0.1824669 0.000 0.1037123 0.0787548 
-0.00347447 0.00564053 1.0000e+00 -1.115e+02 0.1821027 0.000 0.1034417 0.0786612 
-0.00347447 0.00588937 1.0000e+00 -1.110e+02 0.1815094 0.000 0.1036678 0.0778416 
-0.00347447 0.00613822 9.9998e-01 -1.106e+02 0.1816235 0.000 0.1027935 0.0788298 
-0.00347447 0.00638707 1.0001e+00 -1.103e+02 0.1813742 0.000 0.1026492 0.0787252 
-0.00347447 0.00663591 1.0001e+00 -1.100e+02 0.1811366 0.000 0.1026255 0.0785110 
-0.00347447 0.00688476 1.0001e+00 -1.098e+02 0.1810119 0.000 0.1025516 0.0784603 
-0.00347447 0.00713361 1.0000e+00 -1.096e+02 0.1809396 0.000 0.1025046 0.0784351 
-0.00347447 0.00738245 1.0000e+00 -1.095e+02 0.1808951 0.000 0.1024730 0.0784219 
-0.00347447 0.00763130 1.0001e+00 -1.094e+02 0.1809043 0.000 0.1024622 0.0784423 
-0.00347447 0.00788015 9.9999e-01 -1.094e+02 0.1809601 0.000 0.1024973 0.0784628 
-0.00347447 0.00812899 1.0000e+00 -1.095e+02 0.1810565 0.000 0.1025412 0.0785155 
-0.00347447 0.00837784 1.0001e+00 -1.096e+02 0.1811847 0.000 0.1025977 0.0785869 
-0.00347447 0.00862669 1.0001e+00 -1.097e+02 0.1813610 0.000 0.1026840 0.0786771 
-0.00347447 0.00887553 1.0001e+00 -1.099e+02 0.1816108 0.000 0.1027360 0.0788748 
-0.00359889 0.00290321 1.0000e+00 -1.242e+02 0.1910604 0.000 0.1094180 0.0816422 
-0.00359889 0.00315206 1.0001e+00 -1.226e+02 0.1898666 0.000 0.1088376 0.0810289 
-0.00359889 0.00340091 1.0001e+00 -1.212e+02 0.1889639 0.000 0.1079077 0.0810563 
-0.00359889 0.00364975 1.0001e+00 -1.198e+02 0.1879907 0.000 0.1073075 0.0806834 
-0.00359889 0.00389860 9.9995e-01 -1.186e+02 0.1870757 0.000 0.1068268 0.0802490 
-0.00359889 0.00414745 1.0001e+00 -1.174e+02 0.1859202 0.000 0.1068609 0.0790595 
-0.00359889 0.00439629 1.0000e+00 -1.164e+02 0.1855427 0.000 0.1057179 0.0798250 
-0.00359889 0.00464514 1.0001e+00 -1.154e+02 0.1849694 0.000 0.1050369 0.0799323 
-0.00359889 0.00489399 1.0000e+00 -1.145e+02 0.1843245 0.000 0.1046709 0.0796534 
-0.00359889 0.00514283 1.0001e+00 -1.137e+02 0.1835795 0.000 0.1046023 0.0789773 
-0.00359889 0.00539168 1.0000e+00 -1.130e+02 0.1827826 0.000 0.1047869 0.0779958 
-0.00359889 0.00564053 1.0000e+00 -1.123e+02 0.1823267 0.000 0.1045017 0.0778252 
-0.00359889 0.00588937 1.0001e+00 -1.118e+02 0.1823346 0.000 0.1034849 0.0788497 
-0.00359889 0.00613822 1.0001e+00 -1.113e+02 0.1819742 0.000 0.1033008 0.0786735 
-0.00359889 0.00638707 1.0000e+00 -1.109e+02 0.1814261 0.000 0.1035565 0.0778695 
-0.00359889 0.00663591 1.0000e+00 -1.105e+02 0.1811742 0.000 0.1034379 0.0777361 
-0.00359889 0.00688476 1.0000e+00 -1.102e+02 0.1813712 0.000 0.1026349 0.0787365 
-0.00359889 0.00713361 1.0001e+00 -1.100e+02 0.1811179 0.000 0.1027177 0.0784003 
-0.00359889 0.00738245 1.0001e+00 -1.098e+02 0.1810671 0.000 0.1025794 0.0784877 
-0.00359889 0.00763130 1.0001e+00 -1.097e+02 0.1810283 0.000 0.1025420 0.0784861 
-0.00359889 0.00788015 1.0001e+00 -1.096e+02 0.1810175 0.000 0.1025320 0.0784854 
-0.00359889 0.00812899 1.0000e+00 -1.096e+02 0.1810542 0.000 0.1025467 0.0785073 
-0.00359889 0.00837784 1.0000e+00 -1.096e+02 0.1811523 0.000 0.1025839 0.0785683 
-0.00359889 0.00862669 1.0000e+00 -1.097e+02 0.1812793 0.000 0.1026505 0.0786289 
-0.00359889 0.00887553 1.0000e+00 -1.098e+02 0.1814803 0.000 0.1026508 0.0788294 
-0.00372331 0.00290321 1.0000e+00 -1.266e+02 0.1927048 0.000 0.1102508 0.0824536 
-0.00372331 0.00315206 1.0001e+00 -1.248e+02 0.1910376 0.000 0.1103363 0.0807014 
-0.00372331 0.00340091 1.0000e+00 -1.232e+02 0.1903175 0.000 0.1088716 0.0814459 
-0.00372331 0.00364975 9.9999e-01 -1.217e+02 0.1888835 0.000 0.1088962 0.0799875 
-0.00372331 0.00389860 1.0000e+00 -1.203e+02 0.1883449 0.000 0.1074364 0.0809084 
-0.00372331 0.00414745 1.0000e+00 -1.191e+02 0.1874260 0.000 0.1068920 0.0805338 
-0.00372331 0.00439629 9.9999e-01 -1.179e+02 0.1864396 0.000 0.1066738 0.0797658 
-0.00372331 0.00464514 1.0001e+00 -1.168e+02 0.1857920 0.000 0.1059262 0.0798657 
-0.00372331 0.00489399 1.0001e+00 -1.158e+02 0.1851843 0.000 0.1053098 0.0798742 
-0.00372331 0.00514283 1.0000e+00 -1.149e+02 0.1844907 0.000 0.1050353 0.0794550 
-0.00372331 0.00539168 1.0000e+00 -1.141e+02 0.1838813 0.000 0.1046992 0.0791828 
-0.00372331 0.00564053 1.0000e+00 -1.134e+02 0.1833695 0.000 0.1043301 0.0790392 
-0.00372331 0.00588937 1.0001e+00 -1.127e+02 0.1825672 0.000 0.1046219 0.0779455 
-0.00372331 0.00613822 1.0000e+00 -1.121e+02 0.1821559 0.000 0.1043902 0.0777654 
-0.00372331 0.00638707 1.0000e+00 -1.116e+02 0.1821898 0.000 0.1034604 0.0787290 
-0.00372331 0.00663591 1.0000e+00 -1.112e+02 0.1818895 0.000 0.1032714 0.0786182 
-0.00372331 0.00688476 9.9999e-01 -1.108e+02 0.1813713 0.000 0.1035749 0.0777964 
-0.00372331 0.00713361 9.9998e-01 -1.105e+02 0.1813294 0.000 0.1032022 0.0781274 
-0.00372331 0.00738245 1.0001e+00 -1.102e+02 0.1814237 0.000 0.1026350 0.0787888 
-0.00372331 0.00763130 1.0000e+00 -1.100e+02 0.1812591 0.000 0.1026726 0.0785865 
-0.00372331 0.00788015 1.0000e+00 -1.099e+02 0.1811928 0.000 0.1026348 0.0785580 
-0.00372331 0.00812899 1.0001e+00 -1.098e+02 0.1811661 0.000 0.1026080 0.0785578 
-0.00372331 0.00837784 1.0000e+00 -1.098e+02 0.1812124 0.000 0.1026120 0.0786001 
-0.00372331 0.00862669 1.0001e+00 -1.098e+02 0.1812613 0.000 0.1026393 0.0786221 
-0.00372331 0.00887553 1.0001e+00 -1.099e+02 0.1814158 0.000 0.1026089 0.0788067 
-0.00384774 0.00290321 1.0001e+00 -1.291e+02 0.1943192 0.000 0.1114268 0.0828923 
-0.00384774 0.00315206 1.0001e+00 -1.272e+02 0.1926016 0.000 0.1114060 0.0811958 
-0.00384774 0.00340091 1.0001e+00 -1.254e+02 0.1917007 0.000 0.1099760 0.0817248 
-0.00384774 0.00364975 1.0001e+00 -1.238e+02 0.1906890 0.000 0.1090002 0.0816886 
-0.00384774 0.00389860 1.0000e+00 -1.223e+02 0.1894382 0.000 0.1087008 0.0807373 
-0.00384774 0.00414745 1.0001e+00 -1.209e+02 0.1886487 0.000 0.1076770 0.0809715 
-0.00384774 0.00439629 1.0001e+00 -1.196e+02 0.1877727 0.000 0.1070144 0.0807582 
-0.00384774 0.00464514 1.0001e+00 -1.184e+02 0.1868971 0.000 0.1065406 0.0803566 
-0.00384774 0.00489399 1.0000e+00 -1.173e+02 0.1857350 0.000 0.1067826 0.0789525 
-0.00384774 0.00514283 1.0001e+00 -1.163e+02 0.1854346 0.000 0.1055950 0.0798398 
-0.00384774 0.00539168 1.0000e+00 -1.154e+02 0.1848459 0.000 0.1050793 0.0797667 
-0.00384774 0.00564053 1.0000e+00 -1.145e+02 0.1841600 0.000 0.1048600 0.0793002 
-0.00384774 0.00588937 1.0001e+00 -1.138e+02 0.1837418 0.000 0.1042963 0.0794455 
-0.00384774 0.00613822 1.0001e+00 -1.131e+02 0.1831314 0.000 0.1042202 0.0789111 
-0.00384774 0.00638707 1.0001e+00 -1.125e+02 0.1823789 0.000 0.1045502 0.0778287 
-0.00384774 0.00663591 1.0001e+00 -1.120e+02 0.1824616 0.000 0.1035514 0.0789103 
-0.00384774 0.00688476 1.0000e+00 -1.115e+02 0.1821551 0.000 0.1033795 0.0787755 
-0.00384774 0.00713361 1.0000e+00 -1.111e+02 0.1818844 0.000 0.1032606 0.0786239 
-0.00384774 0.00738245 1.0001e+00 -1.108e+02 0.1817324 0.000 0.1029875 0.0787450 
-0.00384774 0.00763130 1.0000e+00 -1.105e+02 0.1815207 0.000 0.1029740 0.0785466 
-0.00384774 0.00788015 1.0000e+00 -1.103e+02 0.1812491 0.000 0.1031749 0.0780740 
-0.00384774 0.00812899 1.0000e+00 -1.102e+02 0.1813658 0.000 0.1027790 0.0785867 
-0.00384774 0.00837784 1.0000e+00 -1.101e+02 0.1813019 0.000 0.1028021 0.0784995 
-0.00384774 0.00862669 1.0001e+00 -1.100e+02 0.1813851 0.000 0.1026701 0.0787151 
-0.00384774 0.00887553 1.0001e+00 -1.100e+02 0.1812008 0.000 0.1030968 0.0781040 
-0.00397216 0.00290321 1.0000e+00 -1.320e+02 0.1960738 0.000 0.1128121 0.0832618 
-0.00397216 0.00315206 1.0001e+00 -1.299e+02 0.1947218 0.000 0.1117389 0.0829829 
-0.00397216 0.00340091 1.0000e+00 -1.279e+02 0.1933412 0.000 0.1110232 0.0823181 
-0.00397216 0.00364975 1.0000e+00 -1.261e+02 0.1922039 0.000 0.1100301 0.0821741 
-0.00397216 0.00389860 1.0000e+00 -1.244e+02 0.1910458 0.000 0.1092862 0.0817598 
-0.00397216 0.00414745 1.0000e+00 -1.229e+02 0.1899464 0.000 0.1086465 0.0812999 
-0.00397216 0.00439629 1.0000e+00 -1.214e+02 0.1888209 0.000 0.1082198 0.0806011 
-0.00397216 0.00464514 1.0001e+00 -1.201e+02 0.1878170 0.000 0.1077478 0.0800694 
-0.00397216 0.00489399 1.0001e+00 -1.189e+02 0.1871817 0.000 0.1068038 0.0803779 
-0.00397216 0.00514283 1.0000e+00 -1.178e+02 0.1862517 0.000 0.1066214 0.0796302 
-0.00397216 0.00539168 1.0001e+00 -1.167e+02 0.1853675 0.000 0.1064528 0.0789148 
-0.00397216 0.00564053 1.0000e+00 -1.158e+02 0.1851241 0.000 0.1053396 0.0797844 
-0.00397216 0.00588937 1.0000e+00 -1.150e+02 0.1844997 0.000 0.1049630 0.0795367 
-0.00397216 0.00613822 1.0000e+00 -1.142e+02 0.1836442 0.000 0.1051658 0.0784785 
-0.00397216 0.00638707 1.0001e+00 -1.135e+02 0.1835907 0.000 0.1041073 0.0794837 
-0.00397216 0.00663591 1.0001e+00 -1.129e+02 0.1826771 0.000 0.1046544 0.0780227 
-0.00397216 0.00688476 1.0000e+00 -1.124e+02 0.1823774 0.000 0.1043388 0.0780387 
-0.00397216 0.00713361 1.0000e+00 -1.119e+02 0.1820954 0.000 0.1040879 0.0780076 
-0.00397216 0.00738245 1.0001e+00 -1.115e+02 0.1822062 0.000 0.1032565 0.0789494 
-0.00397216 0.00763130 1.0000e+00 -1.111e+02 0.1819452 0.000 0.1032099 0.0787353 
-0.00397216 0.00788015 1.0001e+00 -1.109e+02 0.1817521 0.000 0.1031237 0.0786283 
-0.00397216 0.00812899 1.0000e+00 -1.106e+02 0.1816445 0.000 0.1030300 0.0786145 
-0.00397216 0.00837784 1.0000e+00 -1.105e+02 0.1814139 0.000 0.1032026 0.0782113 
-0.00397216 0.00862669 1.0000e+00 -1.104e+02 0.1815612 0.000 0.1028541 0.0787070 
-0.00397216 0.00887553 1.0000e+00 -1.103e+02 0.1815892 0.000 0.1027717 0.0788174 
-0.00409658 0.00290321 1.0001e+00 -1.351e+02 0.1980983 0.000 0.1140861 0.0840122 
-0.00409658 0.00315206 1.0000e+00 -1.328e+02 0.1966329 0.000 0.1129486 0.0836842 
-0.00409658 0.00340091 1.0001e+00 -1.306e+02 0.1950926 0.000 0.1121979 0.0828945 
-0.00409658 0.00364975 1.0001e+00 -1.286e+02 0.1938390 0.000 0.1111254 0.0827136 
-0.00409658 0.00389860 1.0001e+00 -1.268e+02 0.1925594 0.000 0.1103965 0.0821630 
-0.00409658 0.00414745 1.0001e+00 -1.251e+02 0.1914116 0.000 0.1095809 0.0818305 
-0.00409658 0.00439629 1.0000e+00 -1.235e+02 0.1900472 0.000 0.1094237 0.0806234 
-0.00409658 0.00464514 1.0001e+00 -1.221e+02 0.1893441 0.000 0.1081907 0.0811534 
-0.00409658 0.00489399 1.0001e+00 -1.207e+02 0.1884553 0.000 0.1075137 0.0809413 
-0.00409658 0.00514283 1.0000e+00 -1.195e+02 0.1875948 0.000 0.1069891 0.0806056 
-0.00409658 0.00539168 9.9999e-01 -1.183e+02 0.1865006 0.000 0.1070489 0.0794517 
-0.00409658 0.00564053 9.9999e-01 -1.173e+02 0.1858767 0.000 0.1063905 0.0794862 
-0.00409658 0.00588937 1.0001e+00 -1.163e+02 0.1854102 0.000 0.1056034 0.0798069 
-0.00409658 0.00613822 1.0001e+00 -1.155e+02 0.1848735 0.000 0.1050767 0.0797970 
-0.00409658 0.00638707 1.0001e+00 -1.147e+02 0.1842599 0.000 0.1048262 0.0794337 
-0.00409658 0.00663591 1.0001e+00 -1.140e+02 0.1834112 0.000 0.1051459 0.0782651 
-0.00409658 0.00688476 1.0000e+00 -1.134e+02 0.1830026 0.000 0.1048730 0.0781295 
-0.00409658 0.00713361 1.0000e+00 -1.128e+02 0.1827211 0.000 0.1044216 0.0782996 
-0.00409658 0.00738245 1.0000e+00 -1.123e+02 0.1824097 0.000 0.1042042 0.0782054 
-0.00409658 0.00763130 1.0001e+00 -1.119e+02 0.1821768 0.000 0.1039526 0.0782240 
-0.00409658 0.00788015 9.9999e-01 -1.115e+02 0.1818913 0.000 0.1039487 0.0779427 
-0.00409658 0.00812899 1.0000e+00 -1.112e+02 0.1820823 0.000 0.1031864 0.0788960 
-0.00409658 0.00837784 1.0001e+00 -1.110e+02 0.1819357 0.000 0.1030830 0.0788529 
-0.00409658 0.00862669 1.0001e+00 -1.108e+02 0.1818349 0.000 0.1030349 0.0788002 
-0.00409658 0.00887553 1.0001e+00 -1.107e+02 0.1817042 0.000 0.1031308 0.0785734 
