-0.0070 0.0002 3.2000e-01 -2.603e+01 0.09942 0.000 0.05321 0.04621 
-0.0070 0.0006 3.2000e-01 -2.557e+01 0.09863 0.001 0.05274 0.04589 
-0.0070 0.0010 3.2001e-01 -2.511e+01 0.09784 0.000 0.05226 0.04558 
-0.0070 0.0014 3.2002e-01 -2.465e+01 0.09701 0.000 0.05183 0.04519 
-0.0070 0.0018 3.2003e-01 -2.420e+01 0.09621 0.000 0.05143 0.04478 
-0.0070 0.0022 3.2002e-01 -2.377e+01 0.09545 0.000 0.05091 0.04454 
-0.0070 0.0026 3.2001e-01 -2.335e+01 0.09469 0.000 0.05051 0.04418 
-0.0070 0.0030 3.2001e-01 -2.294e+01 0.09395 0.000 0.05009 0.04386 
-0.0070 0.0034 3.2002e-01 -2.253e+01 0.09322 0.000 0.04965 0.04357 
-0.0070 0.0038 3.2002e-01 -2.214e+01 0.09251 0.000 0.04928 0.04323 
-0.0070 0.0042 3.2001e-01 -2.177e+01 0.09184 0.000 0.04888 0.04296 
-0.0070 0.0046 3.2000e-01 -2.140e+01 0.09112 0.000 0.04861 0.04250 
-0.0070 0.0050 3.2001e-01 -2.105e+01 0.09052 0.000 0.04811 0.04240 
-0.0070 0.0054 3.2001e-01 -2.071e+01 0.08985 0.000 0.04776 0.04209 
-0.0070 0.0058 3.2002e-01 -2.039e+01 0.08923 0.000 0.04742 0.04181 
-0.0070 0.0062 3.2001e-01 -2.008e+01 0.08864 0.000 0.04706 0.04158 
-0.0070 0.0066 3.2002e-01 -1.978e+01 0.08806 0.000 0.04673 0.04133 
-0.0070 0.0070 3.2000e-01 -1.950e+01 0.08751 0.000 0.04643 0.04108 
-0.0070 0.0074 3.2002e-01 -1.923e+01 0.08696 0.000 0.04614 0.04083 
-0.0070 0.0078 3.2001e-01 -1.897e+01 0.08639 0.000 0.04593 0.04046 
-0.0070 0.0082 3.2001e-01 -1.874e+01 0.08595 0.000 0.04554 0.04042 
-0.0070 0.0086 3.2001e-01 -1.851e+01 0.08547 0.000 0.04528 0.04019 
-0.0070 0.0090 3.2000e-01 -1.829e+01 0.08502 0.000 0.04502 0.04000 
-0.0070 0.0094 3.2002e-01 -1.809e+01 0.08459 0.000 0.04477 0.03982 
-0.0070 0.0098 3.2000e-01 -1.790e+01 0.08419 0.000 0.04456 0.03962 
-0.0066 0.0002 3.2002e-01 -2.370e+01 0.09550 0.000 0.05097 0.04453 
-0.0066 0.0006 3.2002e-01 -2.330e+01 0.09478 0.000 0.05056 0.04422 
-0.0066 0.0010 3.2002e-01 -2.291e+01 0.09406 0.000 0.05015 0.04391 
-0.0066 0.0014 3.2001e-01 -2.253e+01 0.09336 0.000 0.04973 0.04364 
-0.0066 0.0018 3.2002e-01 -2.216e+01 0.09265 0.000 0.04933 0.04332 
-0.0066 0.0022 3.2002e-01 -2.179e+01 0.09197 0.000 0.04893 0.04304 
-0.0066 0.0026 3.2002e-01 -2.143e+01 0.09123 0.000 0.04867 0.04256 
-0.0066 0.0030 3.2001e-01 -2.109e+01 0.09064 0.000 0.04821 0.04243 
-0.0066 0.0034 3.2002e-01 -2.075e+01 0.08997 0.000 0.04792 0.04205 
-0.0066 0.0038 3.2002e-01 -2.043e+01 0.08939 0.000 0.04749 0.04190 
-0.0066 0.0042 3.2001e-01 -2.012e+01 0.08879 0.000 0.04712 0.04167 
-0.0066 0.0046 3.2002e-01 -1.982e+01 0.08817 0.000 0.04680 0.04137 
-0.0066 0.0050 3.2001e-01 -1.953e+01 0.08760 0.000 0.04645 0.04115 
-0.0066 0.0054 3.2001e-01 -1.925e+01 0.08702 0.000 0.04613 0.04089 
-0.0066 0.0058 3.2000e-01 -1.899e+01 0.08647 0.000 0.04586 0.04061 
-0.0066 0.0062 3.2001e-01 -1.873e+01 0.08598 0.000 0.04551 0.04046 
-0.0066 0.0066 3.2001e-01 -1.849e+01 0.08543 0.000 0.04531 0.04012 
-0.0066 0.0070 3.2001e-01 -1.826e+01 0.08500 0.000 0.04497 0.04004 
-0.0066 0.0074 3.2001e-01 -1.805e+01 0.08455 0.000 0.04470 0.03984 
-0.0066 0.0078 3.2002e-01 -1.784e+01 0.08409 0.000 0.04444 0.03966 
-0.0066 0.0082 3.2002e-01 -1.764e+01 0.08366 0.000 0.04422 0.03945 
-0.0066 0.0086 3.2000e-01 -1.746e+01 0.08325 0.000 0.04405 0.03920 
-0.0066 0.0090 3.2000e-01 -1.729e+01 0.08291 0.000 0.04381 0.03910 
-0.0066 0.0094 3.2001e-01 -1.713e+01 0.08257 0.000 0.04361 0.03897 
-0.0066 0.0098 3.2005e-01 -1.698e+01 0.08225 0.000 0.04340 0.03884 
-0.0062 0.0002 3.2002e-01 -2.178e+01 0.09208 0.000 0.04897 0.04311 
-0.0062 0.0006 3.2000e-01 -2.145e+01 0.09138 0.000 0.04871 0.04267 
-0.0062 0.0010 3.2000e-01 -2.112e+01 0.09076 0.000 0.04826 0.04250 
-0.0062 0.0014 3.2002e-01 -2.079e+01 0.09011 0.000 0.04789 0.04221 
-0.0062 0.0018 3.2002e-01 -2.047e+01 0.08950 0.000 0.04751 0.04199 
-0.0062 0.0022 3.2001e-01 -2.017e+01 0.08891 0.000 0.04718 0.04174 
-0.0062 0.0026 3.2002e-01 -1.986e+01 0.08832 0.000 0.04684 0.04148 
-0.0062 0.0030 3.2001e-01 -1.958e+01 0.08776 0.000 0.04653 0.04123 
-0.0062 0.0034 3.2000e-01 -1.929e+01 0.08715 0.000 0.04627 0.04089 
-0.0062 0.0038 3.2002e-01 -1.902e+01 0.08662 0.000 0.04589 0.04072 
-0.0062 0.0042 3.2000e-01 -1.877e+01 0.08609 0.000 0.04556 0.04053 
-0.0062 0.0046 3.2001e-01 -1.851e+01 0.08553 0.000 0.04532 0.04021 
-0.0062 0.0050 3.2000e-01 -1.828e+01 0.08503 0.000 0.04504 0.03999 
-0.0062 0.0054 3.2001e-01 -1.805e+01 0.08459 0.000 0.04472 0.03987 
-0.0062 0.0058 3.2000e-01 -1.783e+01 0.08413 0.000 0.04448 0.03964 
-0.0062 0.0062 3.2002e-01 -1.762e+01 0.08367 0.000 0.04424 0.03943 
-0.0062 0.0066 3.2000e-01 -1.743e+01 0.08323 0.000 0.04404 0.03919 
-0.0062 0.0070 3.2003e-01 -1.724e+01 0.08281 0.000 0.04382 0.03899 
-0.0062 0.0074 3.2001e-01 -1.707e+01 0.08246 0.000 0.04354 0.03892 
-0.0062 0.0078 3.2000e-01 -1.691e+01 0.08212 0.000 0.04333 0.03879 
-0.0062 0.0082 3.2001e-01 -1.675e+01 0.08178 0.000 0.04316 0.03862 
-0.0062 0.0086 3.2002e-01 -1.661e+01 0.08147 0.000 0.04299 0.03848 
-0.0062 0.0090 3.2004e-01 -1.647e+01 0.08116 0.000 0.04283 0.03833 
-0.0062 0.0094 3.2003e-01 -1.635e+01 0.08087 0.000 0.04271 0.03816 
-0.0062 0.0098 3.2002e-01 -1.624e+01 0.08063 0.000 0.04253 0.03810 
-0.0058 0.0002 3.2002e-01 -2.021e+01 0.08906 0.000 0.04727 0.04179 
-0.0058 0.0006 3.2000e-01 -1.992e+01 0.08849 0.000 0.04692 0.04157 
-0.0058 0.0010 3.2001e-01 -1.964e+01 0.08792 0.000 0.04660 0.04132 
-0.0058 0.0014 3.2000e-01 -1.936e+01 0.08735 0.000 0.04631 0.04104 
-0.0058 0.0018 3.2000e-01 -1.909e+01 0.08679 0.000 0.04605 0.04074 
-0.0058 0.0022 3.2001e-01 -1.883e+01 0.08625 0.000 0.04578 0.04048 
-0.0058 0.0026 3.2001e-01 -1.858e+01 0.08576 0.000 0.04542 0.04034 
-0.0058 0.0030 3.2001e-01 -1.833e+01 0.08521 0.000 0.04516 0.04004 
-0.0058 0.0034 3.2002e-01 -1.809e+01 0.08473 0.000 0.04481 0.03991 
-0.0058 0.0038 3.2000e-01 -1.788e+01 0.08425 0.000 0.04454 0.03971 
-0.0058 0.0042 3.2000e-01 -1.766e+01 0.08378 0.000 0.04427 0.03951 
-0.0058 0.0046 3.2000e-01 -1.745e+01 0.08331 0.000 0.04407 0.03924 
-0.0058 0.0050 3.2003e-01 -1.725e+01 0.08289 0.000 0.04380 0.03909 
-0.0058 0.0054 3.2003e-01 -1.707e+01 0.08249 0.000 0.04355 0.03894 
-0.0058 0.0058 3.2003e-01 -1.689e+01 0.08211 0.000 0.04332 0.03879 
-0.0058 0.0062 3.2004e-01 -1.672e+01 0.08171 0.000 0.04317 0.03854 
-0.0058 0.0066 3.2001e-01 -1.657e+01 0.08140 0.000 0.04295 0.03845 
-0.0058 0.0070 3.2001e-01 -1.642e+01 0.08106 0.000 0.04278 0.03829 
-0.0058 0.0074 3.2001e-01 -1.628e+01 0.08077 0.000 0.04259 0.03818 
-0.0058 0.0078 3.2001e-01 -1.616e+01 0.08047 0.000 0.04245 0.03803 
-0.0058 0.0082 3.2001e-01 -1.604e+01 0.08020 0.000 0.04230 0.03790 
-0.0058 0.0086 3.2004e-01 -1.592e+01 0.07994 0.000 0.04214 0.03781 
-0.0058 0.0090 3.2001e-01 -1.583e+01 0.07973 0.000 0.04198 0.03774 
-0.0058 0.0094 3.2003e-01 -1.573e+01 0.07949 0.000 0.04189 0.03760 
-0.0058 0.0098 3.2002e-01 -1.565e+01 0.07930 0.000 0.04176 0.03754 
-0.0054 0.0002 3.2002e-01 -1.891e+01 0.08651 0.000 0.04580 0.04071 
-0.0054 0.0006 3.2000e-01 -1.867e+01 0.08600 0.000 0.04550 0.04050 
-0.0054 0.0010 3.2002e-01 -1.842e+01 0.08549 0.000 0.04523 0.04026 
-0.0054 0.0014 3.2001e-01 -1.819e+01 0.08499 0.000 0.04494 0.04005 
-0.0054 0.0018 3.2001e-01 -1.796e+01 0.08450 0.000 0.04466 0.03984 
-0.0054 0.0022 3.2000e-01 -1.774e+01 0.08401 0.000 0.04441 0.03960 
-0.0054 0.0026 3.2001e-01 -1.753e+01 0.08353 0.000 0.04413 0.03939 
-0.0054 0.0030 3.2001e-01 -1.732e+01 0.08304 0.000 0.04392 0.03912 
-0.0054 0.0034 3.2004e-01 -1.712e+01 0.08260 0.000 0.04365 0.03895 
-0.0054 0.0038 3.2004e-01 -1.694e+01 0.08222 0.000 0.04337 0.03885 
-0.0054 0.0042 3.2000e-01 -1.677e+01 0.08184 0.000 0.04318 0.03866 
-0.0054 0.0046 3.2003e-01 -1.660e+01 0.08146 0.000 0.04297 0.03849 
-0.0054 0.0050 3.2005e-01 -1.643e+01 0.08109 0.000 0.04278 0.03831 
-0.0054 0.0054 3.2002e-01 -1.629e+01 0.08075 0.000 0.04263 0.03811 
-0.0054 0.0058 3.2000e-01 -1.615e+01 0.08046 0.000 0.04243 0.03803 
-0.0054 0.0062 3.2002e-01 -1.601e+01 0.08013 0.000 0.04227 0.03786 
-0.0054 0.0066 3.2000e-01 -1.589e+01 0.07988 0.000 0.04210 0.03778 
-0.0054 0.0070 3.2003e-01 -1.577e+01 0.07960 0.000 0.04192 0.03769 
-0.0054 0.0074 3.2001e-01 -1.567e+01 0.07935 0.000 0.04179 0.03756 
-0.0054 0.0078 3.2002e-01 -1.557e+01 0.07910 0.000 0.04166 0.03744 
-0.0054 0.0082 3.2001e-01 -1.548e+01 0.07888 0.000 0.04155 0.03733 
-0.0054 0.0086 3.2002e-01 -1.540e+01 0.07871 0.000 0.04141 0.03730 
-0.0054 0.0090 3.2002e-01 -1.533e+01 0.07852 0.000 0.04131 0.03721 
-0.0054 0.0094 3.2004e-01 -1.526e+01 0.07834 0.000 0.04122 0.03712 
-0.0054 0.0098 3.2001e-01 -1.521e+01 0.07823 0.000 0.04117 0.03706 
-0.0050 0.0002 3.2002e-01 -1.787e+01 0.08433 0.000 0.04457 0.03976 
-0.0050 0.0006 3.2001e-01 -1.766e+01 0.08387 0.000 0.04430 0.03957 
-0.0050 0.0010 3.2001e-01 -1.745e+01 0.08339 0.000 0.04406 0.03933 
-0.0050 0.0014 3.2003e-01 -1.724e+01 0.08291 0.000 0.04387 0.03905 
-0.0050 0.0018 3.2000e-01 -1.706e+01 0.08250 0.000 0.04358 0.03892 
-0.0050 0.0022 3.2004e-01 -1.686e+01 0.08207 0.000 0.04329 0.03878 
-0.0050 0.0026 3.2001e-01 -1.669e+01 0.08167 0.000 0.04312 0.03855 
-0.0050 0.0030 3.2001e-01 -1.652e+01 0.08130 0.000 0.04288 0.03841 
-0.0050 0.0034 3.2000e-01 -1.636e+01 0.08093 0.000 0.04269 0.03825 
-0.0050 0.0038 3.2005e-01 -1.620e+01 0.08056 0.000 0.04252 0.03804 
-0.0050 0.0042 3.2001e-01 -1.606e+01 0.08026 0.000 0.04233 0.03793 
-0.0050 0.0046 3.2004e-01 -1.592e+01 0.07995 0.000 0.04213 0.03782 
-0.0050 0.0050 3.2003e-01 -1.580e+01 0.07967 0.000 0.04195 0.03772 
-0.0050 0.0054 3.2001e-01 -1.568e+01 0.07938 0.000 0.04183 0.03755 
-0.0050 0.0058 3.2004e-01 -1.556e+01 0.07910 0.000 0.04166 0.03745 
-0.0050 0.0062 3.2004e-01 -1.546e+01 0.07885 0.000 0.04153 0.03732 
-0.0050 0.0066 3.2001e-01 -1.537e+01 0.07864 0.000 0.04137 0.03727 
-0.0050 0.0070 3.2002e-01 -1.528e+01 0.07841 0.000 0.04125 0.03716 
-0.0050 0.0074 3.2003e-01 -1.520e+01 0.07821 0.000 0.04115 0.03705 
-0.0050 0.0078 3.2002e-01 -1.513e+01 0.07803 0.000 0.04106 0.03697 
-0.0050 0.0082 3.2001e-01 -1.507e+01 0.07784 0.000 0.04101 0.03682 
-0.0050 0.0086 3.2002e-01 -1.502e+01 0.07771 0.000 0.04089 0.03682 
-0.0050 0.0090 3.2004e-01 -1.497e+01 0.07758 0.000 0.04086 0.03672 
-0.0050 0.0094 3.2003e-01 -1.493e+01 0.07750 0.000 0.04082 0.03668 
-0.0050 0.0098 3.2003e-01 -1.490e+01 0.07744 0.000 0.04080 0.03664 
-0.0046 0.0002 3.2001e-01 -1.703e+01 0.08252 0.000 0.04359 0.03893 
-0.0046 0.0006 3.2002e-01 -1.684e+01 0.08212 0.000 0.04331 0.03881 
-0.0046 0.0010 3.2002e-01 -1.667e+01 0.08169 0.000 0.04314 0.03855 
-0.0046 0.0014 3.2002e-01 -1.650e+01 0.08130 0.000 0.04288 0.03842 
-0.0046 0.0018 3.2001e-01 -1.634e+01 0.08093 0.000 0.04268 0.03825 
-0.0046 0.0022 3.2003e-01 -1.618e+01 0.08054 0.000 0.04250 0.03803 
-0.0046 0.0026 3.2003e-01 -1.603e+01 0.08021 0.000 0.04230 0.03791 
-0.0046 0.0030 3.2002e-01 -1.589e+01 0.07991 0.000 0.04211 0.03780 
-0.0046 0.0034 3.2003e-01 -1.576e+01 0.07962 0.000 0.04192 0.03770 
-0.0046 0.0038 3.2001e-01 -1.564e+01 0.07932 0.000 0.04179 0.03753 
-0.0046 0.0042 3.2003e-01 -1.552e+01 0.07904 0.000 0.04162 0.03742 
-0.0046 0.0046 3.2002e-01 -1.541e+01 0.07873 0.000 0.04157 0.03717 
-0.0046 0.0050 3.2004e-01 -1.531e+01 0.07852 0.000 0.04130 0.03721 
-0.0046 0.0054 3.2003e-01 -1.522e+01 0.07828 0.000 0.04119 0.03709 
-0.0046 0.0058 3.2002e-01 -1.513e+01 0.07806 0.000 0.04107 0.03699 
-0.0046 0.0062 3.2003e-01 -1.505e+01 0.07783 0.000 0.04103 0.03679 
-0.0046 0.0066 3.2004e-01 -1.499e+01 0.07765 0.000 0.04089 0.03676 
-0.0046 0.0070 3.2001e-01 -1.493e+01 0.07749 0.000 0.04081 0.03668 
-0.0046 0.0074 3.2003e-01 -1.487e+01 0.07733 0.000 0.04074 0.03659 
-0.0046 0.0078 3.2004e-01 -1.482e+01 0.07720 0.000 0.04067 0.03653 
-0.0046 0.0082 3.2001e-01 -1.479e+01 0.07711 0.000 0.04065 0.03645 
-0.0046 0.0086 3.2001e-01 -1.476e+01 0.07706 0.000 0.04061 0.03646 
-0.0046 0.0090 3.2002e-01 -1.474e+01 0.07704 0.000 0.04055 0.03649 
-0.0046 0.0094 3.2001e-01 -1.473e+01 0.07704 0.000 0.04055 0.03649 
-0.0046 0.0098 3.2002e-01 -1.472e+01 0.07704 0.000 0.04055 0.03650 
-0.0042 0.0002 3.2001e-01 -1.637e+01 0.08101 0.000 0.04275 0.03826 
-0.0042 0.0006 3.2004e-01 -1.621e+01 0.08064 0.000 0.04251 0.03813 
-0.0042 0.0010 3.2004e-01 -1.606e+01 0.08026 0.000 0.04236 0.03790 
-0.0042 0.0014 3.2003e-01 -1.592e+01 0.07995 0.000 0.04212 0.03782 
-0.0042 0.0018 3.2001e-01 -1.579e+01 0.07965 0.000 0.04193 0.03772 
-0.0042 0.0022 3.2002e-01 -1.566e+01 0.07934 0.000 0.04180 0.03754 
-0.0042 0.0026 3.2001e-01 -1.554e+01 0.07907 0.000 0.04163 0.03744 
-0.0042 0.0030 3.2001e-01 -1.543e+01 0.07879 0.000 0.04149 0.03730 
-0.0042 0.0034 3.2002e-01 -1.532e+01 0.07854 0.000 0.04131 0.03723 
-0.0042 0.0038 3.2002e-01 -1.522e+01 0.07829 0.000 0.04119 0.03710 
-0.0042 0.0042 3.2000e-01 -1.513e+01 0.07805 0.000 0.04107 0.03698 
-0.0042 0.0046 3.2004e-01 -1.504e+01 0.07780 0.000 0.04102 0.03678 
-0.0042 0.0050 3.2002e-01 -1.497e+01 0.07762 0.000 0.04087 0.03674 
-0.0042 0.0054 3.2003e-01 -1.490e+01 0.07743 0.000 0.04078 0.03665 
-0.0042 0.0058 3.2003e-01 -1.484e+01 0.07727 0.000 0.04071 0.03656 
-0.0042 0.0062 3.2000e-01 -1.479e+01 0.07713 0.000 0.04066 0.03647 
-0.0042 0.0066 3.2002e-01 -1.474e+01 0.07701 0.000 0.04055 0.03646 
-0.0042 0.0070 3.2001e-01 -1.471e+01 0.07692 0.000 0.04048 0.03643 
-0.0042 0.0074 3.2004e-01 -1.468e+01 0.07683 0.000 0.04044 0.03639 
-0.0042 0.0078 3.2004e-01 -1.465e+01 0.07680 0.000 0.04043 0.03637 
-0.0042 0.0082 3.2001e-01 -1.464e+01 0.07680 0.000 0.04043 0.03638 
-0.0042 0.0086 3.2003e-01 -1.463e+01 0.07680 0.000 0.04044 0.03637 
-0.0042 0.0090 3.2001e-01 -1.464e+01 0.07685 0.000 0.04045 0.03640 
-0.0042 0.0094 3.2002e-01 -1.464e+01 0.07689 0.000 0.04047 0.03642 
-0.0042 0.0098 3.2002e-01 -1.466e+01 0.07695 0.000 0.04050 0.03645 
-0.0038 0.0002 3.2001e-01 -1.587e+01 0.07982 0.000 0.04206 0.03776 
-0.0038 0.0006 3.2003e-01 -1.574e+01 0.07952 0.000 0.04187 0.03765 
-0.0038 0.0010 3.2004e-01 -1.561e+01 0.07921 0.000 0.04173 0.03747 
-0.0038 0.0014 3.2003e-01 -1.549e+01 0.07894 0.000 0.04157 0.03738 
-0.0038 0.0018 3.2001e-01 -1.539e+01 0.07866 0.000 0.04154 0.03711 
-0.0038 0.0022 3.2002e-01 -1.528e+01 0.07845 0.000 0.04127 0.03718 
-0.0038 0.0026 3.2002e-01 -1.519e+01 0.07821 0.000 0.04115 0.03706 
-0.0038 0.0030 3.2001e-01 -1.510e+01 0.07799 0.000 0.04104 0.03695 
-0.0038 0.0034 3.2004e-01 -1.502e+01 0.07775 0.000 0.04094 0.03681 
-0.0038 0.0038 3.2004e-01 -1.494e+01 0.07756 0.000 0.04084 0.03672 
-0.0038 0.0042 3.2002e-01 -1.488e+01 0.07739 0.000 0.04076 0.03662 
-0.0038 0.0046 3.2003e-01 -1.482e+01 0.07722 0.000 0.04068 0.03654 
-0.0038 0.0050 3.2003e-01 -1.476e+01 0.07708 0.000 0.04064 0.03644 
-0.0038 0.0054 3.2002e-01 -1.472e+01 0.07697 0.000 0.04051 0.03646 
-0.0038 0.0058 3.2001e-01 -1.469e+01 0.07687 0.000 0.04047 0.03640 
-0.0038 0.0062 3.2004e-01 -1.465e+01 0.07678 0.000 0.04041 0.03637 
-0.0038 0.0066 3.2001e-01 -1.463e+01 0.07672 0.000 0.04040 0.03633 
-0.0038 0.0070 3.2003e-01 -1.462e+01 0.07671 0.000 0.04038 0.03633 
-0.0038 0.0074 3.2001e-01 -1.461e+01 0.07673 0.000 0.04039 0.03634 
-0.0038 0.0078 3.2000e-01 -1.462e+01 0.07677 0.000 0.04041 0.03636 
-0.0038 0.0082 3.2000e-01 -1.462e+01 0.07682 0.000 0.04044 0.03638 
-0.0038 0.0086 3.2004e-01 -1.463e+01 0.07688 0.000 0.04047 0.03641 
-0.0038 0.0090 3.2003e-01 -1.465e+01 0.07695 0.000 0.04050 0.03645 
-0.0038 0.0094 3.2004e-01 -1.468e+01 0.07703 0.000 0.04054 0.03649 
-0.0038 0.0098 3.2001e-01 -1.472e+01 0.07713 0.000 0.04059 0.03654 
-0.0034 0.0002 3.2000e-01 -1.552e+01 0.07903 0.000 0.04161 0.03742 
-0.0034 0.0006 3.2003e-01 -1.541e+01 0.07875 0.000 0.04147 0.03728 
-0.0034 0.0010 3.2001e-01 -1.531e+01 0.07853 0.000 0.04131 0.03722 
-0.0034 0.0014 3.2002e-01 -1.522e+01 0.07830 0.000 0.04119 0.03711 
-0.0034 0.0018 3.2002e-01 -1.513e+01 0.07808 0.000 0.04108 0.03700 
-0.0034 0.0022 3.2001e-01 -1.505e+01 0.07788 0.000 0.04100 0.03687 
-0.0034 0.0026 3.2001e-01 -1.498e+01 0.07768 0.000 0.04091 0.03678 
-0.0034 0.0030 3.2001e-01 -1.491e+01 0.07750 0.000 0.04082 0.03669 
-0.0034 0.0034 3.2000e-01 -1.486e+01 0.07734 0.000 0.04075 0.03660 
-0.0034 0.0038 3.2001e-01 -1.480e+01 0.07720 0.000 0.04067 0.03652 
-0.0034 0.0042 3.2003e-01 -1.476e+01 0.07708 0.000 0.04057 0.03651 
-0.0034 0.0046 3.2001e-01 -1.472e+01 0.07698 0.000 0.04052 0.03646 
-0.0034 0.0050 3.2003e-01 -1.469e+01 0.07690 0.000 0.04048 0.03642 
-0.0034 0.0054 3.2004e-01 -1.467e+01 0.07683 0.000 0.04044 0.03639 
-0.0034 0.0058 3.2002e-01 -1.465e+01 0.07679 0.000 0.04043 0.03636 
-0.0034 0.0062 3.2000e-01 -1.465e+01 0.07681 0.000 0.04043 0.03638 
-0.0034 0.0066 3.2002e-01 -1.465e+01 0.07684 0.000 0.04045 0.03639 
-0.0034 0.0070 3.2001e-01 -1.466e+01 0.07690 0.000 0.04049 0.03641 
-0.0034 0.0074 3.2003e-01 -1.467e+01 0.07696 0.000 0.04052 0.03644 
-0.0034 0.0078 3.2001e-01 -1.469e+01 0.07705 0.000 0.04056 0.03650 
-0.0034 0.0082 3.2001e-01 -1.472e+01 0.07714 0.000 0.04060 0.03654 
-0.0034 0.0086 3.2001e-01 -1.476e+01 0.07723 0.000 0.04065 0.03659 
-0.0034 0.0090 3.2003e-01 -1.480e+01 0.07734 0.000 0.04070 0.03663 
-0.0034 0.0094 3.2001e-01 -1.485e+01 0.07744 0.000 0.04083 0.03661 
-0.0034 0.0098 3.2001e-01 -1.491e+01 0.07757 0.000 0.04087 0.03670 
-0.0030 0.0002 3.2004e-01 -1.530e+01 0.07856 0.000 0.04132 0.03723 
-0.0030 0.0006 3.2001e-01 -1.522e+01 0.07836 0.000 0.04123 0.03713 
-0.0030 0.0010 3.2002e-01 -1.514e+01 0.07816 0.000 0.04113 0.03704 
-0.0030 0.0014 3.2002e-01 -1.507e+01 0.07797 0.000 0.04105 0.03692 
-0.0030 0.0018 3.2002e-01 -1.500e+01 0.07779 0.000 0.04096 0.03683 
-0.0030 0.0022 3.2002e-01 -1.495e+01 0.07762 0.000 0.04088 0.03674 
-0.0030 0.0026 3.2002e-01 -1.489e+01 0.07748 0.000 0.04082 0.03666 
-0.0030 0.0030 3.2003e-01 -1.485e+01 0.07735 0.000 0.04075 0.03660 
-0.0030 0.0034 3.2002e-01 -1.482e+01 0.07726 0.000 0.04071 0.03655 
-0.0030 0.0038 3.2000e-01 -1.479e+01 0.07718 0.000 0.04067 0.03651 
-0.0030 0.0042 3.2004e-01 -1.476e+01 0.07711 0.000 0.04061 0.03650 
-0.0030 0.0046 3.2002e-01 -1.475e+01 0.07708 0.000 0.04060 0.03649 
-0.0030 0.0050 3.2003e-01 -1.474e+01 0.07707 0.000 0.04057 0.03650 
-0.0030 0.0054 3.2000e-01 -1.474e+01 0.07711 0.000 0.04059 0.03652 
-0.0030 0.0058 3.2000e-01 -1.475e+01 0.07715 0.000 0.04060 0.03655 
-0.0030 0.0062 3.2001e-01 -1.476e+01 0.07722 0.000 0.04064 0.03657 
-0.0030 0.0066 3.2002e-01 -1.478e+01 0.07729 0.000 0.04068 0.03661 
-0.0030 0.0070 3.2001e-01 -1.481e+01 0.07739 0.000 0.04073 0.03666 
-0.0030 0.0074 3.2000e-01 -1.485e+01 0.07747 0.000 0.04085 0.03662 
-0.0030 0.0078 3.2001e-01 -1.489e+01 0.07758 0.000 0.04091 0.03668 
-0.0030 0.0082 3.2003e-01 -1.494e+01 0.07770 0.000 0.04094 0.03676 
-0.0030 0.0086 3.2004e-01 -1.500e+01 0.07782 0.000 0.04101 0.03682 
-0.0030 0.0090 3.2000e-01 -1.507e+01 0.07799 0.000 0.04108 0.03692 
-0.0030 0.0094 3.2004e-01 -1.514e+01 0.07815 0.000 0.04116 0.03699 
-0.0030 0.0098 3.2004e-01 -1.522e+01 0.07834 0.000 0.04123 0.03711 
-0.0026 0.0002 3.2002e-01 -1.522e+01 0.07836 0.000 0.04123 0.03713 
-0.0026 0.0006 3.2003e-01 -1.515e+01 0.07819 0.000 0.04117 0.03702 
-0.0026 0.0010 3.2004e-01 -1.509e+01 0.07803 0.000 0.04109 0.03694 
-0.0026 0.0014 3.2001e-01 -1.505e+01 0.07789 0.000 0.04102 0.03687 
-0.0026 0.0018 3.2003e-01 -1.500e+01 0.07776 0.000 0.04095 0.03681 
-0.0026 0.0022 3.2004e-01 -1.496e+01 0.07766 0.000 0.04091 0.03675 
-0.0026 0.0026 3.2003e-01 -1.493e+01 0.07758 0.000 0.04087 0.03671 
-0.0026 0.0030 3.2002e-01 -1.491e+01 0.07752 0.000 0.04085 0.03668 
-0.0026 0.0034 3.2003e-01 -1.489e+01 0.07748 0.000 0.04082 0.03666 
-0.0026 0.0038 3.2000e-01 -1.489e+01 0.07747 0.000 0.04085 0.03662 
-0.0026 0.0042 3.2001e-01 -1.489e+01 0.07748 0.000 0.04085 0.03663 
-0.0026 0.0046 3.2001e-01 -1.490e+01 0.07750 0.000 0.04087 0.03664 
-0.0026 0.0050 3.2004e-01 -1.491e+01 0.07755 0.000 0.04089 0.03665 
-0.0026 0.0054 3.2003e-01 -1.493e+01 0.07763 0.000 0.04093 0.03670 
-0.0026 0.0058 3.2001e-01 -1.496e+01 0.07774 0.000 0.04097 0.03677 
-0.0026 0.0062 3.2004e-01 -1.500e+01 0.07784 0.000 0.04101 0.03683 
-0.0026 0.0066 3.2002e-01 -1.504e+01 0.07797 0.000 0.04108 0.03689 
-0.0026 0.0070 3.2004e-01 -1.509e+01 0.07809 0.000 0.04113 0.03696 
-0.0026 0.0074 3.2000e-01 -1.516e+01 0.07825 0.000 0.04121 0.03704 
-0.0026 0.0078 3.2002e-01 -1.522e+01 0.07838 0.000 0.04134 0.03704 
-0.0026 0.0082 3.2001e-01 -1.530e+01 0.07858 0.000 0.04136 0.03722 
-0.0026 0.0086 3.2003e-01 -1.537e+01 0.07876 0.000 0.04145 0.03731 
-0.0026 0.0090 3.2001e-01 -1.547e+01 0.07898 0.000 0.04156 0.03742 
-0.0026 0.0094 3.2002e-01 -1.556e+01 0.07920 0.000 0.04167 0.03753 
-0.0026 0.0098 3.2003e-01 -1.566e+01 0.07945 0.000 0.04185 0.03760 
-0.0022 0.0002 3.2001e-01 -1.525e+01 0.07842 0.000 0.04127 0.03715 
-0.0022 0.0006 3.2001e-01 -1.521e+01 0.07828 0.000 0.04122 0.03706 
-0.0022 0.0010 3.2004e-01 -1.517e+01 0.07817 0.000 0.04116 0.03700 
-0.0022 0.0014 3.2004e-01 -1.514e+01 0.07810 0.000 0.04113 0.03697 
-0.0022 0.0018 3.2003e-01 -1.512e+01 0.07805 0.000 0.04110 0.03694 
-0.0022 0.0022 3.2003e-01 -1.510e+01 0.07801 0.000 0.04109 0.03692 
-0.0022 0.0026 3.2004e-01 -1.509e+01 0.07798 0.000 0.04107 0.03691 
-0.0022 0.0030 3.2003e-01 -1.509e+01 0.07799 0.000 0.04108 0.03691 
-0.0022 0.0034 3.2004e-01 -1.510e+01 0.07802 0.000 0.04110 0.03693 
-0.0022 0.0038 3.2003e-01 -1.511e+01 0.07806 0.000 0.04112 0.03694 
-0.0022 0.0042 3.2003e-01 -1.514e+01 0.07813 0.000 0.04115 0.03698 
-0.0022 0.0046 3.2000e-01 -1.517e+01 0.07823 0.000 0.04119 0.03704 
-0.0022 0.0050 3.2003e-01 -1.521e+01 0.07834 0.000 0.04124 0.03710 
-0.0022 0.0054 3.2001e-01 -1.525e+01 0.07845 0.000 0.04137 0.03707 
-0.0022 0.0058 3.2000e-01 -1.531e+01 0.07862 0.000 0.04138 0.03724 
-0.0022 0.0062 3.2004e-01 -1.536e+01 0.07876 0.000 0.04145 0.03731 
-0.0022 0.0066 3.2003e-01 -1.543e+01 0.07893 0.000 0.04154 0.03739 
-0.0022 0.0070 3.2000e-01 -1.551e+01 0.07913 0.000 0.04164 0.03749 
-0.0022 0.0074 3.2000e-01 -1.559e+01 0.07932 0.000 0.04174 0.03758 
-0.0022 0.0078 3.2004e-01 -1.568e+01 0.07946 0.000 0.04199 0.03747 
-0.0022 0.0082 3.2001e-01 -1.578e+01 0.07974 0.000 0.04201 0.03773 
-0.0022 0.0086 3.2002e-01 -1.589e+01 0.07999 0.000 0.04214 0.03785 
-0.0022 0.0090 3.2001e-01 -1.600e+01 0.08029 0.000 0.04229 0.03799 
-0.0022 0.0094 3.2004e-01 -1.612e+01 0.08059 0.000 0.04245 0.03815 
-0.0022 0.0098 3.2002e-01 -1.625e+01 0.08091 0.000 0.04265 0.03826 
-0.0018 0.0002 3.2003e-01 -1.540e+01 0.07877 0.000 0.04145 0.03732 
-0.0018 0.0006 3.2002e-01 -1.538e+01 0.07872 0.000 0.04143 0.03729 
-0.0018 0.0010 3.2002e-01 -1.537e+01 0.07869 0.000 0.04142 0.03728 
-0.0018 0.0014 3.2004e-01 -1.536e+01 0.07867 0.000 0.04141 0.03726 
-0.0018 0.0018 3.2002e-01 -1.536e+01 0.07868 0.000 0.04141 0.03727 
-0.0018 0.0022 3.2000e-01 -1.537e+01 0.07870 0.000 0.04143 0.03728 
-0.0018 0.0026 3.2004e-01 -1.538e+01 0.07873 0.000 0.04144 0.03729 
-0.0018 0.0030 3.2001e-01 -1.541e+01 0.07880 0.000 0.04148 0.03732 
-0.0018 0.0034 3.2000e-01 -1.544e+01 0.07889 0.000 0.04152 0.03737 
-0.0018 0.0038 3.2003e-01 -1.547e+01 0.07897 0.000 0.04157 0.03741 
-0.0018 0.0042 3.2004e-01 -1.552e+01 0.07911 0.000 0.04163 0.03747 
-0.0018 0.0046 3.2000e-01 -1.558e+01 0.07927 0.000 0.04172 0.03755 
-0.0018 0.0050 3.2003e-01 -1.564e+01 0.07943 0.000 0.04180 0.03763 
-0.0018 0.0054 3.2001e-01 -1.571e+01 0.07962 0.000 0.04189 0.03772 
-0.0018 0.0058 3.2003e-01 -1.578e+01 0.07977 0.000 0.04203 0.03774 
-0.0018 0.0062 3.2003e-01 -1.587e+01 0.07998 0.000 0.04214 0.03784 
-0.0018 0.0066 3.2002e-01 -1.596e+01 0.08021 0.000 0.04226 0.03795 
-0.0018 0.0070 3.2001e-01 -1.607e+01 0.08045 0.000 0.04238 0.03807 
-0.0018 0.0074 3.2003e-01 -1.617e+01 0.08069 0.000 0.04250 0.03819 
-0.0018 0.0078 3.2003e-01 -1.629e+01 0.08095 0.000 0.04268 0.03827 
-0.0018 0.0082 3.1999e-01 -1.642e+01 0.08128 0.000 0.04285 0.03843 
-0.0018 0.0086 3.2003e-01 -1.654e+01 0.08158 0.000 0.04305 0.03853 
-0.0018 0.0090 3.2005e-01 -1.668e+01 0.08194 0.000 0.04319 0.03874 
-0.0018 0.0094 3.2001e-01 -1.683e+01 0.08228 0.000 0.04344 0.03884 
-0.0018 0.0098 3.2004e-01 -1.698e+01 0.08261 0.000 0.04367 0.03895 
-0.0014 0.0002 3.2003e-01 -1.567e+01 0.07950 0.000 0.04183 0.03767 
-0.0014 0.0006 3.2001e-01 -1.568e+01 0.07951 0.000 0.04184 0.03767 
-0.0014 0.0010 3.2004e-01 -1.568e+01 0.07952 0.000 0.04184 0.03767 
-0.0014 0.0014 3.2003e-01 -1.570e+01 0.07956 0.000 0.04186 0.03769 
-0.0014 0.0018 3.2003e-01 -1.572e+01 0.07962 0.000 0.04190 0.03772 
-0.0014 0.0022 3.2003e-01 -1.575e+01 0.07964 0.000 0.04209 0.03755 
-0.0014 0.0026 3.2002e-01 -1.580e+01 0.07979 0.000 0.04204 0.03775 
-0.0014 0.0030 3.2004e-01 -1.584e+01 0.07989 0.000 0.04209 0.03780 
-0.0014 0.0034 3.2000e-01 -1.590e+01 0.08005 0.000 0.04218 0.03787 
-0.0014 0.0038 3.2000e-01 -1.596e+01 0.08023 0.000 0.04227 0.03796 
-0.0014 0.0042 3.2001e-01 -1.604e+01 0.08042 0.000 0.04237 0.03805 
-0.0014 0.0046 3.2002e-01 -1.611e+01 0.08061 0.000 0.04247 0.03814 
-0.0014 0.0050 3.2003e-01 -1.620e+01 0.08082 0.000 0.04258 0.03825 
-0.0014 0.0054 3.2003e-01 -1.629e+01 0.08105 0.000 0.04274 0.03831 
-0.0014 0.0058 3.2003e-01 -1.640e+01 0.08129 0.000 0.04286 0.03843 
-0.0014 0.0062 3.2001e-01 -1.651e+01 0.08155 0.000 0.04302 0.03852 
-0.0014 0.0066 3.2004e-01 -1.663e+01 0.08179 0.000 0.04319 0.03860 
-0.0014 0.0070 3.2002e-01 -1.676e+01 0.08213 0.000 0.04330 0.03883 
-0.0014 0.0074 3.2002e-01 -1.690e+01 0.08244 0.000 0.04352 0.03892 
-0.0014 0.0078 3.2005e-01 -1.704e+01 0.08276 0.000 0.04374 0.03902 
-0.0014 0.0082 3.2003e-01 -1.720e+01 0.08311 0.000 0.04396 0.03916 
-0.0014 0.0086 3.2002e-01 -1.736e+01 0.08352 0.000 0.04409 0.03943 
-0.0014 0.0090 3.2002e-01 -1.753e+01 0.08388 0.000 0.04433 0.03955 
-0.0014 0.0094 3.2001e-01 -1.770e+01 0.08426 0.000 0.04456 0.03970 
-0.0014 0.0098 3.2000e-01 -1.789e+01 0.08467 0.000 0.04477 0.03990 
-0.0010 0.0002 3.2003e-01 -1.607e+01 0.08046 0.000 0.04239 0.03807 
-0.0010 0.0006 3.2003e-01 -1.609e+01 0.08052 0.000 0.04242 0.03810 
-0.0010 0.0010 3.2003e-01 -1.613e+01 0.08060 0.000 0.04247 0.03814 
-0.0010 0.0014 3.2003e-01 -1.617e+01 0.08070 0.000 0.04251 0.03818 
-0.0010 0.0018 3.2000e-01 -1.622e+01 0.08083 0.000 0.04258 0.03825 
-0.0010 0.0022 3.2002e-01 -1.628e+01 0.08097 0.000 0.04265 0.03831 
-0.0010 0.0026 3.2003e-01 -1.634e+01 0.08111 0.000 0.04277 0.03834 
-0.0010 0.0030 3.2001e-01 -1.642e+01 0.08131 0.000 0.04288 0.03844 
-0.0010 0.0034 3.2000e-01 -1.650e+01 0.08153 0.000 0.04299 0.03854 
-0.0010 0.0038 3.2001e-01 -1.659e+01 0.08174 0.000 0.04313 0.03861 
-0.0010 0.0042 3.2002e-01 -1.669e+01 0.08196 0.000 0.04328 0.03867 
-0.0010 0.0046 3.2001e-01 -1.680e+01 0.08225 0.000 0.04337 0.03888 
-0.0010 0.0050 3.2001e-01 -1.692e+01 0.08249 0.000 0.04356 0.03893 
-0.0010 0.0054 3.2001e-01 -1.704e+01 0.08275 0.000 0.04374 0.03901 
-0.0010 0.0058 3.2002e-01 -1.717e+01 0.08304 0.000 0.04389 0.03915 
-0.0010 0.0062 3.2003e-01 -1.732e+01 0.08339 0.000 0.04403 0.03936 
-0.0010 0.0066 3.2000e-01 -1.747e+01 0.08375 0.000 0.04422 0.03954 
-0.0010 0.0070 3.2004e-01 -1.763e+01 0.08410 0.000 0.04443 0.03967 
-0.0010 0.0074 3.2003e-01 -1.779e+01 0.08447 0.000 0.04467 0.03979 
-0.0010 0.0078 3.2001e-01 -1.797e+01 0.08488 0.000 0.04488 0.04000 
-0.0010 0.0082 3.2001e-01 -1.816e+01 0.08528 0.000 0.04510 0.04018 
-0.0010 0.0086 3.2001e-01 -1.835e+01 0.08570 0.000 0.04532 0.04038 
-0.0010 0.0090 3.2002e-01 -1.855e+01 0.08612 0.000 0.04557 0.04055 
-0.0010 0.0094 3.2001e-01 -1.876e+01 0.08657 0.000 0.04583 0.04074 
-0.0010 0.0098 3.2001e-01 -1.897e+01 0.08705 0.000 0.04607 0.04098 
-0.0006 0.0002 3.2004e-01 -1.659e+01 0.08167 0.000 0.04310 0.03857 
-0.0006 0.0006 3.2004e-01 -1.664e+01 0.08179 0.000 0.04316 0.03863 
-0.0006 0.0010 3.2000e-01 -1.671e+01 0.08196 0.000 0.04325 0.03871 
-0.0006 0.0014 3.2000e-01 -1.678e+01 0.08211 0.000 0.04337 0.03874 
-0.0006 0.0018 3.2000e-01 -1.685e+01 0.08232 0.000 0.04341 0.03891 
-0.0006 0.0022 3.2003e-01 -1.693e+01 0.08249 0.000 0.04357 0.03892 
-0.0006 0.0026 3.2004e-01 -1.703e+01 0.08270 0.000 0.04372 0.03898 
-0.0006 0.0030 3.2004e-01 -1.713e+01 0.08295 0.000 0.04386 0.03909 
-0.0006 0.0034 3.2000e-01 -1.725e+01 0.08323 0.000 0.04400 0.03923 
-0.0006 0.0038 3.2001e-01 -1.737e+01 0.08351 0.000 0.04414 0.03937 
-0.0006 0.0042 3.2001e-01 -1.750e+01 0.08382 0.000 0.04426 0.03956 
-0.0006 0.0046 3.2002e-01 -1.764e+01 0.08410 0.000 0.04447 0.03963 
-0.0006 0.0050 3.2000e-01 -1.779e+01 0.08442 0.000 0.04466 0.03976 
-0.0006 0.0054 3.2000e-01 -1.795e+01 0.08478 0.000 0.04484 0.03994 
-0.0006 0.0058 3.2002e-01 -1.812e+01 0.08516 0.000 0.04504 0.04012 
-0.0006 0.0062 3.2001e-01 -1.830e+01 0.08555 0.000 0.04525 0.04030 
-0.0006 0.0066 3.2002e-01 -1.848e+01 0.08595 0.000 0.04546 0.04050 
-0.0006 0.0070 3.2001e-01 -1.868e+01 0.08636 0.000 0.04571 0.04066 
-0.0006 0.0074 3.2002e-01 -1.888e+01 0.08678 0.000 0.04595 0.04083 
-0.0006 0.0078 3.2000e-01 -1.909e+01 0.08725 0.000 0.04619 0.04106 
-0.0006 0.0082 3.2000e-01 -1.931e+01 0.08770 0.000 0.04650 0.04120 
-0.0006 0.0086 3.2001e-01 -1.954e+01 0.08819 0.000 0.04672 0.04148 
-0.0006 0.0090 3.2002e-01 -1.977e+01 0.08864 0.000 0.04712 0.04152 
-0.0006 0.0094 3.2001e-01 -2.002e+01 0.08918 0.000 0.04731 0.04187 
-0.0006 0.0098 3.2002e-01 -2.026e+01 0.08969 0.000 0.04757 0.04212 
-0.0002 0.0002 3.2001e-01 -1.725e+01 0.08316 0.000 0.04397 0.03919 
-0.0002 0.0006 3.2001e-01 -1.734e+01 0.08335 0.000 0.04407 0.03928 
-0.0002 0.0010 3.2000e-01 -1.743e+01 0.08357 0.000 0.04414 0.03944 
-0.0002 0.0014 3.2005e-01 -1.752e+01 0.08378 0.000 0.04425 0.03954 
-0.0002 0.0018 3.2003e-01 -1.763e+01 0.08404 0.000 0.04438 0.03966 
-0.0002 0.0022 3.2004e-01 -1.774e+01 0.08429 0.000 0.04457 0.03972 
-0.0002 0.0026 3.2005e-01 -1.787e+01 0.08457 0.000 0.04474 0.03983 
-0.0002 0.0030 3.2001e-01 -1.802e+01 0.08489 0.000 0.04491 0.03998 
-0.0002 0.0034 3.2002e-01 -1.816e+01 0.08519 0.000 0.04512 0.04007 
-0.0002 0.0038 3.2001e-01 -1.832e+01 0.08555 0.000 0.04526 0.04029 
-0.0002 0.0042 3.2002e-01 -1.849e+01 0.08592 0.000 0.04545 0.04047 
-0.0002 0.0046 3.2001e-01 -1.867e+01 0.08630 0.000 0.04568 0.04062 
-0.0002 0.0050 3.2003e-01 -1.885e+01 0.08670 0.000 0.04589 0.04081 
-0.0002 0.0054 3.2003e-01 -1.905e+01 0.08710 0.000 0.04613 0.04098 
-0.0002 0.0058 3.2000e-01 -1.926e+01 0.08754 0.000 0.04640 0.04114 
-0.0002 0.0062 3.2001e-01 -1.947e+01 0.08797 0.000 0.04665 0.04132 
-0.0002 0.0066 3.2002e-01 -1.969e+01 0.08846 0.000 0.04687 0.04160 
-0.0002 0.0070 3.2002e-01 -1.993e+01 0.08893 0.000 0.04719 0.04174 
-0.0002 0.0074 3.2000e-01 -2.017e+01 0.08946 0.000 0.04744 0.04202 
-0.0002 0.0078 3.2002e-01 -2.042e+01 0.08997 0.000 0.04772 0.04224 
-0.0002 0.0082 3.2002e-01 -2.068e+01 0.09050 0.000 0.04803 0.04247 
-0.0002 0.0086 3.2002e-01 -2.094e+01 0.09103 0.000 0.04833 0.04270 
-0.0002 0.0090 3.2000e-01 -2.122e+01 0.09157 0.000 0.04868 0.04290 
-0.0002 0.0094 3.2001e-01 -2.151e+01 0.09213 0.000 0.04893 0.04320 
-0.0002 0.0098 3.2000e-01 -2.179e+01 0.09266 0.000 0.04928 0.04338 
