149.300 -0.000500 34.700 1.0000e+00 -1.350e+02 0.1878324 0.000 0.1089759 0.0788565 
149.300 -0.000500 34.800 1.0001e+00 -1.320e+02 0.1857010 0.000 0.1075345 0.0781666 
149.300 -0.000500 34.900 1.0001e+00 -1.310e+02 0.1849576 0.000 0.1070015 0.0779560 
149.300 -0.000500 35.000 1.0000e+00 -1.321e+02 0.1857003 0.000 0.1073573 0.0783430 
149.300 -0.000500 35.100 1.0001e+00 -1.350e+02 0.1875928 0.000 0.1087533 0.0788395 
149.300 -0.001000 34.700 1.0001e+00 -1.216e+02 0.1782862 0.000 0.1025806 0.0757056 
149.300 -0.001000 34.800 1.0001e+00 -1.193e+02 0.1767010 0.000 0.1013881 0.0753129 
149.300 -0.001000 34.900 1.0001e+00 -1.183e+02 0.1759911 0.000 0.1009178 0.0750731 
149.300 -0.001000 35.000 1.0000e+00 -1.190e+02 0.1763647 0.000 0.1011677 0.0751969 
149.300 -0.001000 35.100 1.0000e+00 -1.215e+02 0.1780293 0.000 0.1023531 0.0756764 
149.300 -0.001500 34.700 1.0001e+00 -1.118e+02 0.1714128 0.000 0.0981418 0.0732710 
149.300 -0.001500 34.800 1.0000e+00 -1.104e+02 0.1704776 0.000 0.0973945 0.0730830 
149.300 -0.001500 34.900 1.0000e+00 -1.100e+02 0.1701688 0.000 0.0971334 0.0730354 
149.300 -0.001500 35.000 1.0001e+00 -1.111e+02 0.1705908 0.000 0.0980861 0.0725046 
149.300 -0.001500 35.100 1.0000e+00 -1.137e+02 0.1723605 0.000 0.0989529 0.0734077 
149.300 -0.002000 34.700 1.0001e+00 -1.069e+02 0.1683738 0.000 0.0958610 0.0725126 
149.300 -0.002000 34.800 1.0000e+00 -1.070e+02 0.1682830 0.000 0.0960847 0.0721984 
149.300 -0.002000 34.900 1.0001e+00 -1.063e+02 0.1677842 0.000 0.0957421 0.0720422 
149.300 -0.002000 35.000 1.0000e+00 -1.076e+02 0.1686565 0.000 0.0962506 0.0724061 
149.300 -0.002000 35.100 1.0000e+00 -1.102e+02 0.1702981 0.000 0.0974266 0.0728715 
149.300 -0.002500 34.700 1.0001e+00 -1.055e+02 0.1674195 0.000 0.0953073 0.0721122 
149.300 -0.002500 34.800 1.0000e+00 -1.041e+02 0.1665314 0.000 0.0945672 0.0719638 
149.300 -0.002500 34.900 1.0000e+00 -1.041e+02 0.1663944 0.000 0.0946682 0.0717264 
149.300 -0.002500 35.000 1.0001e+00 -1.054e+02 0.1671229 0.000 0.0951281 0.0719947 
149.300 -0.002500 35.100 1.0000e+00 -1.080e+02 0.1688524 0.000 0.0961919 0.0726607 
149.300 -0.003000 34.700 1.0000e+00 -1.065e+02 0.1676370 0.000 0.0954379 0.0721990 
149.300 -0.003000 34.800 1.0001e+00 -1.051e+02 0.1666192 0.000 0.0947594 0.0718599 
149.300 -0.003000 34.900 1.0000e+00 -1.050e+02 0.1665348 0.000 0.0947022 0.0718327 
149.300 -0.003000 35.000 1.0000e+00 -1.056e+02 0.1667004 0.000 0.0950915 0.0716090 
149.300 -0.003000 35.100 1.0000e+00 -1.073e+02 0.1679001 0.000 0.0956283 0.0722720 
149.300 -0.003500 34.700 1.0001e+00 -1.095e+02 0.1685525 0.000 0.0962998 0.0722525 
149.300 -0.003500 34.800 1.0000e+00 -1.073e+02 0.1669801 0.000 0.0953854 0.0715945 
149.300 -0.003500 34.900 1.0000e+00 -1.064e+02 0.1664355 0.000 0.0947843 0.0716511 
149.300 -0.003500 35.000 1.0001e+00 -1.078e+02 0.1671276 0.000 0.0954403 0.0716872 
149.300 -0.003500 35.100 1.0000e+00 -1.115e+02 0.1692657 0.000 0.0971058 0.0721603 
149.300 -0.004000 34.700 1.0000e+00 -1.170e+02 0.1720513 0.000 0.0987955 0.0732559 
149.300 -0.004000 34.800 1.0000e+00 -1.153e+02 0.1710518 0.000 0.0981098 0.0729422 
149.300 -0.004000 34.900 1.0000e+00 -1.153e+02 0.1711522 0.000 0.0982602 0.0728919 
149.300 -0.004000 35.000 1.0001e+00 -1.172e+02 0.1724318 0.000 0.0992085 0.0732230 
149.300 -0.004000 35.100 1.0001e+00 -1.210e+02 0.1750738 0.000 0.1008316 0.0742423 
149.300 -0.004500 34.700 1.0000e+00 -1.276e+02 0.1796723 0.000 0.1037979 0.0758742 
149.300 -0.004500 34.800 1.0000e+00 -1.253e+02 0.1784361 0.000 0.1029724 0.0754637 
149.300 -0.004500 34.900 1.0000e+00 -1.259e+02 0.1791705 0.000 0.1033155 0.0758551 
149.300 -0.004500 35.000 1.0000e+00 -1.294e+02 0.1817859 0.000 0.1051142 0.0766715 
149.300 -0.004500 35.100 1.0001e+00 -1.339e+02 0.1850622 0.000 0.1073128 0.0777494 
149.300 -0.005000 34.700 1.0000e+00 -1.455e+02 0.1931041 0.000 0.1125239 0.0805802 
149.300 -0.005000 34.800 1.0001e+00 -1.434e+02 0.1921209 0.000 0.1119775 0.0801437 
149.300 -0.005000 34.900 1.0001e+00 -1.436e+02 0.1926226 0.000 0.1121842 0.0804385 
149.300 -0.005000 35.000 1.0000e+00 -1.462e+02 0.1946925 0.000 0.1134373 0.0812551 
149.300 -0.005000 35.100 1.0001e+00 -1.506e+02 0.1978718 0.000 0.1156638 0.0822079 
149.300 -0.005500 34.700 1.0000e+00 -1.678e+02 0.2092708 0.000 0.1233032 0.0859673 
149.300 -0.005500 34.800 1.0000e+00 -1.655e+02 0.2081184 0.000 0.1223245 0.0857939 
149.300 -0.005500 34.900 1.0000e+00 -1.663e+02 0.2089673 0.000 0.1228589 0.0861084 
149.300 -0.005500 35.000 1.0000e+00 -1.706e+02 0.2120779 0.000 0.1250695 0.0870085 
149.300 -0.005500 35.100 1.0000e+00 -1.775e+02 0.2167602 0.000 0.1279463 0.0888136 
149.300 -0.006000 34.700 1.0000e+00 -1.997e+02 0.2302530 0.001 0.1368681 0.0933851 
149.300 -0.006000 34.800 1.0000e+00 -1.981e+02 0.2296505 0.000 0.1366403 0.0930106 
149.300 -0.006000 34.900 9.9997e-01 -2.005e+02 0.2314438 0.000 0.1375122 0.0939313 
149.300 -0.006000 35.000 9.9998e-01 -2.047e+02 0.2341887 0.001 0.1391484 0.0950404 
149.300 -0.006000 35.100 9.9998e-01 -2.128e+02 0.2391676 0.000 0.1420950 0.0970722 
