-0.00214728 0.00207372 1.0001e+00 -9.437e+01 0.1720229 0.000 0.0962004 0.0758225 
-0.00214728 0.00257142 1.0002e+00 -9.438e+01 0.1719666 0.000 0.0962716 0.0756949 
-0.00214728 0.00306911 1.0000e+00 -9.446e+01 0.1720086 0.000 0.0962775 0.0757311 
-0.00214728 0.00356680 1.0001e+00 -9.457e+01 0.1720890 0.000 0.0962946 0.0757940 
-0.00612883 0.00207372 1.0000e+00 -1.142e+02 0.1874672 0.000 0.1056521 0.0818152 
-0.00612883 0.00257142 1.0000e+00 -1.128e+02 0.1864422 0.000 0.1049398 0.0815026 
-0.00612883 0.00306911 1.0001e+00 -1.114e+02 0.1853474 0.000 0.1044243 0.0809231 
-0.00612883 0.00356680 1.0000e+00 -1.101e+02 0.1843375 0.000 0.1038262 0.0805111 
-0.00612883 0.00406450 1.0000e+00 -1.088e+02 0.1833795 0.000 0.1031553 0.0802240 
-0.00612883 0.00456219 1.0000e+00 -1.076e+02 0.1824422 0.000 0.1027452 0.0796970 
-0.00612883 0.00505988 9.9999e-01 -1.064e+02 0.1815152 0.000 0.1023685 0.0791470 
-0.00612883 0.00555758 1.0001e+00 -1.053e+02 0.1806903 0.000 0.1018186 0.0788718 
-0.00612883 0.00605527 1.0001e+00 -1.042e+02 0.1798870 0.000 0.1014065 0.0784804 
-0.00612883 0.00655296 1.0001e+00 -1.033e+02 0.1791027 0.000 0.1010279 0.0780752 
-0.00612883 0.00705066 1.0000e+00 -1.024e+02 0.1784453 0.000 0.1004550 0.0779902 
-0.00612883 0.00754835 1.0000e+00 -1.015e+02 0.1778901 0.000 0.0998242 0.0780660 
-0.00612883 0.00804604 1.0001e+00 -1.007e+02 0.1772161 0.000 0.0995766 0.0776396 
-0.00612883 0.00854374 1.0001e+00 -1.000e+02 0.1766274 0.000 0.0992214 0.0774060 
-0.00612883 0.00904143 1.0001e+00 -9.934e+01 0.1760953 0.000 0.0989061 0.0771890 
-0.00612883 0.00953912 1.0001e+00 -9.874e+01 0.1756372 0.000 0.0985586 0.0770788 
-0.00612883 0.01003682 1.0001e+00 -9.821e+01 0.1751824 0.000 0.0984112 0.0767712 
-0.00612883 0.01053451 1.0001e+00 -9.772e+01 0.1747948 0.000 0.0982081 0.0765868 
-0.00612883 0.01103221 1.0001e+00 -9.731e+01 0.1745812 0.000 0.0977408 0.0768403 
-0.00612883 0.01152990 1.0001e+00 -9.695e+01 0.1742936 0.000 0.0976726 0.0766211 
-0.00612883 0.01202759 1.0001e+00 -9.665e+01 0.1741329 0.000 0.0974177 0.0767155 
-0.00612883 0.01252529 1.0002e+00 -9.637e+01 0.1738745 0.000 0.0974675 0.0764069 
-0.00612883 0.01302298 1.0001e+00 -9.619e+01 0.1737814 0.000 0.0973520 0.0764292 
-0.00612883 0.01352067 9.9999e-01 -9.606e+01 0.1736979 0.000 0.0973497 0.0763483 
-0.00612883 0.01401837 1.0001e+00 -9.593e+01 0.1736052 0.000 0.0973122 0.0762930 
-0.00239613 0.00953912 1.0000e+00 -9.791e+01 0.1747815 0.000 0.0979281 0.0768535 
-0.00239613 0.01003682 1.0000e+00 -9.854e+01 0.1752280 0.000 0.0983737 0.0768542 
-0.00239613 0.01053451 1.0000e+00 -9.921e+01 0.1757735 0.000 0.0986804 0.0770928 
-0.00239613 0.01103221 9.9998e-01 -9.993e+01 0.1763345 0.000 0.0991275 0.0772071 
-0.00239613 0.01152990 1.0001e+00 -1.007e+02 0.1769599 0.000 0.0994535 0.0775063 
-0.00239613 0.01202759 1.0001e+00 -1.014e+02 0.1776167 0.000 0.0997308 0.0778860 
-0.00239613 0.01252529 1.0000e+00 -1.023e+02 0.1782558 0.000 0.1001049 0.0781508 
-0.00239613 0.01302298 9.9999e-01 -1.031e+02 0.1788526 0.000 0.1006801 0.0781726 
-0.00239613 0.01352067 1.0000e+00 -1.039e+02 0.1795019 0.000 0.1011191 0.0783830 
-0.00239613 0.01401837 1.0001e+00 -1.048e+02 0.1801760 0.000 0.1015873 0.0785888 
-0.00264498 0.00207372 1.0001e+00 -9.341e+01 0.1712554 0.000 0.0957737 0.0754817 
-0.00264498 0.00257142 1.0001e+00 -9.329e+01 0.1711755 0.000 0.0955672 0.0756083 
-0.00264498 0.00306911 1.0001e+00 -9.319e+01 0.1710571 0.000 0.0955027 0.0755545 
-0.00264498 0.00356680 9.9999e-01 -9.318e+01 0.1710252 0.000 0.0954940 0.0755311 
-0.00264498 0.00406450 1.0000e+00 -9.318e+01 0.1710029 0.000 0.0954232 0.0755796 
-0.00264498 0.00456219 1.0001e+00 -9.323e+01 0.1710093 0.000 0.0954130 0.0755961 
-0.00264498 0.00505988 1.0000e+00 -9.333e+01 0.1710900 0.000 0.0954505 0.0756396 
-0.00264498 0.00555758 1.0001e+00 -9.347e+01 0.1711841 0.000 0.0955153 0.0756688 
-0.00264498 0.00605527 1.0000e+00 -9.369e+01 0.1713396 0.000 0.0957260 0.0756135 
-0.00264498 0.00655296 1.0001e+00 -9.391e+01 0.1715337 0.000 0.0958184 0.0757149 
-0.00264498 0.00705066 9.9997e-01 -9.422e+01 0.1718013 0.000 0.0959550 0.0758460 
-0.00264498 0.00754835 1.0001e+00 -9.454e+01 0.1720029 0.000 0.0963087 0.0756943 
-0.00264498 0.00804604 1.0001e+00 -9.493e+01 0.1723335 0.000 0.0964889 0.0758448 
-0.00264498 0.00854374 1.0001e+00 -9.536e+01 0.1727035 0.000 0.0966988 0.0760048 
-0.00264498 0.00904143 1.0001e+00 -9.585e+01 0.1731303 0.000 0.0969414 0.0761889 
-0.00264498 0.00953912 1.0001e+00 -9.637e+01 0.1735269 0.000 0.0973080 0.0762189 
-0.00264498 0.01003682 1.0001e+00 -9.694e+01 0.1740499 0.000 0.0974059 0.0766439 
-0.00264498 0.01053451 1.0000e+00 -9.755e+01 0.1745386 0.000 0.0976890 0.0768496 
-0.00264498 0.01103221 1.0001e+00 -9.816e+01 0.1750133 0.000 0.0980542 0.0769591 
-0.00264498 0.01152990 1.0001e+00 -9.883e+01 0.1755208 0.000 0.0985277 0.0769932 
-0.00264498 0.01202759 1.0001e+00 -9.954e+01 0.1761290 0.000 0.0988682 0.0772609 
-0.00264498 0.01252529 1.0001e+00 -1.003e+02 0.1766910 0.000 0.0993099 0.0773811 
-0.00264498 0.01302298 1.0001e+00 -1.010e+02 0.1773031 0.000 0.0997079 0.0775952 
-0.00264498 0.01352067 1.0001e+00 -1.018e+02 0.1780102 0.000 0.0999265 0.0780838 
-0.00264498 0.01401837 1.0001e+00 -1.026e+02 0.1785764 0.000 0.1005337 0.0780425 
-0.00289383 0.00207372 1.0000e+00 -9.326e+01 0.1711490 0.000 0.0956966 0.0754524 
-0.00289383 0.00257142 1.0001e+00 -9.305e+01 0.1709916 0.000 0.0954526 0.0755392 
-0.00289383 0.00306911 1.0001e+00 -9.289e+01 0.1708283 0.000 0.0953681 0.0754605 
-0.00289383 0.00356680 1.0002e+00 -9.276e+01 0.1707257 0.000 0.0952315 0.0754942 
-0.00289383 0.00406450 1.0000e+00 -9.272e+01 0.1706634 0.000 0.0952060 0.0754574 
-0.00214728 0.00406450 1.0001e+00 -9.472e+01 0.1722057 0.000 0.0963451 0.0758606 
-0.00214728 0.00456219 1.0001e+00 -9.493e+01 0.1723673 0.000 0.0964484 0.0759189 
-0.00214728 0.00505988 1.0001e+00 -9.519e+01 0.1725586 0.000 0.0966617 0.0758971 
-0.00214728 0.00555758 1.0000e+00 -9.552e+01 0.1728439 0.000 0.0967716 0.0760723 
-0.00289383 0.00456219 1.0000e+00 -9.270e+01 0.1706173 0.000 0.0951937 0.0754237 
-0.00289383 0.00505988 1.0001e+00 -9.272e+01 0.1706040 0.000 0.0951888 0.0754152 
-0.00289383 0.00555758 1.0001e+00 -9.279e+01 0.1706526 0.000 0.0952053 0.0754473 
-0.00289383 0.00605527 1.0001e+00 -9.292e+01 0.1707484 0.000 0.0952816 0.0754668 
-0.00289383 0.00655296 1.0001e+00 -9.308e+01 0.1708719 0.000 0.0953423 0.0755296 
-0.00289383 0.00705066 1.0001e+00 -9.330e+01 0.1710583 0.000 0.0954416 0.0756166 
-0.00289383 0.00754835 1.0000e+00 -9.358e+01 0.1712881 0.000 0.0955883 0.0757000 
-0.00289383 0.00804604 1.0001e+00 -9.388e+01 0.1714571 0.000 0.0959615 0.0754958 
-0.00289383 0.00854374 1.0001e+00 -9.423e+01 0.1718111 0.000 0.0959678 0.0758431 
-0.00289383 0.00904143 1.0001e+00 -9.463e+01 0.1721208 0.000 0.0963186 0.0758022 
-0.00289383 0.00953912 1.0001e+00 -9.507e+01 0.1725138 0.000 0.0965313 0.0759826 
-0.00289383 0.01003682 1.0000e+00 -9.557e+01 0.1729141 0.000 0.0968148 0.0760991 
-0.00289383 0.01053451 1.0000e+00 -9.609e+01 0.1733496 0.000 0.0970532 0.0762965 
-0.00289383 0.01103221 1.0001e+00 -9.664e+01 0.1737596 0.000 0.0974227 0.0763367 
-0.00289383 0.01152990 1.0001e+00 -9.725e+01 0.1743212 0.000 0.0975621 0.0767592 
-0.00289383 0.01202759 1.0001e+00 -9.788e+01 0.1748391 0.000 0.0979266 0.0769127 
-0.00289383 0.01252529 1.0002e+00 -9.855e+01 0.1753383 0.000 0.0984380 0.0769002 
-0.00289383 0.01302298 1.0000e+00 -9.926e+01 0.1759450 0.000 0.0987713 0.0771734 
-0.00289383 0.01352067 1.0001e+00 -9.999e+01 0.1765207 0.000 0.0991987 0.0773221 
-0.00289383 0.01401837 1.0001e+00 -1.007e+02 0.1771006 0.000 0.0996417 0.0774588 
-0.00314267 0.00207372 1.0001e+00 -9.329e+01 0.1712158 0.000 0.0956829 0.0755329 
-0.00314267 0.00257142 1.0001e+00 -9.304e+01 0.1710186 0.000 0.0954373 0.0755816 
-0.00314267 0.00306911 1.0001e+00 -9.279e+01 0.1708193 0.000 0.0952597 0.0755597 
-0.00314267 0.00356680 1.0001e+00 -9.261e+01 0.1706172 0.000 0.0952062 0.0754110 
-0.00314267 0.00406450 1.0001e+00 -9.246e+01 0.1704859 0.000 0.0950731 0.0754129 
-0.00314267 0.00456219 1.0000e+00 -9.238e+01 0.1703966 0.000 0.0950401 0.0753563 
-0.00314267 0.00505988 1.0001e+00 -9.233e+01 0.1703175 0.000 0.0950018 0.0753159 
-0.00314267 0.00555758 1.0002e+00 -9.232e+01 0.1702739 0.000 0.0950071 0.0752669 
-0.00314267 0.00605527 1.0000e+00 -9.239e+01 0.1703176 0.000 0.0950332 0.0752846 
-0.00314267 0.00655296 1.0001e+00 -9.246e+01 0.1703610 0.000 0.0950880 0.0752728 
-0.00314267 0.00705066 1.0001e+00 -9.261e+01 0.1704850 0.000 0.0951472 0.0753379 
-0.00314267 0.00754835 1.0001e+00 -9.279e+01 0.1706395 0.000 0.0952210 0.0754184 
-0.00314267 0.00804604 1.0001e+00 -9.304e+01 0.1708352 0.000 0.0953486 0.0754867 
-0.00314267 0.00854374 1.0002e+00 -9.331e+01 0.1710670 0.000 0.0954576 0.0756091 
-0.00314267 0.00904143 1.0000e+00 -9.365e+01 0.1713576 0.000 0.0956609 0.0756968 
-0.00314267 0.00953912 1.0002e+00 -9.400e+01 0.1716151 0.000 0.0960224 0.0755930 
-0.00314267 0.01003682 1.0001e+00 -9.444e+01 0.1720559 0.000 0.0960981 0.0759579 
-0.00314267 0.01053451 1.0000e+00 -9.490e+01 0.1724336 0.000 0.0963785 0.0760551 
-0.00314267 0.01103221 1.0001e+00 -9.536e+01 0.1727741 0.000 0.0967320 0.0760422 
-0.00314267 0.01152990 1.0001e+00 -9.590e+01 0.1731837 0.000 0.0970726 0.0761111 
-0.00214728 0.00605527 1.0002e+00 -9.585e+01 0.1730587 0.000 0.0970468 0.0760120 
-0.00214728 0.00655296 1.0000e+00 -9.628e+01 0.1734162 0.000 0.0971940 0.0762225 
-0.00214728 0.00705066 1.0002e+00 -9.670e+01 0.1737866 0.000 0.0973075 0.0764792 
-0.00214728 0.00754835 1.0001e+00 -9.721e+01 0.1742102 0.000 0.0975283 0.0766819 
-0.00314267 0.01202759 1.0001e+00 -9.647e+01 0.1736967 0.000 0.0972233 0.0764732 
-0.00314267 0.01252529 9.9999e-01 -9.710e+01 0.1742457 0.000 0.0975228 0.0767227 
-0.00314267 0.01302298 1.0001e+00 -9.772e+01 0.1747666 0.000 0.0978411 0.0769258 
-0.00314267 0.01352067 1.0001e+00 -9.837e+01 0.1752841 0.000 0.0982440 0.0770401 
-0.00314267 0.01401837 1.0001e+00 -9.907e+01 0.1758321 0.000 0.0986882 0.0771438 
-0.00339152 0.00207372 1.0001e+00 -9.355e+01 0.1714175 0.000 0.0958530 0.0755648 
-0.00339152 0.00257142 9.9999e-01 -9.323e+01 0.1711908 0.000 0.0955179 0.0756730 
-0.00339152 0.00306911 1.0002e+00 -9.290e+01 0.1708969 0.000 0.0953526 0.0755441 
-0.00339152 0.00356680 1.0001e+00 -9.265e+01 0.1706655 0.000 0.0952526 0.0754128 
-0.00339152 0.00406450 1.0000e+00 -9.246e+01 0.1705132 0.000 0.0950680 0.0754450 
-0.00339152 0.00456219 1.0000e+00 -9.229e+01 0.1703479 0.000 0.0949931 0.0753548 
-0.00339152 0.00505988 1.0001e+00 -9.216e+01 0.1702068 0.000 0.0949631 0.0752434 
-0.00339152 0.00555758 1.0001e+00 -9.208e+01 0.1701099 0.000 0.0949004 0.0752092 
-0.00339152 0.00605527 1.0000e+00 -9.206e+01 0.1700684 0.000 0.0948944 0.0751742 
-0.00339152 0.00655296 1.0000e+00 -9.209e+01 0.1700861 0.000 0.0948931 0.0751929 
-0.00339152 0.00705066 1.0000e+00 -9.215e+01 0.1701307 0.000 0.0949380 0.0751926 
-0.00339152 0.00754835 1.0001e+00 -9.225e+01 0.1702514 0.000 0.0948682 0.0753833 
-0.00339152 0.00804604 1.0001e+00 -9.242e+01 0.1703526 0.000 0.0950607 0.0752921 
-0.00339152 0.00854374 1.0001e+00 -9.263e+01 0.1705233 0.000 0.0951583 0.0753651 
-0.00339152 0.00904143 1.0000e+00 -9.290e+01 0.1707464 0.000 0.0952797 0.0754669 
-0.00339152 0.00953912 1.0000e+00 -9.319e+01 0.1710084 0.000 0.0954055 0.0756031 
-0.00339152 0.01003682 1.0001e+00 -9.352e+01 0.1712787 0.000 0.0956687 0.0756098 
-0.00339152 0.01053451 1.0000e+00 -9.392e+01 0.1716296 0.000 0.0958663 0.0757633 
-0.00339152 0.01103221 1.0002e+00 -9.431e+01 0.1719284 0.000 0.0962159 0.0757125 
-0.00339152 0.01152990 1.0002e+00 -9.478e+01 0.1723177 0.000 0.0964422 0.0758756 
-0.00339152 0.01202759 1.0001e+00 -9.530e+01 0.1727296 0.000 0.0967020 0.0760273 
-0.00339152 0.01252529 1.0001e+00 -9.584e+01 0.1731471 0.000 0.0970553 0.0760916 
-0.00339152 0.01302298 1.0000e+00 -9.643e+01 0.1736518 0.000 0.0973405 0.0763114 
-0.00339152 0.01352067 1.0000e+00 -9.703e+01 0.1742200 0.000 0.0974978 0.0767223 
-0.00339152 0.01401837 1.0002e+00 -9.763e+01 0.1747070 0.000 0.0978660 0.0768410 
-0.00364037 0.00207372 1.0001e+00 -9.403e+01 0.1717371 0.000 0.0962161 0.0755210 
-0.00364037 0.00257142 1.0001e+00 -9.363e+01 0.1714336 0.000 0.0958495 0.0755839 
-0.00364037 0.00306911 1.0001e+00 -9.325e+01 0.1710937 0.000 0.0957092 0.0753848 
-0.00364037 0.00356680 1.0001e+00 -9.291e+01 0.1708128 0.000 0.0955174 0.0752953 
-0.00364037 0.00406450 1.0000e+00 -9.266e+01 0.1706476 0.000 0.0952447 0.0754027 
-0.00364037 0.00456219 1.0001e+00 -9.240e+01 0.1704512 0.000 0.0950207 0.0754304 
-0.00364037 0.00505988 1.0001e+00 -9.221e+01 0.1702611 0.000 0.0949620 0.0752992 
-0.00364037 0.00555758 1.0001e+00 -9.206e+01 0.1701306 0.000 0.0948935 0.0752369 
-0.00364037 0.00605527 1.0001e+00 -9.195e+01 0.1700090 0.000 0.0948354 0.0751734 
-0.00364037 0.00655296 1.0000e+00 -9.191e+01 0.1699919 0.000 0.0947045 0.0752872 
-0.00214728 0.00804604 1.0001e+00 -9.778e+01 0.1746591 0.000 0.0978517 0.0768073 
-0.00214728 0.00854374 1.0001e+00 -9.834e+01 0.1751042 0.000 0.0980983 0.0770057 
-0.00214728 0.00904143 1.0001e+00 -9.898e+01 0.1755395 0.000 0.0985732 0.0769663 
-0.00214728 0.00953912 1.0002e+00 -9.966e+01 0.1760837 0.000 0.0988484 0.0772351 
-0.00364037 0.00705066 1.0001e+00 -9.190e+01 0.1699405 0.000 0.0948222 0.0751182 
-0.00364037 0.00754835 1.0001e+00 -9.193e+01 0.1699559 0.000 0.0948396 0.0751161 
-0.00364037 0.00804604 1.0002e+00 -9.201e+01 0.1700242 0.000 0.0948759 0.0751482 
-0.00364037 0.00854374 1.0001e+00 -9.216e+01 0.1701492 0.000 0.0949490 0.0752003 
-0.00364037 0.00904143 1.0002e+00 -9.233e+01 0.1702947 0.000 0.0950279 0.0752668 
-0.00364037 0.00953912 1.0001e+00 -9.257e+01 0.1704969 0.000 0.0951457 0.0753511 
-0.00364037 0.01003682 1.0000e+00 -9.286e+01 0.1707603 0.000 0.0952841 0.0754762 
-0.00364037 0.01053451 1.0001e+00 -9.315e+01 0.1710481 0.000 0.0954360 0.0756122 
-0.00364037 0.01103221 1.0001e+00 -9.351e+01 0.1713801 0.000 0.0956133 0.0757668 
-0.00364037 0.01152990 9.9998e-01 -9.393e+01 0.1716623 0.000 0.0960658 0.0755964 
-0.00364037 0.01202759 1.0001e+00 -9.437e+01 0.1720792 0.000 0.0961262 0.0759529 
-0.00364037 0.01252529 1.0001e+00 -9.482e+01 0.1724056 0.000 0.0964587 0.0759470 
-0.00364037 0.01302298 1.0000e+00 -9.533e+01 0.1728096 0.000 0.0967482 0.0760615 
-0.00364037 0.01352067 9.9998e-01 -9.588e+01 0.1732319 0.000 0.0970935 0.0761383 
-0.00364037 0.01401837 1.0001e+00 -9.643e+01 0.1737084 0.000 0.0973678 0.0763406 
-0.00388921 0.00207372 1.0001e+00 -9.474e+01 0.1724265 0.000 0.0963252 0.0761015 
-0.00388921 0.00257142 1.0000e+00 -9.428e+01 0.1719601 0.000 0.0962683 0.0756919 
-0.00388921 0.00306911 1.0001e+00 -9.382e+01 0.1715876 0.000 0.0959355 0.0756518 
-0.00388921 0.00356680 1.0000e+00 -9.343e+01 0.1713002 0.000 0.0956433 0.0756570 
-0.00388921 0.00406450 1.0001e+00 -9.306e+01 0.1709927 0.000 0.0954105 0.0755824 
-0.00388921 0.00456219 1.0000e+00 -9.276e+01 0.1707395 0.000 0.0952685 0.0754713 
-0.00388921 0.00505988 1.0001e+00 -9.248e+01 0.1705181 0.000 0.0950707 0.0754475 
-0.00388921 0.00555758 1.0001e+00 -9.224e+01 0.1703089 0.000 0.0949517 0.0753572 
-0.00388921 0.00605527 1.0001e+00 -9.207e+01 0.1701517 0.000 0.0948949 0.0752567 
-0.00388921 0.00655296 1.0001e+00 -9.195e+01 0.1700325 0.000 0.0948407 0.0751920 
-0.00388921 0.00705066 1.0001e+00 -9.187e+01 0.1699439 0.000 0.0948165 0.0751275 
-0.00388921 0.00754835 1.0001e+00 -9.184e+01 0.1699145 0.000 0.0948266 0.0750879 
-0.00388921 0.00804604 1.0000e+00 -9.187e+01 0.1699306 0.000 0.0948340 0.0750967 
-0.00388921 0.00854374 1.0001e+00 -9.192e+01 0.1699766 0.000 0.0948362 0.0751403 
-0.00388921 0.00904143 1.0000e+00 -9.204e+01 0.1701206 0.000 0.0947856 0.0753350 
-0.00388921 0.00953912 1.0000e+00 -9.219e+01 0.1702207 0.000 0.0949680 0.0752528 
-0.00388921 0.01003682 1.0002e+00 -9.237e+01 0.1703729 0.000 0.0950726 0.0753003 
-0.00388921 0.01053451 1.0001e+00 -9.263e+01 0.1706138 0.000 0.0952049 0.0754088 
-0.00388921 0.01103221 1.0001e+00 -9.292e+01 0.1709022 0.000 0.0953399 0.0755623 
-0.00388921 0.01152990 1.0001e+00 -9.323e+01 0.1711789 0.000 0.0955988 0.0755802 
-0.00388921 0.01202759 9.9998e-01 -9.362e+01 0.1714813 0.000 0.0959670 0.0755143 
-0.00388921 0.01252529 1.0002e+00 -9.401e+01 0.1718726 0.000 0.0959776 0.0758951 
-0.00388921 0.01302298 1.0000e+00 -9.447e+01 0.1721972 0.000 0.0963878 0.0758095 
-0.00388921 0.01352067 1.0002e+00 -9.494e+01 0.1725917 0.000 0.0965651 0.0760265 
-0.00388921 0.01401837 1.0001e+00 -9.545e+01 0.1730058 0.000 0.0968365 0.0761693 
-0.00214728 0.01003682 1.0002e+00 -1.004e+02 0.1766255 0.000 0.0992681 0.0773572 
-0.00214728 0.01053451 1.0001e+00 -1.011e+02 0.1772892 0.000 0.0995574 0.0777318 
-0.00214728 0.01103221 1.0002e+00 -1.019e+02 0.1779023 0.000 0.0999428 0.0779596 
-0.00214728 0.01152990 1.0001e+00 -1.028e+02 0.1784931 0.000 0.1005460 0.0779473 
-0.00413806 0.00207372 1.0001e+00 -9.569e+01 0.1732262 0.000 0.0968568 0.0763693 
-0.00413806 0.00257142 1.0000e+00 -9.515e+01 0.1727738 0.000 0.0965313 0.0762424 
-0.00413806 0.00306911 1.0001e+00 -9.461e+01 0.1722415 0.000 0.0964172 0.0758243 
-0.00413806 0.00356680 1.0000e+00 -9.415e+01 0.1718207 0.000 0.0962169 0.0756037 
-0.00413806 0.00406450 1.0001e+00 -9.371e+01 0.1715049 0.000 0.0958890 0.0756159 
-0.00413806 0.00456219 1.0001e+00 -9.330e+01 0.1711780 0.000 0.0956432 0.0755348 
-0.00413806 0.00505988 1.0001e+00 -9.298e+01 0.1709393 0.000 0.0953826 0.0755570 
-0.00413806 0.00555758 1.0001e+00 -9.268e+01 0.1706737 0.000 0.0952616 0.0754122 
-0.00413806 0.00605527 1.0000e+00 -9.244e+01 0.1704679 0.000 0.0951420 0.0753261 
-0.00413806 0.00655296 1.0000e+00 -9.224e+01 0.1703247 0.000 0.0949540 0.0753706 
-0.00413806 0.00705066 1.0001e+00 -9.206e+01 0.1701642 0.000 0.0948875 0.0752767 
-0.00413806 0.00754835 1.0000e+00 -9.197e+01 0.1700813 0.000 0.0948578 0.0752238 
-0.00413806 0.00804604 1.0000e+00 -9.191e+01 0.1700187 0.000 0.0948585 0.0751599 
-0.00413806 0.00854374 1.0002e+00 -9.187e+01 0.1699750 0.000 0.0948244 0.0751503 
-0.00413806 0.00904143 1.0001e+00 -9.192e+01 0.1700102 0.000 0.0948443 0.0751659 
-0.00413806 0.00953912 1.0001e+00 -9.201e+01 0.1701216 0.000 0.0947824 0.0753395 
-0.00413806 0.01003682 1.0001e+00 -9.214e+01 0.1701882 0.000 0.0949627 0.0752254 
-0.00413806 0.01053451 1.0001e+00 -9.231e+01 0.1703375 0.000 0.0950524 0.0752854 
-0.00413806 0.01103221 1.0001e+00 -9.253e+01 0.1705451 0.000 0.0951654 0.0753795 
-0.00413806 0.01152990 1.0000e+00 -9.281e+01 0.1708363 0.000 0.0952995 0.0755370 
-0.00413806 0.01202759 1.0001e+00 -9.311e+01 0.1711272 0.000 0.0954825 0.0756445 
-0.00413806 0.01252529 1.0001e+00 -9.345e+01 0.1714310 0.000 0.0957265 0.0757044 
-0.00413806 0.01302298 1.0000e+00 -9.383e+01 0.1716916 0.000 0.0961531 0.0755387 
-0.00413806 0.01352067 1.0002e+00 -9.423e+01 0.1720668 0.000 0.0962719 0.0757951 
-0.00413806 0.01401837 1.0001e+00 -9.469e+01 0.1724576 0.000 0.0964729 0.0759846 
-0.00438691 0.00207372 1.0001e+00 -9.689e+01 0.1741221 0.000 0.0977668 0.0763552 
-0.00438691 0.00257142 1.0000e+00 -9.628e+01 0.1736972 0.000 0.0971954 0.0765015 
-0.00438691 0.00306911 1.0001e+00 -9.565e+01 0.1731514 0.000 0.0968581 0.0762933 
-0.00438691 0.00356680 1.0001e+00 -9.510e+01 0.1726970 0.000 0.0965038 0.0761932 
-0.00438691 0.00406450 1.0001e+00 -9.459e+01 0.1721950 0.000 0.0964067 0.0757882 
-0.00438691 0.00456219 1.0001e+00 -9.411e+01 0.1717947 0.000 0.0961811 0.0756135 
-0.00438691 0.00505988 1.0000e+00 -9.370e+01 0.1714970 0.000 0.0958755 0.0756212 
-0.00438691 0.00555758 1.0000e+00 -9.333e+01 0.1711759 0.000 0.0957573 0.0754186 
-0.00438691 0.00605527 1.0001e+00 -9.299e+01 0.1709587 0.000 0.0953835 0.0755753 
-0.00438691 0.00655296 1.0000e+00 -9.272e+01 0.1707296 0.000 0.0952861 0.0754435 
-0.00438691 0.00705066 1.0001e+00 -9.249e+01 0.1705498 0.000 0.0951011 0.0754490 
-0.00438691 0.00754835 1.0001e+00 -9.230e+01 0.1703978 0.000 0.0950166 0.0753813 
-0.00438691 0.00804604 1.0000e+00 -9.218e+01 0.1703033 0.000 0.0949803 0.0753230 
-0.00438691 0.00854374 1.0001e+00 -9.208e+01 0.1702239 0.000 0.0949408 0.0752830 
-0.00438691 0.00904143 1.0001e+00 -9.204e+01 0.1701705 0.000 0.0949087 0.0752622 
-0.00214728 0.01202759 9.9999e-01 -1.036e+02 0.1791927 0.000 0.1008414 0.0783515 
-0.00214728 0.01252529 1.0000e+00 -1.045e+02 0.1798517 0.000 0.1013193 0.0785324 
-0.00214728 0.01302298 1.0001e+00 -1.054e+02 0.1805118 0.000 0.1018607 0.0786511 
-0.00214728 0.01352067 1.0001e+00 -1.063e+02 0.1812510 0.000 0.1021871 0.0790640 
-0.00438691 0.00953912 1.0001e+00 -9.206e+01 0.1701728 0.000 0.0949169 0.0752560 
-0.00438691 0.01003682 1.0002e+00 -9.210e+01 0.1702028 0.000 0.0949394 0.0752634 
-0.00438691 0.01053451 1.0000e+00 -9.224e+01 0.1703193 0.000 0.0949981 0.0753213 
-0.00438691 0.01103221 1.0000e+00 -9.238e+01 0.1704419 0.000 0.0950934 0.0753488 
-0.00438691 0.01152990 1.0000e+00 -9.257e+01 0.1706208 0.000 0.0951837 0.0754371 
-0.00438691 0.01202759 1.0001e+00 -9.279e+01 0.1708421 0.000 0.0953086 0.0755335 
-0.00438691 0.01252529 1.0001e+00 -9.308e+01 0.1711357 0.000 0.0954703 0.0756655 
-0.00438691 0.01302298 1.0001e+00 -9.339e+01 0.1714048 0.000 0.0957169 0.0756878 
-0.00438691 0.01352067 1.0001e+00 -9.374e+01 0.1717295 0.000 0.0958935 0.0758359 
-0.00438691 0.01401837 1.0001e+00 -9.413e+01 0.1720853 0.000 0.0960748 0.0760105 
-0.00463575 0.00207372 1.0000e+00 -9.837e+01 0.1753571 0.000 0.0984209 0.0769365 
-0.00463575 0.00257142 1.0002e+00 -9.762e+01 0.1747339 0.000 0.0980203 0.0767134 
-0.00463575 0.00306911 1.0000e+00 -9.697e+01 0.1741640 0.000 0.0977470 0.0764171 
-0.00463575 0.00356680 1.0001e+00 -9.632e+01 0.1736535 0.000 0.0972906 0.0763630 
-0.00463575 0.00406450 1.0001e+00 -9.572e+01 0.1731769 0.000 0.0968481 0.0763291 
-0.00463575 0.00456219 1.0002e+00 -9.516e+01 0.1726870 0.000 0.0965983 0.0760887 
-0.00463575 0.00505988 1.0001e+00 -9.466e+01 0.1722429 0.000 0.0964419 0.0758010 
-0.00463575 0.00555758 1.0001e+00 -9.421e+01 0.1718586 0.000 0.0962370 0.0756218 
-0.00463575 0.00605527 1.0001e+00 -9.379e+01 0.1715234 0.000 0.0959905 0.0755329 
-0.00463575 0.00655296 1.0001e+00 -9.344e+01 0.1712838 0.000 0.0956933 0.0755906 
-0.00463575 0.00705066 1.0001e+00 -9.314e+01 0.1710831 0.000 0.0954514 0.0756319 
-0.00463575 0.00754835 1.0001e+00 -9.286e+01 0.1707895 0.000 0.0955128 0.0752766 
-0.00463575 0.00804604 1.0000e+00 -9.267e+01 0.1706889 0.000 0.0952821 0.0754066 
-0.00463575 0.00854374 1.0000e+00 -9.251e+01 0.1705721 0.000 0.0952104 0.0753614 
-0.00463575 0.00904143 1.0001e+00 -9.238e+01 0.1705073 0.000 0.0950673 0.0754401 
-0.00463575 0.00953912 1.0002e+00 -9.231e+01 0.1704324 0.000 0.0950436 0.0753889 
-0.00463575 0.01003682 1.0000e+00 -9.232e+01 0.1704301 0.000 0.0950366 0.0753935 
-0.00463575 0.01053451 1.0001e+00 -9.234e+01 0.1704257 0.000 0.0950618 0.0753641 
-0.00463575 0.01103221 1.0001e+00 -9.242e+01 0.1704756 0.000 0.0950920 0.0753840 
-0.00463575 0.01152990 1.0001e+00 -9.255e+01 0.1705977 0.000 0.0951606 0.0754371 
-0.00463575 0.01202759 1.0001e+00 -9.271e+01 0.1707598 0.000 0.0952357 0.0755241 
-0.00463575 0.01252529 1.0001e+00 -9.293e+01 0.1709743 0.000 0.0953607 0.0756140 
-0.00463575 0.01302298 1.0000e+00 -9.319e+01 0.1712344 0.000 0.0955144 0.0757200 
-0.00463575 0.01352067 1.0001e+00 -9.346e+01 0.1714775 0.000 0.0957506 0.0757267 
-0.00463575 0.01401837 1.0001e+00 -9.379e+01 0.1717131 0.000 0.0960782 0.0756349 
-0.00488460 0.00207372 1.0000e+00 -1.001e+02 0.1766899 0.000 0.0994874 0.0772024 
-0.00488460 0.00257142 1.0001e+00 -9.929e+01 0.1760789 0.000 0.0988618 0.0772172 
-0.00488460 0.00306911 1.0001e+00 -9.852e+01 0.1754256 0.000 0.0985388 0.0768871 
-0.00488460 0.00356680 1.0000e+00 -9.780e+01 0.1748361 0.000 0.0981436 0.0766923 
-0.00488460 0.00406450 1.0001e+00 -9.711e+01 0.1742426 0.000 0.0977944 0.0764482 
-0.00214728 0.01401837 1.0001e+00 -1.072e+02 0.1819494 0.000 0.1026321 0.0793169 
-0.00239613 0.00207372 1.0000e+00 -9.381e+01 0.1716184 0.000 0.0958280 0.0757904 
-0.00239613 0.00257142 1.0000e+00 -9.374e+01 0.1715246 0.000 0.0957798 0.0757450 
-0.00239613 0.00306911 1.0000e+00 -9.373e+01 0.1714889 0.000 0.0957547 0.0757341 
-0.00488460 0.00456219 1.0002e+00 -9.646e+01 0.1737107 0.000 0.0973893 0.0763213 
-0.00488460 0.00505988 1.0000e+00 -9.591e+01 0.1733107 0.000 0.0969191 0.0763918 
-0.00488460 0.00555758 1.0000e+00 -9.536e+01 0.1728804 0.000 0.0966039 0.0762765 
-0.00488460 0.00605527 1.0001e+00 -9.484e+01 0.1723775 0.000 0.0965475 0.0758301 
-0.00488460 0.00655296 1.0000e+00 -9.442e+01 0.1720302 0.000 0.0963262 0.0757037 
-0.00488460 0.00705066 1.0001e+00 -9.400e+01 0.1716709 0.000 0.0961562 0.0755146 
-0.00488460 0.00754835 1.0001e+00 -9.368e+01 0.1714701 0.000 0.0958860 0.0755843 
-0.00488460 0.00804604 1.0000e+00 -9.338e+01 0.1712409 0.000 0.0957684 0.0754724 
-0.00488460 0.00854374 1.0001e+00 -9.313e+01 0.1711044 0.000 0.0954914 0.0756129 
-0.00488460 0.00904143 1.0000e+00 -9.296e+01 0.1709962 0.000 0.0954443 0.0755519 
-0.00488460 0.00953912 1.0002e+00 -9.279e+01 0.1708754 0.000 0.0953723 0.0755031 
-0.00488460 0.01003682 1.0001e+00 -9.272e+01 0.1708089 0.000 0.0953468 0.0754620 
-0.00488460 0.01053451 1.0001e+00 -9.268e+01 0.1707945 0.000 0.0952447 0.0755499 
-0.00488460 0.01103221 1.0000e+00 -9.269e+01 0.1707889 0.000 0.0952579 0.0755311 
-0.00488460 0.01152990 9.9997e-01 -9.275e+01 0.1708378 0.000 0.0952571 0.0755806 
-0.00488460 0.01202759 1.0001e+00 -9.283e+01 0.1708937 0.000 0.0953005 0.0755933 
-0.00488460 0.01252529 1.0000e+00 -9.299e+01 0.1710411 0.000 0.0953955 0.0756454 
-0.00488460 0.01302298 1.0001e+00 -9.315e+01 0.1712043 0.000 0.0954869 0.0757175 
-0.00488460 0.01352067 1.0000e+00 -9.339e+01 0.1714149 0.000 0.0957188 0.0756960 
-0.00488460 0.01401837 1.0001e+00 -9.365e+01 0.1716689 0.000 0.0958381 0.0758312 
-0.00513345 0.00207372 1.0000e+00 -1.022e+02 0.1783772 0.000 0.1003558 0.0780213 
-0.00513345 0.00257142 1.0000e+00 -1.013e+02 0.1776461 0.000 0.0998803 0.0777659 
-0.00513345 0.00306911 1.0000e+00 -1.004e+02 0.1768818 0.000 0.0996242 0.0772573 
-0.00513345 0.00356680 1.0001e+00 -9.957e+01 0.1763430 0.000 0.0988390 0.0775044 
-0.00513345 0.00406450 1.0001e+00 -9.879e+01 0.1756323 0.000 0.0986685 0.0769642 
-0.00513345 0.00456219 1.0000e+00 -9.806e+01 0.1750210 0.000 0.0982844 0.0767366 
-0.00513345 0.00505988 1.0001e+00 -9.736e+01 0.1744160 0.000 0.0979416 0.0764743 
-0.00513345 0.00555758 9.9998e-01 -9.676e+01 0.1740136 0.000 0.0973304 0.0766832 
-0.00513345 0.00605527 1.0001e+00 -9.614e+01 0.1735004 0.000 0.0970284 0.0764720 
-0.00513345 0.00655296 1.0000e+00 -9.564e+01 0.1730852 0.000 0.0968163 0.0762688 
-0.00513345 0.00705066 1.0000e+00 -9.515e+01 0.1726522 0.000 0.0966703 0.0759820 
-0.00513345 0.00754835 1.0001e+00 -9.470e+01 0.1722425 0.000 0.0965276 0.0757149 
-0.00513345 0.00804604 1.0001e+00 -9.432e+01 0.1719596 0.000 0.0963122 0.0756475 
-0.00513345 0.00854374 1.0002e+00 -9.400e+01 0.1717583 0.000 0.0960623 0.0756959 
-0.00513345 0.00904143 1.0001e+00 -9.374e+01 0.1716105 0.000 0.0958401 0.0757705 
-0.00513345 0.00953912 1.0000e+00 -9.352e+01 0.1714421 0.000 0.0958500 0.0755920 
-0.00513345 0.01003682 1.0001e+00 -9.335e+01 0.1713891 0.000 0.0956335 0.0757554 
-0.00513345 0.01053451 1.0000e+00 -9.324e+01 0.1713053 0.000 0.0956074 0.0756979 
-0.00513345 0.01103221 1.0001e+00 -9.316e+01 0.1712424 0.000 0.0955790 0.0756633 
-0.00513345 0.01152990 1.0001e+00 -9.314e+01 0.1712169 0.000 0.0955673 0.0756496 
-0.00239613 0.00356680 1.0001e+00 -9.376e+01 0.1714525 0.000 0.0957506 0.0757019 
-0.00239613 0.00406450 1.0001e+00 -9.384e+01 0.1714963 0.000 0.0957842 0.0757120 
-0.00239613 0.00456219 1.0000e+00 -9.398e+01 0.1716110 0.000 0.0958650 0.0757458 
-0.00239613 0.00505988 1.0000e+00 -9.416e+01 0.1716842 0.000 0.0961167 0.0755674 
-0.00513345 0.01202759 1.0001e+00 -9.315e+01 0.1712469 0.000 0.0954926 0.0757543 
-0.00513345 0.01252529 1.0000e+00 -9.324e+01 0.1712946 0.000 0.0956349 0.0756595 
-0.00513345 0.01302298 1.0001e+00 -9.334e+01 0.1713830 0.000 0.0956998 0.0756834 
-0.00513345 0.01352067 1.0001e+00 -9.349e+01 0.1714920 0.000 0.0959357 0.0755563 
-0.00513345 0.01401837 1.0000e+00 -9.372e+01 0.1717547 0.000 0.0958868 0.0758679 
-0.00538229 0.00207372 1.0000e+00 -1.046e+02 0.1802875 0.000 0.1014435 0.0788442 
-0.00538229 0.00257142 1.0001e+00 -1.035e+02 0.1794457 0.000 0.1010090 0.0784368 
-0.00538229 0.00306911 1.0001e+00 -1.026e+02 0.1785792 0.000 0.1007572 0.0778221 
-0.00538229 0.00356680 1.0000e+00 -1.016e+02 0.1779230 0.000 0.1001001 0.0778228 
-0.00538229 0.00406450 1.0000e+00 -1.008e+02 0.1772140 0.000 0.0996969 0.0775170 
-0.00538229 0.00456219 1.0001e+00 -9.992e+01 0.1765900 0.000 0.0991547 0.0774353 
-0.00538229 0.00505988 1.0001e+00 -9.914e+01 0.1759288 0.000 0.0988197 0.0771090 
-0.00538229 0.00555758 1.0001e+00 -9.840e+01 0.1753047 0.000 0.0984593 0.0768452 
-0.00538229 0.00605527 1.0001e+00 -9.772e+01 0.1747388 0.000 0.0980987 0.0766403 
-0.00538229 0.00655296 1.0001e+00 -9.710e+01 0.1742912 0.000 0.0976364 0.0766549 
-0.00538229 0.00705066 1.0002e+00 -9.651e+01 0.1737971 0.000 0.0973700 0.0764272 
-0.00538229 0.00754835 1.0000e+00 -9.602e+01 0.1734557 0.000 0.0969798 0.0764756 
-0.00538229 0.00804604 1.0001e+00 -9.554e+01 0.1730521 0.000 0.0967293 0.0763227 
-0.00538229 0.00854374 1.0001e+00 -9.511e+01 0.1726273 0.000 0.0967361 0.0758913 
-0.00538229 0.00904143 1.0001e+00 -9.476e+01 0.1723744 0.000 0.0965090 0.0758658 
-0.00538229 0.00953912 1.0000e+00 -9.446e+01 0.1721261 0.000 0.0964733 0.0756528 
-0.00538229 0.01003682 1.0001e+00 -9.421e+01 0.1720303 0.000 0.0961909 0.0758393 
-0.00538229 0.01053451 1.0000e+00 -9.401e+01 0.1719330 0.000 0.0960625 0.0758707 
-0.00538229 0.01103221 1.0000e+00 -9.386e+01 0.1718282 0.000 0.0960062 0.0758220 
-0.00538229 0.01152990 1.0001e+00 -9.375e+01 0.1717450 0.000 0.0959817 0.0757634 
-0.00538229 0.01202759 1.0001e+00 -9.370e+01 0.1717057 0.000 0.0959769 0.0757289 
-0.00538229 0.01252529 1.0000e+00 -9.370e+01 0.1716994 0.000 0.0960241 0.0756755 
-0.00538229 0.01302298 1.0001e+00 -9.374e+01 0.1717353 0.000 0.0960326 0.0757029 
-0.00538229 0.01352067 1.0001e+00 -9.383e+01 0.1718181 0.000 0.0961277 0.0756904 
-0.00538229 0.01401837 1.0000e+00 -9.396e+01 0.1719594 0.000 0.0961696 0.0757897 
-0.00563114 0.00207372 1.0000e+00 -1.073e+02 0.1824121 0.000 0.1026757 0.0797362 
-0.00563114 0.00257142 9.9999e-01 -1.062e+02 0.1815171 0.000 0.1022292 0.0792880 
-0.00563114 0.00306911 1.0000e+00 -1.051e+02 0.1805670 0.000 0.1019379 0.0786291 
-0.00563114 0.00356680 1.0001e+00 -1.040e+02 0.1798198 0.000 0.1012556 0.0785641 
-0.00563114 0.00406450 1.0001e+00 -1.030e+02 0.1790402 0.000 0.1007497 0.0782903 
-0.00563114 0.00456219 1.0000e+00 -1.021e+02 0.1782916 0.000 0.1003252 0.0779663 
-0.00563114 0.00505988 1.0000e+00 -1.012e+02 0.1776230 0.000 0.0998074 0.0778154 
-0.00563114 0.00555758 1.0001e+00 -1.004e+02 0.1768850 0.000 0.0995240 0.0773610 
-0.00563114 0.00605527 9.9999e-01 -9.959e+01 0.1762647 0.000 0.0991135 0.0771509 
-0.00563114 0.00655296 1.0001e+00 -9.886e+01 0.1757002 0.000 0.0986713 0.0770290 
-0.00239613 0.00555758 1.0000e+00 -9.439e+01 0.1719397 0.000 0.0960993 0.0758405 
-0.00239613 0.00605527 1.0001e+00 -9.465e+01 0.1721252 0.000 0.0963160 0.0758095 
-0.00239613 0.00655296 1.0001e+00 -9.498e+01 0.1723787 0.000 0.0965256 0.0758533 
-0.00239613 0.00705066 1.0001e+00 -9.534e+01 0.1726771 0.000 0.0966784 0.0759987 
-0.00563114 0.00705066 1.0001e+00 -9.816e+01 0.1751307 0.000 0.0983489 0.0767817 
-0.00563114 0.00754835 1.0001e+00 -9.755e+01 0.1746244 0.000 0.0980741 0.0765503 
-0.00563114 0.00804604 1.0001e+00 -9.698e+01 0.1741925 0.000 0.0976815 0.0765112 
-0.00563114 0.00854374 1.0000e+00 -9.650e+01 0.1738165 0.000 0.0974072 0.0764092 
-0.00563114 0.00904143 1.0001e+00 -9.602e+01 0.1734755 0.000 0.0970504 0.0764248 
-0.00563114 0.00953912 1.0000e+00 -9.565e+01 0.1731482 0.000 0.0969762 0.0761719 
-0.00563114 0.01003682 1.0002e+00 -9.527e+01 0.1728469 0.000 0.0968540 0.0759929 
-0.00563114 0.01053451 1.0000e+00 -9.502e+01 0.1726906 0.000 0.0967271 0.0759633 
-0.00563114 0.01103221 1.0001e+00 -9.477e+01 0.1725257 0.000 0.0966392 0.0758864 
-0.00563114 0.01152990 1.0001e+00 -9.458e+01 0.1723866 0.000 0.0966213 0.0757652 
-0.00563114 0.01202759 1.0001e+00 -9.446e+01 0.1723080 0.000 0.0965871 0.0757207 
-0.00563114 0.01252529 1.0000e+00 -9.439e+01 0.1723243 0.000 0.0963854 0.0759389 
-0.00563114 0.01302298 1.0002e+00 -9.433e+01 0.1722777 0.000 0.0963717 0.0759058 
-0.00563114 0.01352067 1.0000e+00 -9.436e+01 0.1723113 0.000 0.0963737 0.0759376 
-0.00563114 0.01401837 1.0000e+00 -9.443e+01 0.1723750 0.000 0.0964374 0.0759376 
-0.00587999 0.00207372 1.0000e+00 -1.106e+02 0.1848066 0.000 0.1040376 0.0807686 
-0.00587999 0.00257142 1.0000e+00 -1.092e+02 0.1837983 0.000 0.1035410 0.0802574 
-0.00587999 0.00306911 1.0000e+00 -1.080e+02 0.1828920 0.000 0.1029148 0.0799771 
-0.00587999 0.00356680 1.0001e+00 -1.068e+02 0.1818955 0.000 0.1025643 0.0793310 
-0.00587999 0.00406450 1.0000e+00 -1.057e+02 0.1810451 0.000 0.1020696 0.0789755 
-0.00587999 0.00456219 9.9996e-01 -1.046e+02 0.1802701 0.000 0.1014593 0.0788107 
-0.00587999 0.00505988 1.0001e+00 -1.036e+02 0.1794005 0.000 0.1011577 0.0782428 
-0.00587999 0.00555758 1.0001e+00 -1.027e+02 0.1787474 0.000 0.1004644 0.0782831 
-0.00587999 0.00605527 1.0000e+00 -1.017e+02 0.1779732 0.000 0.1001825 0.0777905 
-0.00587999 0.00655296 1.0000e+00 -1.009e+02 0.1773693 0.000 0.0995816 0.0777877 
-0.00587999 0.00705066 1.0000e+00 -1.001e+02 0.1767220 0.000 0.0992576 0.0774645 
-0.00587999 0.00754835 1.0001e+00 -9.937e+01 0.1761023 0.000 0.0989228 0.0771795 
-0.00587999 0.00804604 1.0001e+00 -9.871e+01 0.1755858 0.000 0.0985846 0.0770011 
-0.00587999 0.00854374 1.0001e+00 -9.810e+01 0.1750684 0.000 0.0983276 0.0767408 
-0.00587999 0.00904143 1.0001e+00 -9.755e+01 0.1746124 0.000 0.0980549 0.0765576 
-0.00587999 0.00953912 1.0001e+00 -9.706e+01 0.1742884 0.000 0.0976648 0.0766236 
-0.00587999 0.01003682 1.0001e+00 -9.662e+01 0.1739460 0.000 0.0974353 0.0765105 
-0.00587999 0.01053451 1.0000e+00 -9.627e+01 0.1737242 0.000 0.0971842 0.0765399 
-0.00587999 0.01103221 1.0001e+00 -9.592e+01 0.1734363 0.000 0.0971524 0.0762838 
-0.00587999 0.01152990 1.0000e+00 -9.566e+01 0.1732665 0.000 0.0970366 0.0762301 
-0.00587999 0.01202759 1.0001e+00 -9.544e+01 0.1731142 0.000 0.0969565 0.0761576 
-0.00587999 0.01252529 1.0000e+00 -9.528e+01 0.1730164 0.000 0.0969170 0.0760992 
-0.00587999 0.01302298 1.0001e+00 -9.515e+01 0.1729198 0.000 0.0969096 0.0760102 
-0.00587999 0.01352067 1.0001e+00 -9.509e+01 0.1728787 0.000 0.0969162 0.0759626 
-0.00587999 0.01401837 1.0001e+00 -9.509e+01 0.1728915 0.000 0.0969393 0.0759523 
-0.00239613 0.00754835 1.0001e+00 -9.577e+01 0.1730312 0.000 0.0968708 0.0761605 
-0.00239613 0.00804604 1.0002e+00 -9.622e+01 0.1733896 0.000 0.0971672 0.0762223 
-0.00239613 0.00854374 1.0001e+00 -9.673e+01 0.1738593 0.000 0.0973275 0.0765319 
-0.00239613 0.00904143 1.0001e+00 -9.731e+01 0.1743313 0.000 0.0975748 0.0767566 
