-0.00214728 0.00207372 1.0000e+00 -7.469e+01 0.1487914 0.000 0.0823201 0.0664713 
-0.00214728 0.00257142 1.0001e+00 -7.472e+01 0.1487856 0.000 0.0823895 0.0663963 
-0.00214728 0.00306911 1.0001e+00 -7.481e+01 0.1488183 0.000 0.0825095 0.0663087 
-0.00214728 0.00356680 1.0001e+00 -7.495e+01 0.1489255 0.000 0.0825571 0.0663685 
-0.00612883 0.00207372 1.0000e+00 -9.082e+01 0.1615468 0.000 0.0900203 0.0715264 
-0.00612883 0.00257142 9.9999e-01 -8.940e+01 0.1604816 0.000 0.0894220 0.0710596 
-0.00612883 0.00306911 1.0000e+00 -8.801e+01 0.1593580 0.000 0.0889714 0.0703867 
-0.00612883 0.00356680 1.0000e+00 -8.671e+01 0.1583684 0.000 0.0884173 0.0699512 
-0.00612883 0.00406450 1.0000e+00 -8.546e+01 0.1574110 0.001 0.0878760 0.0695348 
-0.00612883 0.00456219 1.0000e+00 -8.430e+01 0.1565634 0.000 0.0872072 0.0693562 
-0.00612883 0.00505988 1.0000e+00 -8.319e+01 0.1556815 0.000 0.0867180 0.0689633 
-0.00612883 0.00555758 1.0000e+00 -8.213e+01 0.1547196 0.000 0.0865030 0.0682166 
-0.00612883 0.00605527 9.9999e-01 -8.118e+01 0.1541338 0.000 0.0856829 0.0684511 
-0.00612883 0.00655296 1.0001e+00 -8.025e+01 0.1533528 0.000 0.0853641 0.0679889 
-0.00612883 0.00705066 1.0001e+00 -7.941e+01 0.1527594 0.000 0.0847924 0.0679668 
-0.00612883 0.00754835 1.0001e+00 -7.862e+01 0.1520933 0.001 0.0845223 0.0675711 
-0.00612883 0.00804604 1.0001e+00 -7.790e+01 0.1515734 0.000 0.0840614 0.0675116 
-0.00612883 0.00854374 1.0001e+00 -7.725e+01 0.1510673 0.000 0.0837439 0.0673235 
-0.00612883 0.00904143 1.0000e+00 -7.666e+01 0.1505616 0.000 0.0835775 0.0669841 
-0.00612883 0.00953912 1.0001e+00 -7.611e+01 0.1501890 0.000 0.0831676 0.0670216 
-0.00612883 0.01003682 1.0000e+00 -7.565e+01 0.1497945 0.000 0.0830418 0.0667526 
-0.00612883 0.01053451 1.0001e+00 -7.522e+01 0.1494681 0.000 0.0827855 0.0666826 
-0.00612883 0.01103221 1.0000e+00 -7.486e+01 0.1492059 0.000 0.0825811 0.0666248 
-0.00612883 0.01152990 1.0000e+00 -7.455e+01 0.1489296 0.000 0.0825164 0.0664132 
-0.00612883 0.01202759 1.0001e+00 -7.428e+01 0.1487280 0.000 0.0823677 0.0663604 
-0.00612883 0.01252529 1.0001e+00 -7.408e+01 0.1485712 0.000 0.0822928 0.0662785 
-0.00612883 0.01302298 1.0001e+00 -7.391e+01 0.1484609 0.000 0.0821832 0.0662779 
-0.00612883 0.01352067 1.0000e+00 -7.382e+01 0.1484149 0.000 0.0821453 0.0662694 
-0.00612883 0.01401837 1.0000e+00 -7.375e+01 0.1484314 0.000 0.0820089 0.0664225 
-0.00239613 0.00953912 1.0001e+00 -7.859e+01 0.1518459 0.000 0.0843854 0.0674603 
-0.00239613 0.01003682 1.0001e+00 -7.927e+01 0.1523708 0.000 0.0847716 0.0675993 
-0.00239613 0.01053451 1.0001e+00 -7.998e+01 0.1529686 0.000 0.0850415 0.0679271 
-0.00239613 0.01103221 1.0000e+00 -8.075e+01 0.1535191 0.000 0.0855217 0.0679975 
-0.00239613 0.01152990 1.0000e+00 -8.156e+01 0.1541506 0.000 0.0859035 0.0682472 
-0.00239613 0.01202759 1.0001e+00 -8.238e+01 0.1548141 0.000 0.0862042 0.0686102 
-0.00239613 0.01252529 1.0000e+00 -8.326e+01 0.1554611 0.000 0.0867060 0.0687552 
-0.00239613 0.01302298 1.0000e+00 -8.416e+01 0.1561676 0.000 0.0870569 0.0691108 
-0.00239613 0.01352067 1.0000e+00 -8.506e+01 0.1568112 0.000 0.0875663 0.0692451 
-0.00239613 0.01401837 1.0000e+00 -8.602e+01 0.1575381 0.000 0.0879759 0.0695622 
-0.00264498 0.00207372 1.0000e+00 -7.348e+01 0.1477913 0.000 0.0817166 0.0660746 
-0.00264498 0.00257142 1.0000e+00 -7.339e+01 0.1476937 0.000 0.0816983 0.0659955 
-0.00264498 0.00306911 1.0001e+00 -7.333e+01 0.1476440 0.000 0.0816534 0.0659905 
-0.00264498 0.00356680 1.0000e+00 -7.332e+01 0.1476028 0.000 0.0817034 0.0658993 
-0.00264498 0.00406450 1.0000e+00 -7.335e+01 0.1476265 0.000 0.0817117 0.0659152 
-0.00264498 0.00456219 9.9998e-01 -7.344e+01 0.1476950 0.000 0.0817392 0.0659559 
-0.00264498 0.00505988 1.0001e+00 -7.356e+01 0.1477955 0.000 0.0817762 0.0660191 
-0.00264498 0.00555758 1.0000e+00 -7.375e+01 0.1479658 0.000 0.0818457 0.0661200 
-0.00264498 0.00605527 1.0001e+00 -7.398e+01 0.1481165 0.000 0.0820259 0.0660907 
-0.00264498 0.00655296 1.0000e+00 -7.426e+01 0.1483633 0.000 0.0821304 0.0662328 
-0.00264498 0.00705066 1.0001e+00 -7.455e+01 0.1485855 0.000 0.0823028 0.0662830 
-0.00264498 0.00754835 1.0000e+00 -7.495e+01 0.1489262 0.000 0.0824617 0.0664645 
-0.00264498 0.00804604 1.0001e+00 -7.535e+01 0.1492151 0.000 0.0827594 0.0664557 
-0.00264498 0.00854374 1.0001e+00 -7.582e+01 0.1496330 0.000 0.0829343 0.0666987 
-0.00264498 0.00904143 1.0001e+00 -7.633e+01 0.1500888 0.000 0.0831010 0.0669878 
-0.00264498 0.00953912 1.0000e+00 -7.689e+01 0.1505064 0.000 0.0834913 0.0670151 
-0.00264498 0.01003682 1.0000e+00 -7.749e+01 0.1510248 0.000 0.0837385 0.0672865 
-0.00264498 0.01053451 1.0001e+00 -7.812e+01 0.1515039 0.000 0.0841312 0.0673727 
-0.00264498 0.01103221 1.0000e+00 -7.880e+01 0.1520014 0.000 0.0845726 0.0674288 
-0.00264498 0.01152990 1.0000e+00 -7.953e+01 0.1525910 0.000 0.0848817 0.0677094 
-0.00264498 0.01202759 1.0001e+00 -8.026e+01 0.1531909 0.000 0.0851380 0.0680531 
-0.00264498 0.01252529 1.0000e+00 -8.105e+01 0.1537739 0.000 0.0856296 0.0681442 
-0.00264498 0.01302298 1.0000e+00 -8.187e+01 0.1544280 0.000 0.0859741 0.0684538 
-0.00264498 0.01352067 1.0001e+00 -8.269e+01 0.1550136 0.001 0.0864659 0.0685477 
-0.00264498 0.01401837 1.0001e+00 -8.356e+01 0.1557014 0.000 0.0868050 0.0688963 
-0.00289383 0.00207372 9.9996e-01 -7.320e+01 0.1475352 0.000 0.0815963 0.0659390 
-0.00289383 0.00257142 1.0001e+00 -7.301e+01 0.1473832 0.000 0.0814781 0.0659053 
-0.00289383 0.00306911 1.0001e+00 -7.289e+01 0.1472688 0.000 0.0814236 0.0658450 
-0.00289383 0.00356680 1.0001e+00 -7.279e+01 0.1471298 0.000 0.0815029 0.0656267 
-0.00289383 0.00406450 1.0001e+00 -7.277e+01 0.1471753 0.000 0.0813092 0.0658663 
-0.00214728 0.00406450 1.0001e+00 -7.515e+01 0.1490849 0.000 0.0826540 0.0664309 
-0.00214728 0.00456219 1.0001e+00 -7.539e+01 0.1493279 0.000 0.0826447 0.0666835 
-0.00214728 0.00505988 1.0001e+00 -7.568e+01 0.1495659 0.000 0.0827747 0.0667910 
-0.00214728 0.00555758 1.0001e+00 -7.603e+01 0.1498015 0.000 0.0830447 0.0667569 
-0.00289383 0.00456219 1.0001e+00 -7.278e+01 0.1471789 0.000 0.0813103 0.0658685 
-0.00289383 0.00505988 1.0001e+00 -7.283e+01 0.1472205 0.000 0.0813322 0.0658884 
-0.00289383 0.00555758 1.0001e+00 -7.293e+01 0.1473001 0.000 0.0813815 0.0659185 
-0.00289383 0.00605527 1.0001e+00 -7.308e+01 0.1474187 0.000 0.0814541 0.0659647 
-0.00289383 0.00655296 1.0001e+00 -7.327e+01 0.1475406 0.000 0.0816227 0.0659178 
-0.00289383 0.00705066 1.0001e+00 -7.352e+01 0.1477257 0.000 0.0817943 0.0659316 
-0.00289383 0.00754835 1.0000e+00 -7.382e+01 0.1479726 0.000 0.0819402 0.0660325 
-0.00289383 0.00804604 1.0001e+00 -7.414e+01 0.1482568 0.000 0.0820696 0.0661873 
-0.00289383 0.00854374 9.9994e-01 -7.455e+01 0.1486112 0.000 0.0822692 0.0663420 
-0.00289383 0.00904143 1.0001e+00 -7.497e+01 0.1489507 0.000 0.0824759 0.0664748 
-0.00289383 0.00953912 1.0001e+00 -7.543e+01 0.1493047 0.000 0.0828017 0.0665030 
-0.00289383 0.01003682 1.0001e+00 -7.594e+01 0.1497468 0.000 0.0830238 0.0667229 
-0.00289383 0.01053451 1.0000e+00 -7.651e+01 0.1502025 0.000 0.0833425 0.0668601 
-0.00289383 0.01103221 1.0000e+00 -7.712e+01 0.1507144 0.000 0.0836191 0.0670955 
-0.00289383 0.01152990 1.0000e+00 -7.776e+01 0.1512570 0.000 0.0838726 0.0673846 
-0.00289383 0.01202759 1.0000e+00 -7.842e+01 0.1517534 0.000 0.0842801 0.0674731 
-0.00289383 0.01252529 1.0000e+00 -7.912e+01 0.1522791 0.000 0.0846883 0.0675908 
-0.00289383 0.01302298 1.0001e+00 -7.986e+01 0.1528844 0.000 0.0849843 0.0679003 
-0.00289383 0.01352067 1.0000e+00 -8.063e+01 0.1534784 0.000 0.0853984 0.0680799 
-0.00289383 0.01401837 1.0001e+00 -8.142e+01 0.1540976 0.000 0.0857494 0.0683479 
-0.00314267 0.00207372 1.0001e+00 -7.309e+01 0.1474552 0.000 0.0814982 0.0659570 
-0.00314267 0.00257142 1.0001e+00 -7.284e+01 0.1472156 0.000 0.0814226 0.0657931 
-0.00314267 0.00306911 9.9996e-01 -7.266e+01 0.1471061 0.000 0.0812257 0.0658805 
-0.00314267 0.00356680 1.0001e+00 -7.249e+01 0.1469548 0.000 0.0811542 0.0658006 
-0.00314267 0.00406450 1.0000e+00 -7.239e+01 0.1468552 0.000 0.0811234 0.0657318 
-0.00314267 0.00456219 1.0000e+00 -7.233e+01 0.1467994 0.000 0.0811062 0.0656930 
-0.00314267 0.00505988 1.0001e+00 -7.230e+01 0.1467641 0.000 0.0810891 0.0656752 
-0.00314267 0.00555758 1.0001e+00 -7.233e+01 0.1467821 0.000 0.0811023 0.0656799 
-0.00314267 0.00605527 1.0001e+00 -7.240e+01 0.1468399 0.000 0.0811493 0.0656904 
-0.00314267 0.00655296 9.9999e-01 -7.254e+01 0.1469614 0.000 0.0812040 0.0657576 
-0.00314267 0.00705066 1.0000e+00 -7.271e+01 0.1470970 0.000 0.0812963 0.0658007 
-0.00314267 0.00754835 1.0000e+00 -7.291e+01 0.1472743 0.000 0.0813825 0.0658916 
-0.00314267 0.00804604 1.0001e+00 -7.317e+01 0.1474956 0.000 0.0815076 0.0659880 
-0.00314267 0.00854374 1.0001e+00 -7.348e+01 0.1477603 0.000 0.0816462 0.0661140 
-0.00314267 0.00904143 1.0000e+00 -7.384e+01 0.1480217 0.000 0.0819608 0.0660608 
-0.00314267 0.00953912 1.0000e+00 -7.424e+01 0.1483784 0.000 0.0821157 0.0662627 
-0.00314267 0.01003682 1.0001e+00 -7.465e+01 0.1487317 0.000 0.0823238 0.0664079 
-0.00314267 0.01053451 1.0001e+00 -7.514e+01 0.1491323 0.000 0.0825814 0.0665509 
-0.00314267 0.01103221 1.0001e+00 -7.567e+01 0.1495838 0.000 0.0828205 0.0667633 
-0.00314267 0.01152990 1.0001e+00 -7.623e+01 0.1500202 0.000 0.0831883 0.0668317 
-0.00214728 0.00605527 1.0001e+00 -7.642e+01 0.1501229 0.000 0.0832265 0.0668963 
-0.00214728 0.00655296 1.0001e+00 -7.686e+01 0.1504699 0.000 0.0834343 0.0670356 
-0.00214728 0.00705066 1.0000e+00 -7.737e+01 0.1508954 0.000 0.0836603 0.0672351 
-0.00214728 0.00754835 1.0000e+00 -7.791e+01 0.1512592 0.000 0.0840991 0.0671602 
-0.00314267 0.01202759 1.0000e+00 -7.683e+01 0.1505185 0.000 0.0834823 0.0670363 
-0.00314267 0.01252529 1.0001e+00 -7.747e+01 0.1510288 0.000 0.0837922 0.0672366 
-0.00314267 0.01302298 1.0001e+00 -7.812e+01 0.1515082 0.000 0.0842197 0.0672886 
-0.00314267 0.01352067 1.0001e+00 -7.880e+01 0.1520617 0.000 0.0845285 0.0675331 
-0.00314267 0.01401837 1.0001e+00 -7.954e+01 0.1526432 0.000 0.0849068 0.0677364 
-0.00339152 0.00207372 1.0001e+00 -7.319e+01 0.1475187 0.000 0.0815832 0.0659355 
-0.00339152 0.00257142 1.0000e+00 -7.289e+01 0.1472547 0.000 0.0814563 0.0657985 
-0.00339152 0.00306911 1.0001e+00 -7.262e+01 0.1470193 0.000 0.0813187 0.0657009 
-0.00339152 0.00356680 1.0000e+00 -7.239e+01 0.1468678 0.000 0.0811106 0.0657569 
-0.00339152 0.00406450 1.0000e+00 -7.222e+01 0.1467162 0.000 0.0810394 0.0656766 
-0.00339152 0.00456219 1.0000e+00 -7.207e+01 0.1465832 0.000 0.0809690 0.0656143 
-0.00339152 0.00505988 1.0001e+00 -7.199e+01 0.1465065 0.000 0.0809421 0.0655642 
-0.00339152 0.00555758 1.0000e+00 -7.195e+01 0.1464677 0.000 0.0809268 0.0655411 
-0.00339152 0.00605527 1.0001e+00 -7.194e+01 0.1464457 0.000 0.0809339 0.0655119 
-0.00339152 0.00655296 1.0000e+00 -7.200e+01 0.1465581 0.000 0.0808212 0.0657368 
-0.00339152 0.00705066 1.0001e+00 -7.208e+01 0.1465994 0.000 0.0809125 0.0656873 
-0.00339152 0.00754835 1.0001e+00 -7.221e+01 0.1466741 0.000 0.0810733 0.0656006 
-0.00339152 0.00804604 1.0001e+00 -7.242e+01 0.1468524 0.000 0.0811661 0.0656862 
-0.00339152 0.00854374 1.0001e+00 -7.264e+01 0.1470491 0.000 0.0812640 0.0657853 
-0.00339152 0.00904143 1.0002e+00 -7.292e+01 0.1472913 0.000 0.0814026 0.0658888 
-0.00339152 0.00953912 1.0000e+00 -7.326e+01 0.1475997 0.000 0.0815664 0.0660334 
-0.00339152 0.01003682 1.0000e+00 -7.361e+01 0.1478232 0.000 0.0819379 0.0658852 
-0.00339152 0.01053451 9.9999e-01 -7.403e+01 0.1482124 0.000 0.0820753 0.0661371 
-0.00339152 0.01103221 1.0001e+00 -7.446e+01 0.1486101 0.000 0.0822251 0.0663851 
-0.00339152 0.01152990 1.0000e+00 -7.496e+01 0.1489911 0.000 0.0825768 0.0664143 
-0.00339152 0.01202759 1.0000e+00 -7.548e+01 0.1494319 0.000 0.0828465 0.0665857 
-0.00339152 0.01252529 1.0000e+00 -7.604e+01 0.1499030 0.000 0.0831120 0.0667912 
-0.00339152 0.01302298 1.0001e+00 -7.663e+01 0.1503729 0.000 0.0834005 0.0669722 
-0.00339152 0.01352067 1.0001e+00 -7.724e+01 0.1508757 0.000 0.0836800 0.0671959 
-0.00339152 0.01401837 1.0001e+00 -7.791e+01 0.1514144 0.000 0.0840000 0.0674140 
-0.00364037 0.00207372 1.0001e+00 -7.351e+01 0.1478230 0.000 0.0817218 0.0661012 
-0.00364037 0.00257142 1.0001e+00 -7.312e+01 0.1474710 0.000 0.0815445 0.0659267 
-0.00364037 0.00306911 1.0001e+00 -7.279e+01 0.1471904 0.000 0.0813735 0.0658171 
-0.00364037 0.00356680 1.0000e+00 -7.250e+01 0.1469735 0.000 0.0811474 0.0658260 
-0.00364037 0.00406450 1.0001e+00 -7.223e+01 0.1467334 0.000 0.0810345 0.0656989 
-0.00364037 0.00456219 1.0001e+00 -7.204e+01 0.1465615 0.000 0.0809510 0.0656105 
-0.00364037 0.00505988 1.0001e+00 -7.186e+01 0.1464017 0.000 0.0808819 0.0655197 
-0.00364037 0.00555758 1.0001e+00 -7.175e+01 0.1463201 0.000 0.0807709 0.0655493 
-0.00364037 0.00605527 1.0001e+00 -7.169e+01 0.1462595 0.000 0.0807456 0.0655138 
-0.00364037 0.00655296 1.0001e+00 -7.167e+01 0.1462738 0.000 0.0806700 0.0656038 
-0.00214728 0.00804604 1.0000e+00 -7.850e+01 0.1517540 0.000 0.0843587 0.0673953 
-0.00214728 0.00854374 1.0000e+00 -7.913e+01 0.1522491 0.000 0.0846943 0.0675547 
-0.00214728 0.00904143 1.0000e+00 -7.982e+01 0.1528110 0.000 0.0849827 0.0678283 
-0.00214728 0.00953912 1.0001e+00 -8.055e+01 0.1533734 0.001 0.0853863 0.0679871 
-0.00364037 0.00705066 1.0001e+00 -7.167e+01 0.1462604 0.000 0.0807066 0.0655538 
-0.00364037 0.00754835 1.0000e+00 -7.176e+01 0.1463323 0.000 0.0807643 0.0655680 
-0.00364037 0.00804604 1.0001e+00 -7.186e+01 0.1464367 0.000 0.0807549 0.0656818 
-0.00364037 0.00854374 1.0000e+00 -7.204e+01 0.1465931 0.000 0.0808514 0.0657418 
-0.00364037 0.00904143 1.0001e+00 -7.224e+01 0.1467697 0.000 0.0809641 0.0658056 
-0.00364037 0.00953912 1.0001e+00 -7.248e+01 0.1469381 0.000 0.0812146 0.0657234 
-0.00364037 0.01003682 1.0000e+00 -7.278e+01 0.1472025 0.000 0.0813700 0.0658325 
-0.00364037 0.01053451 1.0000e+00 -7.312e+01 0.1475059 0.000 0.0815386 0.0659676 
-0.00364037 0.01103221 1.0001e+00 -7.348e+01 0.1478320 0.000 0.0816994 0.0661325 
-0.00364037 0.01152990 1.0001e+00 -7.390e+01 0.1481315 0.000 0.0820450 0.0660867 
-0.00364037 0.01202759 1.0001e+00 -7.436e+01 0.1485466 0.000 0.0822267 0.0663199 
-0.00364037 0.01252529 1.0001e+00 -7.484e+01 0.1489437 0.000 0.0824690 0.0664745 
-0.00364037 0.01302298 1.0001e+00 -7.536e+01 0.1493849 0.000 0.0827246 0.0666602 
-0.00364037 0.01352067 1.0001e+00 -7.593e+01 0.1498246 0.000 0.0830986 0.0667258 
-0.00364037 0.01401837 1.0000e+00 -7.652e+01 0.1502941 0.000 0.0834136 0.0668805 
-0.00388921 0.00207372 1.0001e+00 -7.403e+01 0.1482543 0.000 0.0820946 0.0661598 
-0.00388921 0.00257142 1.0001e+00 -7.357e+01 0.1478857 0.000 0.0817735 0.0661122 
-0.00388921 0.00306911 1.0000e+00 -7.317e+01 0.1475238 0.000 0.0815954 0.0659283 
-0.00388921 0.00356680 1.0000e+00 -7.281e+01 0.1472242 0.000 0.0813949 0.0658291 
-0.00388921 0.00406450 1.0000e+00 -7.249e+01 0.1469826 0.000 0.0811493 0.0658333 
-0.00388921 0.00456219 1.0001e+00 -7.219e+01 0.1467188 0.000 0.0810185 0.0657005 
-0.00388921 0.00505988 1.0001e+00 -7.195e+01 0.1464980 0.000 0.0809209 0.0655774 
-0.00388921 0.00555758 1.0001e+00 -7.177e+01 0.1463010 0.000 0.0809185 0.0653824 
-0.00388921 0.00605527 1.0001e+00 -7.164e+01 0.1462716 0.000 0.0806377 0.0656338 
-0.00388921 0.00655296 1.0000e+00 -7.155e+01 0.1461914 0.000 0.0805992 0.0655923 
-0.00388921 0.00705066 1.0000e+00 -7.150e+01 0.1461444 0.000 0.0805844 0.0655600 
-0.00388921 0.00754835 1.0001e+00 -7.148e+01 0.1461155 0.000 0.0805863 0.0655293 
-0.00388921 0.00804604 1.0001e+00 -7.152e+01 0.1461487 0.000 0.0806032 0.0655451 
-0.00388921 0.00854374 1.0000e+00 -7.162e+01 0.1462404 0.000 0.0806559 0.0655845 
-0.00388921 0.00904143 1.0001e+00 -7.174e+01 0.1462961 0.000 0.0808279 0.0654682 
-0.00388921 0.00953912 1.0001e+00 -7.192e+01 0.1465138 0.000 0.0808105 0.0657033 
-0.00388921 0.01003682 9.9999e-01 -7.216e+01 0.1467324 0.000 0.0809391 0.0657938 
-0.00388921 0.01053451 1.0001e+00 -7.240e+01 0.1468682 0.000 0.0812872 0.0655809 
-0.00388921 0.01103221 1.0001e+00 -7.272e+01 0.1471853 0.000 0.0813657 0.0658194 
-0.00388921 0.01152990 1.0000e+00 -7.308e+01 0.1475105 0.000 0.0815274 0.0659831 
-0.00388921 0.01202759 1.0000e+00 -7.347e+01 0.1478534 0.000 0.0817112 0.0661424 
-0.00388921 0.01252529 1.0001e+00 -7.388e+01 0.1481845 0.000 0.0819859 0.0661988 
-0.00388921 0.01302298 1.0001e+00 -7.433e+01 0.1485419 0.000 0.0822606 0.0662814 
-0.00388921 0.01352067 1.0000e+00 -7.484e+01 0.1489999 0.000 0.0824739 0.0665260 
-0.00388921 0.01401837 1.0001e+00 -7.534e+01 0.1493832 0.000 0.0827842 0.0665993 
-0.00214728 0.01003682 1.0001e+00 -8.133e+01 0.1539957 0.000 0.0857446 0.0682511 
-0.00214728 0.01053451 1.0001e+00 -8.212e+01 0.1546086 0.000 0.0861100 0.0684985 
-0.00214728 0.01103221 1.0000e+00 -8.301e+01 0.1552658 0.001 0.0865856 0.0686803 
-0.00214728 0.01152990 1.0001e+00 -8.387e+01 0.1559371 0.000 0.0869410 0.0689960 
-0.00413806 0.00207372 1.0000e+00 -7.477e+01 0.1488994 0.000 0.0825171 0.0663823 
-0.00413806 0.00257142 1.0001e+00 -7.424e+01 0.1484968 0.000 0.0820772 0.0664195 
-0.00413806 0.00306911 1.0001e+00 -7.376e+01 0.1480523 0.000 0.0819055 0.0661467 
-0.00413806 0.00356680 1.0000e+00 -7.332e+01 0.1476709 0.000 0.0816812 0.0659896 
-0.00413806 0.00406450 1.0001e+00 -7.292e+01 0.1473193 0.000 0.0814921 0.0658271 
-0.00413806 0.00456219 1.0001e+00 -7.256e+01 0.1470605 0.000 0.0811932 0.0658671 
-0.00413806 0.00505988 1.0001e+00 -7.226e+01 0.1467962 0.000 0.0810611 0.0657352 
-0.00413806 0.00555758 1.0001e+00 -7.199e+01 0.1465562 0.000 0.0809372 0.0656190 
-0.00413806 0.00605527 1.0000e+00 -7.179e+01 0.1464186 0.000 0.0807495 0.0656692 
-0.00413806 0.00655296 1.0001e+00 -7.161e+01 0.1462623 0.000 0.0806321 0.0656303 
-0.00413806 0.00705066 1.0001e+00 -7.149e+01 0.1461577 0.000 0.0805891 0.0655687 
-0.00413806 0.00754835 1.0000e+00 -7.143e+01 0.1460842 0.000 0.0806049 0.0654792 
-0.00413806 0.00804604 1.0000e+00 -7.139e+01 0.1460300 0.000 0.0806290 0.0654012 
-0.00413806 0.00854374 1.0000e+00 -7.141e+01 0.1460712 0.000 0.0805732 0.0654981 
-0.00413806 0.00904143 1.0001e+00 -7.147e+01 0.1461501 0.000 0.0805608 0.0655893 
-0.00413806 0.00953912 1.0000e+00 -7.159e+01 0.1462426 0.000 0.0806514 0.0655913 
-0.00413806 0.01003682 1.0001e+00 -7.172e+01 0.1463464 0.000 0.0807840 0.0655624 
-0.00413806 0.01053451 1.0000e+00 -7.193e+01 0.1465575 0.000 0.0808407 0.0657166 
-0.00413806 0.01103221 1.0001e+00 -7.216e+01 0.1467795 0.000 0.0809645 0.0658150 
-0.00413806 0.01152990 1.0001e+00 -7.244e+01 0.1470049 0.000 0.0811976 0.0658072 
-0.00413806 0.01202759 1.0001e+00 -7.276e+01 0.1472667 0.000 0.0814055 0.0658611 
-0.00413806 0.01252529 1.0001e+00 -7.312e+01 0.1475849 0.000 0.0815845 0.0660004 
-0.00413806 0.01302298 1.0000e+00 -7.352e+01 0.1479489 0.000 0.0817633 0.0661856 
-0.00413806 0.01352067 9.9998e-01 -7.395e+01 0.1482664 0.000 0.0821089 0.0661574 
-0.00413806 0.01401837 1.0000e+00 -7.441e+01 0.1486578 0.000 0.0823145 0.0663437 
-0.00438691 0.00207372 1.0001e+00 -7.575e+01 0.1497889 0.000 0.0828826 0.0669063 
-0.00438691 0.00257142 1.0000e+00 -7.515e+01 0.1492573 0.000 0.0826158 0.0666416 
-0.00438691 0.00306911 9.9999e-01 -7.458e+01 0.1487252 0.000 0.0824163 0.0663090 
-0.00438691 0.00356680 1.0001e+00 -7.405e+01 0.1483302 0.000 0.0819983 0.0663317 
-0.00438691 0.00406450 1.0001e+00 -7.358e+01 0.1479084 0.000 0.0818119 0.0660965 
-0.00438691 0.00456219 1.0001e+00 -7.315e+01 0.1475376 0.000 0.0815867 0.0659510 
-0.00438691 0.00505988 1.0000e+00 -7.278e+01 0.1472363 0.000 0.0813785 0.0658578 
-0.00438691 0.00555758 1.0000e+00 -7.243e+01 0.1469656 0.000 0.0811438 0.0658218 
-0.00438691 0.00605527 9.9996e-01 -7.216e+01 0.1467201 0.000 0.0810329 0.0656869 
-0.00438691 0.00655296 1.0001e+00 -7.190e+01 0.1464655 0.000 0.0809795 0.0654860 
-0.00438691 0.00705066 1.0001e+00 -7.170e+01 0.1462820 0.000 0.0808997 0.0653824 
-0.00438691 0.00754835 1.0000e+00 -7.156e+01 0.1462397 0.000 0.0806333 0.0656061 
-0.00438691 0.00804604 1.0000e+00 -7.146e+01 0.1461518 0.000 0.0805905 0.0655615 
-0.00438691 0.00854374 1.0000e+00 -7.141e+01 0.1461046 0.000 0.0805654 0.0655391 
-0.00438691 0.00904143 9.9998e-01 -7.141e+01 0.1460810 0.000 0.0806208 0.0654603 
-0.00214728 0.01202759 1.0000e+00 -8.482e+01 0.1566342 0.000 0.0874679 0.0691664 
-0.00214728 0.01252529 1.0000e+00 -8.577e+01 0.1573467 0.000 0.0878699 0.0694769 
-0.00214728 0.01302298 1.0000e+00 -8.674e+01 0.1580727 0.000 0.0883246 0.0697483 
-0.00214728 0.01352067 1.0001e+00 -8.775e+01 0.1588089 0.000 0.0888072 0.0700016 
-0.00438691 0.00953912 1.0000e+00 -7.143e+01 0.1461227 0.000 0.0806000 0.0655224 
-0.00438691 0.01003682 1.0000e+00 -7.152e+01 0.1461856 0.000 0.0807046 0.0654809 
-0.00438691 0.01053451 1.0000e+00 -7.165e+01 0.1463329 0.000 0.0807320 0.0656009 
-0.00438691 0.01103221 9.9998e-01 -7.182e+01 0.1464896 0.000 0.0808483 0.0656412 
-0.00438691 0.01152990 1.0001e+00 -7.202e+01 0.1466974 0.000 0.0809239 0.0657734 
-0.00438691 0.01202759 1.0001e+00 -7.228e+01 0.1469359 0.000 0.0810559 0.0658802 
-0.00438691 0.01252529 1.0000e+00 -7.258e+01 0.1471777 0.000 0.0812891 0.0658886 
-0.00438691 0.01302298 1.0001e+00 -7.289e+01 0.1474404 0.000 0.0814886 0.0659517 
-0.00438691 0.01352067 1.0001e+00 -7.326e+01 0.1477581 0.000 0.0816687 0.0660890 
-0.00438691 0.01401837 1.0000e+00 -7.367e+01 0.1481185 0.000 0.0818713 0.0662473 
-0.00463575 0.00207372 1.0000e+00 -7.697e+01 0.1507495 0.000 0.0836394 0.0671101 
-0.00463575 0.00257142 1.0001e+00 -7.626e+01 0.1501645 0.000 0.0832587 0.0669057 
-0.00463575 0.00306911 1.0001e+00 -7.563e+01 0.1496535 0.000 0.0828657 0.0667877 
-0.00463575 0.00356680 1.0001e+00 -7.501e+01 0.1491423 0.000 0.0825116 0.0666305 
-0.00463575 0.00406450 1.0001e+00 -7.447e+01 0.1486902 0.000 0.0822245 0.0664656 
-0.00463575 0.00456219 1.0001e+00 -7.396e+01 0.1482589 0.000 0.0819757 0.0662831 
-0.00463575 0.00505988 1.0001e+00 -7.350e+01 0.1478510 0.000 0.0817616 0.0660894 
-0.00463575 0.00555758 1.0001e+00 -7.308e+01 0.1475012 0.000 0.0815473 0.0659538 
-0.00463575 0.00605527 1.0000e+00 -7.272e+01 0.1472339 0.000 0.0812830 0.0659509 
-0.00463575 0.00655296 1.0001e+00 -7.239e+01 0.1469452 0.000 0.0811457 0.0657995 
-0.00463575 0.00705066 1.0001e+00 -7.211e+01 0.1466951 0.000 0.0810433 0.0656518 
-0.00463575 0.00754835 1.0001e+00 -7.189e+01 0.1464798 0.000 0.0810003 0.0654794 
-0.00463575 0.00804604 1.0000e+00 -7.173e+01 0.1464145 0.000 0.0807344 0.0656799 
-0.00463575 0.00854374 1.0000e+00 -7.161e+01 0.1462990 0.000 0.0807149 0.0655839 
-0.00463575 0.00904143 1.0001e+00 -7.152e+01 0.1462026 0.000 0.0806978 0.0655046 
-0.00463575 0.00953912 1.0000e+00 -7.149e+01 0.1462041 0.000 0.0806345 0.0655694 
-0.00463575 0.01003682 1.0000e+00 -7.150e+01 0.1462046 0.000 0.0806892 0.0655154 
-0.00463575 0.01053451 1.0001e+00 -7.155e+01 0.1462715 0.000 0.0806701 0.0656014 
-0.00463575 0.01103221 1.0000e+00 -7.166e+01 0.1463888 0.000 0.0807449 0.0656439 
-0.00463575 0.01152990 1.0000e+00 -7.181e+01 0.1465304 0.000 0.0808412 0.0656895 
-0.00463575 0.01202759 1.0001e+00 -7.199e+01 0.1467126 0.000 0.0809305 0.0657823 
-0.00463575 0.01252529 1.0000e+00 -7.222e+01 0.1469294 0.000 0.0810506 0.0658787 
-0.00463575 0.01302298 1.0000e+00 -7.247e+01 0.1470740 0.000 0.0814008 0.0656732 
-0.00463575 0.01352067 1.0001e+00 -7.278e+01 0.1473891 0.000 0.0814606 0.0659284 
-0.00463575 0.01401837 1.0001e+00 -7.311e+01 0.1476849 0.000 0.0816187 0.0660660 
-0.00488460 0.00207372 1.0000e+00 -7.844e+01 0.1519703 0.000 0.0843538 0.0676163 
-0.00488460 0.00257142 1.0001e+00 -7.766e+01 0.1513442 0.000 0.0838937 0.0674507 
-0.00488460 0.00306911 1.0001e+00 -7.692e+01 0.1506829 0.000 0.0836429 0.0670400 
-0.00488460 0.00356680 1.0001e+00 -7.623e+01 0.1501261 0.000 0.0832603 0.0668659 
-0.00488460 0.00406450 9.9999e-01 -7.561e+01 0.1496183 0.000 0.0829042 0.0667139 
-0.00214728 0.01401837 1.0001e+00 -8.876e+01 0.1595093 0.000 0.0893599 0.0701497 
-0.00239613 0.00207372 1.0000e+00 -7.399e+01 0.1481974 0.000 0.0820036 0.0661937 
-0.00239613 0.00257142 1.0001e+00 -7.395e+01 0.1481698 0.000 0.0819544 0.0662152 
-0.00239613 0.00306911 1.0001e+00 -7.396e+01 0.1481402 0.000 0.0820411 0.0660990 
-0.00488460 0.00456219 1.0001e+00 -7.500e+01 0.1491564 0.000 0.0824801 0.0666762 
-0.00488460 0.00505988 1.0000e+00 -7.447e+01 0.1486834 0.000 0.0822622 0.0664213 
-0.00488460 0.00555758 1.0000e+00 -7.397e+01 0.1482465 0.000 0.0820656 0.0661810 
-0.00488460 0.00605527 1.0000e+00 -7.351e+01 0.1478846 0.000 0.0817800 0.0661048 
-0.00488460 0.00655296 1.0000e+00 -7.311e+01 0.1475509 0.000 0.0815894 0.0659615 
-0.00488460 0.00705066 9.9998e-01 -7.277e+01 0.1473085 0.000 0.0813211 0.0659873 
-0.00488460 0.00754835 1.0000e+00 -7.246e+01 0.1470321 0.000 0.0812145 0.0658177 
-0.00488460 0.00804604 1.0001e+00 -7.220e+01 0.1468055 0.000 0.0810865 0.0657190 
-0.00488460 0.00854374 1.0000e+00 -7.200e+01 0.1466489 0.000 0.0809572 0.0656914 
-0.00488460 0.00904143 1.0000e+00 -7.185e+01 0.1465160 0.000 0.0808969 0.0656194 
-0.00488460 0.00953912 1.0000e+00 -7.174e+01 0.1464612 0.000 0.0807650 0.0656963 
-0.00488460 0.01003682 1.0000e+00 -7.168e+01 0.1464115 0.000 0.0807267 0.0656846 
-0.00488460 0.01053451 1.0001e+00 -7.165e+01 0.1463676 0.000 0.0807764 0.0655913 
-0.00488460 0.01103221 1.0001e+00 -7.169e+01 0.1464312 0.000 0.0807727 0.0656586 
-0.00488460 0.01152990 1.0000e+00 -7.177e+01 0.1464993 0.000 0.0808601 0.0656389 
-0.00488460 0.01202759 1.0001e+00 -7.188e+01 0.1466205 0.000 0.0809300 0.0656906 
-0.00488460 0.01252529 1.0001e+00 -7.204e+01 0.1467823 0.000 0.0810208 0.0657613 
-0.00488460 0.01302298 1.0000e+00 -7.226e+01 0.1470123 0.000 0.0810953 0.0659173 
-0.00488460 0.01352067 1.0000e+00 -7.249e+01 0.1471878 0.000 0.0812966 0.0658911 
-0.00488460 0.01401837 1.0001e+00 -7.275e+01 0.1474244 0.000 0.0814282 0.0659964 
-0.00513345 0.00207372 1.0000e+00 -8.020e+01 0.1533789 0.000 0.0852393 0.0681397 
-0.00513345 0.00257142 1.0001e+00 -7.931e+01 0.1526142 0.000 0.0848733 0.0677410 
-0.00513345 0.00306911 1.0001e+00 -7.849e+01 0.1519940 0.000 0.0843367 0.0676575 
-0.00513345 0.00356680 1.0001e+00 -7.770e+01 0.1513636 0.000 0.0839162 0.0674474 
-0.00513345 0.00406450 1.0001e+00 -7.697e+01 0.1507358 0.000 0.0836101 0.0671256 
-0.00513345 0.00456219 1.0001e+00 -7.628e+01 0.1501595 0.000 0.0832775 0.0668822 
-0.00513345 0.00505988 1.0001e+00 -7.565e+01 0.1496897 0.000 0.0828519 0.0668376 
-0.00513345 0.00555758 1.0001e+00 -7.506e+01 0.1491583 0.000 0.0826559 0.0665025 
-0.00513345 0.00605527 1.0001e+00 -7.452e+01 0.1487388 0.000 0.0823013 0.0664373 
-0.00513345 0.00655296 1.0000e+00 -7.405e+01 0.1483676 0.000 0.0820462 0.0663215 
-0.00513345 0.00705066 1.0000e+00 -7.360e+01 0.1479866 0.000 0.0818586 0.0661281 
-0.00513345 0.00754835 1.0001e+00 -7.322e+01 0.1476735 0.000 0.0816661 0.0660075 
-0.00513345 0.00804604 9.9998e-01 -7.290e+01 0.1474436 0.000 0.0814258 0.0660174 
-0.00513345 0.00854374 1.0001e+00 -7.260e+01 0.1471888 0.000 0.0812969 0.0658920 
-0.00513345 0.00904143 1.0000e+00 -7.238e+01 0.1469966 0.000 0.0812014 0.0657953 
-0.00513345 0.00953912 1.0000e+00 -7.220e+01 0.1468565 0.000 0.0810667 0.0657899 
-0.00513345 0.01003682 1.0001e+00 -7.204e+01 0.1466749 0.000 0.0811134 0.0655612 
-0.00513345 0.01053451 1.0000e+00 -7.197e+01 0.1466242 0.000 0.0810648 0.0655596 
-0.00513345 0.01103221 1.0001e+00 -7.191e+01 0.1465620 0.000 0.0811067 0.0654550 
-0.00513345 0.01152990 1.0000e+00 -7.194e+01 0.1466862 0.000 0.0809117 0.0657745 
-0.00239613 0.00356680 1.0001e+00 -7.403e+01 0.1481910 0.000 0.0820636 0.0661275 
-0.00239613 0.00406450 1.0001e+00 -7.415e+01 0.1483033 0.000 0.0820679 0.0662353 
-0.00239613 0.00456219 1.0000e+00 -7.431e+01 0.1483937 0.000 0.0822262 0.0661672 
-0.00239613 0.00505988 1.0001e+00 -7.452e+01 0.1485678 0.000 0.0823043 0.0662632 
-0.00513345 0.01202759 1.0001e+00 -7.197e+01 0.1467110 0.000 0.0809784 0.0657326 
-0.00513345 0.01252529 1.0001e+00 -7.207e+01 0.1468424 0.000 0.0809972 0.0658451 
-0.00513345 0.01302298 1.0001e+00 -7.221e+01 0.1469799 0.000 0.0810732 0.0659068 
-0.00513345 0.01352067 1.0000e+00 -7.239e+01 0.1471232 0.000 0.0812589 0.0658642 
-0.00513345 0.01401837 1.0000e+00 -7.260e+01 0.1473461 0.000 0.0813299 0.0660163 
-0.00538229 0.00207372 1.0000e+00 -8.227e+01 0.1549872 0.000 0.0863136 0.0686737 
-0.00538229 0.00257142 1.0001e+00 -8.127e+01 0.1542190 0.000 0.0857557 0.0684635 
-0.00538229 0.00306911 1.0001e+00 -8.034e+01 0.1534510 0.000 0.0853546 0.0680963 
-0.00538229 0.00356680 1.0000e+00 -7.946e+01 0.1527070 0.000 0.0849870 0.0677202 
-0.00538229 0.00406450 1.0000e+00 -7.863e+01 0.1520947 0.000 0.0844213 0.0676733 
-0.00538229 0.00456219 1.0001e+00 -7.782e+01 0.1514461 0.000 0.0839769 0.0674691 
-0.00538229 0.00505988 1.0000e+00 -7.711e+01 0.1508828 0.000 0.0836141 0.0672687 
-0.00538229 0.00555758 1.0000e+00 -7.641e+01 0.1502675 0.000 0.0833759 0.0668916 
-0.00538229 0.00605527 1.0000e+00 -7.579e+01 0.1498220 0.000 0.0829418 0.0668801 
-0.00538229 0.00655296 1.0000e+00 -7.521e+01 0.1493236 0.000 0.0826943 0.0666293 
-0.00538229 0.00705066 1.0001e+00 -7.467e+01 0.1488675 0.000 0.0824488 0.0664186 
-0.00538229 0.00754835 1.0001e+00 -7.421e+01 0.1485247 0.000 0.0821477 0.0663767 
-0.00538229 0.00804604 1.0000e+00 -7.380e+01 0.1481803 0.000 0.0819787 0.0662019 
-0.00538229 0.00854374 1.0001e+00 -7.342e+01 0.1478615 0.000 0.0818043 0.0660574 
-0.00538229 0.00904143 1.0000e+00 -7.311e+01 0.1476078 0.000 0.0816698 0.0659382 
-0.00538229 0.00953912 1.0001e+00 -7.285e+01 0.1474291 0.000 0.0814354 0.0659936 
-0.00538229 0.01003682 1.0001e+00 -7.264e+01 0.1472498 0.000 0.0813540 0.0658959 
-0.00538229 0.01053451 1.0000e+00 -7.248e+01 0.1471130 0.000 0.0812854 0.0658277 
-0.00538229 0.01103221 1.0001e+00 -7.236e+01 0.1470346 0.000 0.0811767 0.0658578 
-0.00538229 0.01152990 1.0001e+00 -7.229e+01 0.1469837 0.000 0.0811545 0.0658292 
-0.00538229 0.01202759 1.0001e+00 -7.226e+01 0.1469779 0.000 0.0811548 0.0658231 
-0.00538229 0.01252529 1.0001e+00 -7.227e+01 0.1469652 0.000 0.0812965 0.0656687 
-0.00538229 0.01302298 1.0001e+00 -7.235e+01 0.1470964 0.000 0.0812317 0.0658645 
-0.00538229 0.01352067 1.0001e+00 -7.246e+01 0.1472498 0.000 0.0812237 0.0660263 
-0.00538229 0.01401837 1.0001e+00 -7.259e+01 0.1472974 0.000 0.0815231 0.0657745 
-0.00563114 0.00207372 1.0000e+00 -8.469e+01 0.1568888 0.000 0.0874455 0.0694432 
-0.00563114 0.00257142 1.0001e+00 -8.358e+01 0.1559825 0.000 0.0869853 0.0689971 
-0.00563114 0.00306911 1.0000e+00 -8.253e+01 0.1552032 0.000 0.0863724 0.0688308 
-0.00563114 0.00356680 1.0000e+00 -8.152e+01 0.1543911 0.000 0.0858930 0.0684981 
-0.00563114 0.00406450 1.0001e+00 -8.056e+01 0.1536359 0.000 0.0853902 0.0682458 
-0.00563114 0.00456219 1.0000e+00 -7.965e+01 0.1528404 0.000 0.0851379 0.0677024 
-0.00563114 0.00505988 1.0001e+00 -7.881e+01 0.1522463 0.000 0.0844922 0.0677538 
-0.00563114 0.00555758 1.0001e+00 -7.802e+01 0.1515681 0.000 0.0842158 0.0673523 
-0.00563114 0.00605527 1.0001e+00 -7.728e+01 0.1509907 0.000 0.0838224 0.0671681 
-0.00563114 0.00655296 1.0000e+00 -7.662e+01 0.1504631 0.000 0.0834911 0.0669720 
-0.00239613 0.00555758 1.0001e+00 -7.477e+01 0.1487806 0.000 0.0823983 0.0663823 
-0.00239613 0.00605527 1.0001e+00 -7.508e+01 0.1490061 0.000 0.0826157 0.0663903 
-0.00239613 0.00655296 1.0000e+00 -7.544e+01 0.1493034 0.000 0.0827880 0.0665154 
-0.00239613 0.00705066 1.0000e+00 -7.585e+01 0.1496574 0.000 0.0829430 0.0667145 
-0.00563114 0.00705066 1.0000e+00 -7.600e+01 0.1500181 0.000 0.0830447 0.0669733 
-0.00563114 0.00754835 1.0001e+00 -7.542e+01 0.1495153 0.000 0.0828249 0.0666903 
-0.00563114 0.00804604 1.0001e+00 -7.492e+01 0.1491439 0.000 0.0825045 0.0666393 
-0.00563114 0.00854374 1.0000e+00 -7.448e+01 0.1487555 0.000 0.0823793 0.0663763 
-0.00563114 0.00904143 1.0000e+00 -7.407e+01 0.1484457 0.000 0.0821176 0.0663280 
-0.00563114 0.00953912 1.0001e+00 -7.372e+01 0.1481589 0.000 0.0819559 0.0662030 
-0.00563114 0.01003682 1.0001e+00 -7.342e+01 0.1478989 0.000 0.0818413 0.0660577 
-0.00563114 0.01053451 1.0000e+00 -7.319e+01 0.1477628 0.000 0.0816060 0.0661571 
-0.00563114 0.01103221 1.0001e+00 -7.298e+01 0.1475790 0.000 0.0815262 0.0660527 
-0.00563114 0.01152990 1.0001e+00 -7.283e+01 0.1474675 0.000 0.0814701 0.0659975 
-0.00563114 0.01202759 1.0001e+00 -7.273e+01 0.1473976 0.000 0.0814425 0.0659551 
-0.00563114 0.01252529 1.0001e+00 -7.268e+01 0.1473732 0.000 0.0814314 0.0659417 
-0.00563114 0.01302298 1.0000e+00 -7.270e+01 0.1474249 0.000 0.0814120 0.0660130 
-0.00563114 0.01352067 1.0001e+00 -7.272e+01 0.1474526 0.000 0.0814881 0.0659646 
-0.00563114 0.01401837 1.0001e+00 -7.280e+01 0.1475204 0.000 0.0816156 0.0659047 
-0.00587999 0.00207372 1.0000e+00 -8.754e+01 0.1590628 0.000 0.0887078 0.0703548 
-0.00587999 0.00257142 1.0000e+00 -8.626e+01 0.1580538 0.000 0.0882066 0.0698472 
-0.00587999 0.00306911 1.0000e+00 -8.506e+01 0.1570951 0.001 0.0877685 0.0693266 
-0.00587999 0.00356680 9.9998e-01 -8.393e+01 0.1562811 0.000 0.0870808 0.0692003 
-0.00587999 0.00406450 1.0000e+00 -8.284e+01 0.1554334 0.000 0.0865079 0.0689254 
-0.00587999 0.00456219 1.0000e+00 -8.180e+01 0.1546159 0.000 0.0860037 0.0686120 
-0.00587999 0.00505988 1.0000e+00 -8.084e+01 0.1538347 0.000 0.0855769 0.0682579 
-0.00587999 0.00555758 1.0001e+00 -7.992e+01 0.1531326 0.000 0.0850630 0.0680697 
-0.00587999 0.00605527 1.0000e+00 -7.909e+01 0.1524833 0.000 0.0846358 0.0678475 
-0.00587999 0.00655296 1.0001e+00 -7.829e+01 0.1518021 0.000 0.0843633 0.0674388 
-0.00587999 0.00705066 9.9998e-01 -7.757e+01 0.1512447 0.000 0.0839802 0.0672643 
-0.00587999 0.00754835 1.0001e+00 -7.689e+01 0.1507184 0.000 0.0836025 0.0671157 
-0.00587999 0.00804604 1.0000e+00 -7.629e+01 0.1502863 0.000 0.0832031 0.0670834 
-0.00587999 0.00854374 1.0001e+00 -7.573e+01 0.1498031 0.000 0.0830040 0.0667991 
-0.00587999 0.00904143 1.0000e+00 -7.525e+01 0.1494182 0.000 0.0827990 0.0666190 
-0.00587999 0.00953912 1.0001e+00 -7.481e+01 0.1490978 0.000 0.0824831 0.0666147 
-0.00587999 0.01003682 1.0001e+00 -7.442e+01 0.1487497 0.000 0.0823973 0.0663523 
-0.00587999 0.01053451 1.0001e+00 -7.408e+01 0.1484991 0.000 0.0821896 0.0663094 
-0.00587999 0.01103221 1.0001e+00 -7.380e+01 0.1482810 0.000 0.0820528 0.0662282 
-0.00587999 0.01152990 1.0001e+00 -7.358e+01 0.1480962 0.000 0.0819770 0.0661193 
-0.00587999 0.01202759 1.0000e+00 -7.342e+01 0.1480269 0.000 0.0817757 0.0662515 
-0.00587999 0.01252529 1.0000e+00 -7.329e+01 0.1479384 0.000 0.0817237 0.0662146 
-0.00587999 0.01302298 1.0000e+00 -7.321e+01 0.1478847 0.000 0.0817146 0.0661702 
-0.00587999 0.01352067 1.0000e+00 -7.318e+01 0.1478811 0.000 0.0817126 0.0661683 
-0.00587999 0.01401837 1.0000e+00 -7.319e+01 0.1479227 0.000 0.0817349 0.0661879 
-0.00239613 0.00754835 1.0000e+00 -7.630e+01 0.1500264 0.000 0.0831538 0.0668724 
-0.00239613 0.00804604 1.0001e+00 -7.680e+01 0.1504471 0.000 0.0833786 0.0670684 
-0.00239613 0.00854374 1.0000e+00 -7.736e+01 0.1508775 0.000 0.0837156 0.0671621 
-0.00239613 0.00904143 1.0001e+00 -7.795e+01 0.1513503 0.000 0.0840237 0.0673264 
