-0.00119337 0.00248847 1.0196e+00 -1.083e+02 0.1799029 0.000 0.1024185 0.0774843 
-0.00119337 0.00273731 1.0224e+00 -1.080e+02 0.1798999 0.000 0.1016934 0.0782064 
-0.00119337 0.00298616 1.0242e+00 -1.080e+02 0.1799047 0.000 0.1016294 0.0782753 
-0.00119337 0.00323501 1.0253e+00 -1.081e+02 0.1799919 0.000 0.1016975 0.0782941 
-0.00119337 0.00348385 1.0274e+00 -1.081e+02 0.1799704 0.000 0.1016954 0.0782747 
-0.00119337 0.00373270 1.0297e+00 -1.081e+02 0.1799706 0.000 0.1016995 0.0782710 
-0.00368184 0.00746540 1.0087e+00 -1.083e+02 0.1799529 0.000 0.1017156 0.0782374 
-0.00368184 0.00771425 1.0082e+00 -1.083e+02 0.1799552 0.000 0.1017350 0.0782201 
-0.00368184 0.00796310 1.0077e+00 -1.083e+02 0.1799911 0.000 0.1017748 0.0782164 
-0.00368184 0.00821194 1.0082e+00 -1.081e+02 0.1799366 0.000 0.1017066 0.0782301 
-0.00368184 0.00846079 1.0086e+00 -1.081e+02 0.1799392 0.000 0.1016954 0.0782436 
-0.00368184 0.00870964 1.0089e+00 -1.080e+02 0.1799783 0.000 0.1017043 0.0782739 
-0.00368184 0.00895848 1.0100e+00 -1.079e+02 0.1799502 0.000 0.1016773 0.0782729 
-0.00368184 0.00920733 1.0106e+00 -1.079e+02 0.1797651 0.000 0.1025140 0.0772511 
-0.00368184 0.00945618 1.0125e+00 -1.077e+02 0.1797553 0.000 0.1022718 0.0774835 
-0.00380626 0.00248847 1.0915e+00 -1.084e+02 0.1799738 0.000 0.1021432 0.0778308 
-0.00380626 0.00273731 1.0849e+00 -1.085e+02 0.1799861 0.000 0.1021562 0.0778299 
-0.00380626 0.00298616 1.0784e+00 -1.086e+02 0.1799785 0.000 0.1021636 0.0778151 
-0.00380626 0.00323501 1.0722e+00 -1.086e+02 0.1799800 0.000 0.1022788 0.0777011 
-0.00380626 0.00348385 1.0661e+00 -1.087e+02 0.1799800 0.000 0.1024223 0.0775578 
-0.00380626 0.00373270 1.0608e+00 -1.087e+02 0.1799931 0.000 0.1019092 0.0780837 
-0.00380626 0.00398155 1.0551e+00 -1.088e+02 0.1799627 0.000 0.1019574 0.0780053 
-0.00380626 0.00423039 1.0499e+00 -1.088e+02 0.1799843 0.000 0.1019821 0.0780024 
-0.00380626 0.00447924 1.0455e+00 -1.087e+02 0.1799673 0.000 0.1018364 0.0781310 
-0.00380626 0.00472809 1.0407e+00 -1.087e+02 0.1799765 0.000 0.1020055 0.0779707 
-0.00380626 0.00497693 1.0359e+00 -1.088e+02 0.1799977 0.000 0.1020000 0.0779976 
-0.00380626 0.00522578 1.0324e+00 -1.087e+02 0.1799742 0.000 0.1018356 0.0781388 
-0.00380626 0.00547463 1.0291e+00 -1.086e+02 0.1799613 0.000 0.1017180 0.0782433 
-0.00380626 0.00572347 1.0258e+00 -1.086e+02 0.1799706 0.000 0.1017368 0.0782339 
-0.00380626 0.00597232 1.0229e+00 -1.085e+02 0.1799478 0.000 0.1017147 0.0782332 
-0.00380626 0.00622117 1.0202e+00 -1.085e+02 0.1799459 0.000 0.1017370 0.0782090 
-0.00380626 0.00647002 1.0175e+00 -1.085e+02 0.1799487 0.000 0.1017165 0.0782322 
-0.00380626 0.00671886 1.0155e+00 -1.085e+02 0.1799462 0.000 0.1017161 0.0782301 
-0.00380626 0.00696771 1.0133e+00 -1.085e+02 0.1797633 0.000 0.1023436 0.0774196 
-0.00380626 0.00721656 1.0116e+00 -1.085e+02 0.1797582 0.000 0.1024772 0.0772813 
-0.00380626 0.00746540 1.0103e+00 -1.085e+02 0.1797578 0.000 0.1025453 0.0772125 
-0.00380626 0.00771425 1.0093e+00 -1.084e+02 0.1797806 0.000 0.1025412 0.0772392 
-0.00380626 0.00796310 1.0095e+00 -1.082e+02 0.1799365 0.000 0.1016819 0.0782546 
-0.00380626 0.00821194 1.0090e+00 -1.082e+02 0.1799736 0.000 0.1017120 0.0782615 
-0.00380626 0.00846079 1.0092e+00 -1.081e+02 0.1799472 0.000 0.1016891 0.0782582 
-0.00380626 0.00870964 1.0092e+00 -1.081e+02 0.1799851 0.000 0.1016935 0.0782916 
-0.00380626 0.00895848 1.0093e+00 -1.081e+02 0.1797565 0.000 0.1025535 0.0772031 
-0.00380626 0.00920733 1.0115e+00 -1.078e+02 0.1798792 0.000 0.1016501 0.0782289 
-0.00380626 0.00945618 1.0112e+00 -1.079e+02 0.1797828 0.000 0.1024577 0.0773250 
-0.00393069 0.00248847 1.0999e+00 -1.084e+02 0.1799858 0.000 0.1024673 0.0775186 
-0.00393069 0.00273731 1.0935e+00 -1.085e+02 0.1799832 0.000 0.1025092 0.0774740 
-0.00393069 0.00298616 1.0871e+00 -1.085e+02 0.1799676 0.000 0.1018603 0.0781075 
-0.00393069 0.00323501 1.0808e+00 -1.085e+02 0.1799744 0.000 0.1021060 0.0778683 
-0.00393069 0.00348385 1.0744e+00 -1.086e+02 0.1799748 0.000 0.1021794 0.0777953 
-0.00393069 0.00373270 1.0683e+00 -1.087e+02 0.1799765 0.000 0.1021204 0.0778560 
-0.00393069 0.00398155 1.0629e+00 -1.087e+02 0.1799541 0.000 0.1022383 0.0777159 
-0.00393069 0.00423039 1.0569e+00 -1.088e+02 0.1799829 0.000 0.1019845 0.0779986 
-0.00393069 0.00447924 1.0518e+00 -1.088e+02 0.1799868 0.000 0.1019683 0.0780188 
-0.00393069 0.00472809 1.0470e+00 -1.088e+02 0.1799823 0.000 0.1019711 0.0780113 
-0.00393069 0.00497693 1.0432e+00 -1.087e+02 0.1799707 0.000 0.1018453 0.0781255 
-0.00393069 0.00522578 1.0387e+00 -1.087e+02 0.1799749 0.000 0.1019310 0.0780441 
-0.00393069 0.00547463 1.0339e+00 -1.088e+02 0.1799682 0.000 0.1021581 0.0778101 
-0.00393069 0.00572347 1.0308e+00 -1.087e+02 0.1799697 0.000 0.1018836 0.0780861 
-0.00393069 0.00597232 1.0272e+00 -1.087e+02 0.1799690 0.000 0.1020009 0.0779679 
-0.00393069 0.00622117 1.0247e+00 -1.086e+02 0.1798484 0.000 0.1020328 0.0778154 
-0.00393069 0.00647002 1.0225e+00 -1.084e+02 0.1797450 0.000 0.1019802 0.0777645 
-0.00393069 0.00671886 1.0195e+00 -1.085e+02 0.1797829 0.000 0.1021698 0.0776129 
-0.00393069 0.00696771 1.0172e+00 -1.085e+02 0.1797308 0.000 0.1023575 0.0773731 
-0.00393069 0.00721656 1.0152e+00 -1.085e+02 0.1798386 0.000 0.1020683 0.0777703 
-0.00393069 0.00746540 1.0138e+00 -1.084e+02 0.1799704 0.000 0.1017052 0.0782648 
-0.00393069 0.00771425 1.0127e+00 -1.083e+02 0.1799513 0.000 0.1017027 0.0782490 
-0.00144222 0.00298616 1.0161e+00 -1.082e+02 0.1799450 0.000 0.1019418 0.0780033 
-0.00144222 0.00323501 1.0169e+00 -1.083e+02 0.1799778 0.000 0.1019905 0.0779874 
-0.00144222 0.00348385 1.0184e+00 -1.082e+02 0.1799180 0.000 0.1021114 0.0778068 
-0.00144222 0.00373270 1.0211e+00 -1.080e+02 0.1798788 0.000 0.1018585 0.0780202 
-0.00144222 0.00398155 1.0230e+00 -1.080e+02 0.1798895 0.000 0.1018608 0.0780288 
-0.00144222 0.00423039 1.0245e+00 -1.081e+02 0.1799795 0.000 0.1019439 0.0780356 
-0.00393069 0.00796310 1.0109e+00 -1.084e+02 0.1797842 0.000 0.1024923 0.0772919 
-0.00393069 0.00821194 1.0103e+00 -1.084e+02 0.1797577 0.000 0.1024966 0.0772611 
-0.00393069 0.00846079 1.0099e+00 -1.083e+02 0.1797757 0.000 0.1024735 0.0773022 
-0.00393069 0.00870964 1.0098e+00 -1.083e+02 0.1797826 0.000 0.1024701 0.0773128 
-0.00393069 0.00895848 1.0102e+00 -1.081e+02 0.1797435 0.000 0.1024347 0.0773089 
-0.00393069 0.00920733 1.0105e+00 -1.081e+02 0.1797765 0.000 0.1024650 0.0773114 
-0.00393069 0.00945618 1.0113e+00 -1.080e+02 0.1797508 0.000 0.1024241 0.0773266 
-0.00405511 0.00248847 1.1091e+00 -1.084e+02 0.1799803 0.000 0.1024094 0.0775710 
-0.00405511 0.00273731 1.1020e+00 -1.085e+02 0.1799801 0.000 0.1024955 0.0774843 
-0.00405511 0.00298616 1.0959e+00 -1.085e+02 0.1799803 0.000 0.1021392 0.0778410 
-0.00405511 0.00323501 1.0891e+00 -1.086e+02 0.1799975 0.000 0.1021576 0.0778400 
-0.00405511 0.00348385 1.0829e+00 -1.086e+02 0.1799885 0.000 0.1021783 0.0778101 
-0.00405511 0.00373270 1.0766e+00 -1.087e+02 0.1799750 0.000 0.1021600 0.0778148 
-0.00405511 0.00398155 1.0704e+00 -1.088e+02 0.1799848 0.000 0.1020922 0.0778924 
-0.00405511 0.00423039 1.0649e+00 -1.088e+02 0.1799839 0.000 0.1021479 0.0778361 
-0.00405511 0.00447924 1.0599e+00 -1.087e+02 0.1799807 0.000 0.1018635 0.0781174 
-0.00405511 0.00472809 1.0544e+00 -1.088e+02 0.1799741 0.000 0.1018460 0.0781282 
-0.00405511 0.00497693 1.0495e+00 -1.088e+02 0.1799801 0.000 0.1018946 0.0780855 
-0.00405511 0.00522578 1.0451e+00 -1.087e+02 0.1799856 0.000 0.1018568 0.0781288 
-0.00405511 0.00547463 1.0407e+00 -1.087e+02 0.1799791 0.000 0.1019186 0.0780604 
-0.00405511 0.00572347 1.0368e+00 -1.087e+02 0.1799640 0.000 0.1019183 0.0780457 
-0.00405511 0.00597232 1.0327e+00 -1.088e+02 0.1799841 0.000 0.1019271 0.0780570 
-0.00405511 0.00622117 1.0291e+00 -1.087e+02 0.1799759 0.000 0.1020006 0.0779753 
-0.00405511 0.00647002 1.0263e+00 -1.087e+02 0.1799124 0.000 0.1020344 0.0778777 
-0.00405511 0.00671886 1.0240e+00 -1.085e+02 0.1797927 0.000 0.1020478 0.0777449 
-0.00405511 0.00696771 1.0216e+00 -1.085e+02 0.1797329 0.000 0.1021314 0.0776016 
-0.00405511 0.00721656 1.0200e+00 -1.083e+02 0.1797821 0.000 0.1018454 0.0779366 
-0.00405511 0.00746540 1.0184e+00 -1.082e+02 0.1797445 0.000 0.1018199 0.0779247 
-0.00405511 0.00771425 1.0157e+00 -1.084e+02 0.1798480 0.000 0.1019604 0.0778877 
-0.00405511 0.00796310 1.0149e+00 -1.082e+02 0.1797456 0.000 0.1019742 0.0777714 
-0.00405511 0.00821194 1.0134e+00 -1.083e+02 0.1797583 0.000 0.1021348 0.0776236 
-0.00405511 0.00846079 1.0119e+00 -1.084e+02 0.1797654 0.000 0.1024344 0.0773309 
-0.00405511 0.00870964 1.0115e+00 -1.083e+02 0.1797809 0.000 0.1024108 0.0773701 
-0.00405511 0.00895848 1.0113e+00 -1.083e+02 0.1797784 0.000 0.1024590 0.0773194 
-0.00405511 0.00920733 1.0115e+00 -1.082e+02 0.1797547 0.000 0.1024090 0.0773456 
-0.00405511 0.00945618 1.0119e+00 -1.081e+02 0.1797605 0.000 0.1023807 0.0773800 
-0.00417953 0.00248847 1.1181e+00 -1.084e+02 0.1799909 0.000 0.1025173 0.0774736 
-0.00417953 0.00273731 1.1110e+00 -1.085e+02 0.1799777 0.000 0.1025548 0.0774228 
-0.00417953 0.00298616 1.1040e+00 -1.086e+02 0.1799784 0.000 0.1025795 0.0773989 
-0.00417953 0.00323501 1.0981e+00 -1.086e+02 0.1799904 0.000 0.1020775 0.0779127 
-0.00417953 0.00348385 1.0915e+00 -1.086e+02 0.1799777 0.000 0.1023572 0.0776204 
-0.00417953 0.00373270 1.0853e+00 -1.086e+02 0.1799919 0.000 0.1020818 0.0779101 
-0.00417953 0.00398155 1.0791e+00 -1.087e+02 0.1799871 0.000 0.1021689 0.0778181 
-0.00417953 0.00423039 1.0731e+00 -1.088e+02 0.1799835 0.000 0.1019233 0.0780602 
-0.00417953 0.00447924 1.0670e+00 -1.089e+02 0.1799934 0.000 0.1023022 0.0776911 
-0.00417953 0.00472809 1.0617e+00 -1.088e+02 0.1799775 0.000 0.1021624 0.0778147 
-0.00417953 0.00497693 1.0569e+00 -1.088e+02 0.1799850 0.000 0.1018656 0.0781196 
-0.00417953 0.00522578 1.0517e+00 -1.088e+02 0.1799749 0.000 0.1018866 0.0780884 
-0.00417953 0.00547463 1.0470e+00 -1.088e+02 0.1799828 0.000 0.1019247 0.0780580 
-0.00417953 0.00572347 1.0430e+00 -1.088e+02 0.1799688 0.000 0.1018561 0.0781126 
-0.00417953 0.00597232 1.0388e+00 -1.088e+02 0.1799748 0.000 0.1019314 0.0780435 
-0.00417953 0.00622117 1.0353e+00 -1.087e+02 0.1799258 0.000 0.1019693 0.0779564 
-0.00417953 0.00647002 1.0314e+00 -1.088e+02 0.1799835 0.000 0.1018941 0.0780893 
-0.00417953 0.00671886 1.0283e+00 -1.087e+02 0.1799575 0.000 0.1019528 0.0780046 
-0.00417953 0.00696771 1.0256e+00 -1.087e+02 0.1799068 0.000 0.1020227 0.0778841 
-0.00417953 0.00721656 1.0234e+00 -1.085e+02 0.1798301 0.000 0.1020081 0.0778222 
-0.00417953 0.00746540 1.0213e+00 -1.085e+02 0.1797544 0.000 0.1021295 0.0776247 
-0.00417953 0.00771425 1.0202e+00 -1.083e+02 0.1797740 0.000 0.1018191 0.0779549 
-0.00417953 0.00796310 1.0186e+00 -1.082e+02 0.1797646 0.000 0.1018211 0.0779438 
-0.00417953 0.00821194 1.0161e+00 -1.084e+02 0.1798667 0.000 0.1019563 0.0779102 
-0.00144222 0.00447924 1.0269e+00 -1.081e+02 0.1799968 0.000 0.1019702 0.0780265 
-0.00144222 0.00472809 1.0295e+00 -1.081e+02 0.1799568 0.000 0.1021243 0.0778327 
-0.00144222 0.00497693 1.0323e+00 -1.080e+02 0.1799773 0.000 0.1020297 0.0779476 
-0.00144222 0.00522578 1.0355e+00 -1.080e+02 0.1799689 0.000 0.1019748 0.0779941 
-0.00144222 0.00547463 1.0389e+00 -1.079e+02 0.1799945 0.000 0.1020443 0.0779503 
-0.00144222 0.00572347 1.0424e+00 -1.079e+02 0.1799820 0.000 0.1019909 0.0779910 
-0.00144222 0.00597232 1.0459e+00 -1.078e+02 0.1799869 0.000 0.1019345 0.0780524 
-0.00144222 0.00622117 1.0495e+00 -1.078e+02 0.1799804 0.000 0.1019388 0.0780418 
-0.00144222 0.00647002 1.0533e+00 -1.077e+02 0.1799796 0.000 0.1018691 0.0781103 
-0.00144222 0.00671886 1.0570e+00 -1.077e+02 0.1799834 0.000 0.1019099 0.0780734 
-0.00144222 0.00696771 1.0613e+00 -1.076e+02 0.1799697 0.000 0.1018652 0.0781044 
-0.00144222 0.00721656 1.0649e+00 -1.076e+02 0.1799688 0.000 0.1017358 0.0782332 
-0.00144222 0.00746540 1.0686e+00 -1.076e+02 0.1799914 0.000 0.1017755 0.0782158 
-0.00144222 0.00771425 1.0726e+00 -1.076e+02 0.1799756 0.000 0.1021138 0.0778617 
-0.00144222 0.00796310 1.0767e+00 -1.075e+02 0.1799764 0.000 0.1021416 0.0778347 
-0.00144222 0.00821194 1.0807e+00 -1.075e+02 0.1799881 0.000 0.1017364 0.0782516 
-0.00144222 0.00846079 1.0845e+00 -1.075e+02 0.1799964 0.000 0.1017177 0.0782787 
-0.00144222 0.00870964 1.0885e+00 -1.075e+02 0.1799961 0.000 0.1021114 0.0778845 
-0.00144222 0.00895848 1.0925e+00 -1.075e+02 0.1799861 0.000 0.1021092 0.0778769 
-0.00144222 0.00920733 1.0960e+00 -1.076e+02 0.1799875 0.000 0.1024405 0.0775471 
-0.00144222 0.00945618 1.1002e+00 -1.075e+02 0.1799685 0.000 0.1024343 0.0775341 
-0.00156664 0.00248847 1.0135e+00 -1.082e+02 0.1798953 0.000 0.1019195 0.0779759 
-0.00156664 0.00273731 1.0136e+00 -1.082e+02 0.1798948 0.000 0.1019024 0.0779926 
-0.00156664 0.00298616 1.0141e+00 -1.081e+02 0.1798784 0.000 0.1018726 0.0780058 
-0.00156664 0.00323501 1.0147e+00 -1.081e+02 0.1799056 0.000 0.1018701 0.0780355 
-0.00156664 0.00348385 1.0155e+00 -1.082e+02 0.1799220 0.000 0.1019151 0.0780068 
-0.00156664 0.00373270 1.0164e+00 -1.082e+02 0.1799691 0.000 0.1019817 0.0779876 
-0.00156664 0.00398155 1.0179e+00 -1.082e+02 0.1799787 0.000 0.1020230 0.0779555 
-0.00156664 0.00423039 1.0213e+00 -1.079e+02 0.1798848 0.000 0.1016217 0.0782632 
-0.00156664 0.00447924 1.0230e+00 -1.079e+02 0.1798972 0.000 0.1017965 0.0781010 
-0.00156664 0.00472809 1.0247e+00 -1.080e+02 0.1799782 0.000 0.1019315 0.0780468 
-0.00156664 0.00497693 1.0272e+00 -1.080e+02 0.1799757 0.000 0.1019701 0.0780056 
-0.00156664 0.00522578 1.0299e+00 -1.080e+02 0.1799785 0.000 0.1019653 0.0780133 
-0.00156664 0.00547463 1.0331e+00 -1.079e+02 0.1799762 0.000 0.1018131 0.0781631 
-0.00156664 0.00572347 1.0361e+00 -1.079e+02 0.1799762 0.000 0.1019044 0.0780717 
-0.00156664 0.00597232 1.0396e+00 -1.078e+02 0.1799839 0.000 0.1020120 0.0779718 
-0.00156664 0.00622117 1.0432e+00 -1.077e+02 0.1799625 0.000 0.1020002 0.0779624 
-0.00156664 0.00647002 1.0472e+00 -1.076e+02 0.1799668 0.000 0.1016543 0.0783126 
-0.00156664 0.00671886 1.0503e+00 -1.077e+02 0.1799810 0.000 0.1018682 0.0781129 
-0.00156664 0.00696771 1.0539e+00 -1.076e+02 0.1799921 0.000 0.1018386 0.0781538 
-0.00156664 0.00721656 1.0583e+00 -1.075e+02 0.1799901 0.000 0.1017075 0.0782828 
-0.00156664 0.00746540 1.0619e+00 -1.075e+02 0.1799664 0.000 0.1017616 0.0782049 
-0.00156664 0.00771425 1.0654e+00 -1.076e+02 0.1799919 0.000 0.1017243 0.0782675 
-0.00156664 0.00796310 1.0692e+00 -1.075e+02 0.1799802 0.000 0.1019378 0.0780426 
-0.00156664 0.00821194 1.0731e+00 -1.075e+02 0.1799872 0.000 0.1021185 0.0778687 
-0.00156664 0.00846079 1.0775e+00 -1.074e+02 0.1799658 0.000 0.1016713 0.0782947 
-0.00156664 0.00870964 1.0811e+00 -1.075e+02 0.1799995 0.000 0.1017263 0.0782733 
-0.00156664 0.00895848 1.0851e+00 -1.074e+02 0.1799896 0.000 0.1016947 0.0782946 
-0.00156664 0.00920733 1.0890e+00 -1.074e+02 0.1799756 0.000 0.1020903 0.0778851 
-0.00156664 0.00945618 1.0930e+00 -1.074e+02 0.1799721 0.000 0.1020878 0.0778842 
-0.00169107 0.00248847 1.0125e+00 -1.082e+02 0.1798967 0.000 0.1019487 0.0779476 
-0.00169107 0.00273731 1.0131e+00 -1.080e+02 0.1797493 0.000 0.1018120 0.0779374 
-0.00169107 0.00298616 1.0130e+00 -1.080e+02 0.1797462 0.000 0.1018275 0.0779184 
-0.00169107 0.00323501 1.0133e+00 -1.080e+02 0.1797278 0.000 0.1018794 0.0778488 
-0.00119337 0.00398155 1.0316e+00 -1.082e+02 0.1799831 0.000 0.1021543 0.0778291 
-0.00119337 0.00423039 1.0339e+00 -1.083e+02 0.1799682 0.000 0.1025028 0.0774654 
-0.00119337 0.00447924 1.0386e+00 -1.080e+02 0.1799749 0.000 0.1016776 0.0782973 
-0.00119337 0.00472809 1.0418e+00 -1.080e+02 0.1799857 0.000 0.1016800 0.0783057 
-0.00119337 0.00497693 1.0451e+00 -1.079e+02 0.1799786 0.000 0.1017446 0.0782342 
-0.00119337 0.00522578 1.0475e+00 -1.081e+02 0.1799900 0.000 0.1022414 0.0777485 
-0.00169107 0.00348385 1.0131e+00 -1.081e+02 0.1798891 0.000 0.1018836 0.0780058 
-0.00169107 0.00373270 1.0142e+00 -1.081e+02 0.1798734 0.000 0.1018231 0.0780503 
-0.00169107 0.00398155 1.0153e+00 -1.081e+02 0.1798981 0.000 0.1018307 0.0780676 
-0.00169107 0.00423039 1.0167e+00 -1.080e+02 0.1799228 0.000 0.1017975 0.0781254 
-0.00169107 0.00447924 1.0176e+00 -1.082e+02 0.1799963 0.000 0.1020055 0.0779909 
-0.00169107 0.00472809 1.0207e+00 -1.079e+02 0.1799010 0.000 0.1018967 0.0780043 
-0.00169107 0.00497693 1.0232e+00 -1.079e+02 0.1799037 0.000 0.1017931 0.0781105 
-0.00169107 0.00522578 1.0247e+00 -1.080e+02 0.1798995 0.000 0.1023304 0.0775690 
-0.00169107 0.00547463 1.0275e+00 -1.079e+02 0.1799869 0.000 0.1020056 0.0779815 
-0.00169107 0.00572347 1.0304e+00 -1.079e+02 0.1799778 0.000 0.1019953 0.0779824 
-0.00169107 0.00597232 1.0334e+00 -1.078e+02 0.1799828 0.000 0.1020065 0.0779764 
-0.00169107 0.00622117 1.0369e+00 -1.078e+02 0.1799779 0.000 0.1020629 0.0779150 
-0.00169107 0.00647002 1.0403e+00 -1.077e+02 0.1799849 0.000 0.1020456 0.0779391 
-0.00169107 0.00671886 1.0439e+00 -1.076e+02 0.1799671 0.000 0.1020209 0.0779460 
-0.00169107 0.00696771 1.0481e+00 -1.075e+02 0.1799685 0.000 0.1016639 0.0783046 
-0.00169107 0.00721656 1.0512e+00 -1.075e+02 0.1799912 0.000 0.1017662 0.0782248 
-0.00169107 0.00746540 1.0548e+00 -1.075e+02 0.1799777 0.000 0.1018024 0.0781752 
-0.00169107 0.00771425 1.0591e+00 -1.074e+02 0.1799677 0.000 0.1018587 0.0781091 
-0.00169107 0.00796310 1.0628e+00 -1.074e+02 0.1799920 0.000 0.1018143 0.0781778 
-0.00169107 0.00821194 1.0661e+00 -1.075e+02 0.1799843 0.000 0.1019109 0.0780732 
-0.00169107 0.00846079 1.0700e+00 -1.074e+02 0.1799743 0.000 0.1018786 0.0780955 
-0.00169107 0.00870964 1.0740e+00 -1.074e+02 0.1799798 0.000 0.1019117 0.0780679 
-0.00169107 0.00895848 1.0778e+00 -1.074e+02 0.1799920 0.000 0.1018869 0.0781048 
-0.00169107 0.00920733 1.0817e+00 -1.074e+02 0.1799925 0.000 0.1017049 0.0782873 
-0.00169107 0.00945618 1.0856e+00 -1.073e+02 0.1799834 0.000 0.1016777 0.0783058 
-0.00181549 0.00248847 1.0120e+00 -1.083e+02 0.1798826 0.000 0.1020725 0.0778102 
-0.00181549 0.00273731 1.0126e+00 -1.080e+02 0.1797821 0.000 0.1016418 0.0781405 
-0.00181549 0.00298616 1.0116e+00 -1.081e+02 0.1797595 0.000 0.1019254 0.0778341 
-0.00181549 0.00323501 1.0113e+00 -1.081e+02 0.1797403 0.000 0.1020121 0.0777282 
-0.00181549 0.00348385 1.0116e+00 -1.080e+02 0.1797577 0.000 0.1019474 0.0778104 
-0.00181549 0.00373270 1.0110e+00 -1.082e+02 0.1798838 0.000 0.1021632 0.0777206 
-0.00181549 0.00398155 1.0129e+00 -1.080e+02 0.1797613 0.000 0.1018813 0.0778799 
-0.00181549 0.00423039 1.0134e+00 -1.081e+02 0.1798875 0.000 0.1019121 0.0779757 
-0.00181549 0.00447924 1.0150e+00 -1.080e+02 0.1798985 0.000 0.1017994 0.0780990 
-0.00181549 0.00472809 1.0166e+00 -1.080e+02 0.1798968 0.000 0.1018416 0.0780552 
-0.00181549 0.00497693 1.0181e+00 -1.080e+02 0.1799746 0.000 0.1018542 0.0781205 
-0.00181549 0.00522578 1.0205e+00 -1.079e+02 0.1798887 0.000 0.1020853 0.0778033 
-0.00181549 0.00547463 1.0235e+00 -1.078e+02 0.1798852 0.000 0.1018515 0.0780336 
-0.00181549 0.00572347 1.0262e+00 -1.077e+02 0.1799513 0.000 0.1015845 0.0783666 
-0.00181549 0.00597232 1.0281e+00 -1.078e+02 0.1799698 0.000 0.1020068 0.0779630 
-0.00181549 0.00622117 1.0310e+00 -1.078e+02 0.1799779 0.000 0.1020087 0.0779692 
-0.00181549 0.00647002 1.0342e+00 -1.078e+02 0.1799818 0.000 0.1020171 0.0779646 
-0.00181549 0.00671886 1.0377e+00 -1.077e+02 0.1799804 0.000 0.1020384 0.0779420 
-0.00181549 0.00696771 1.0412e+00 -1.076e+02 0.1799655 0.000 0.1020145 0.0779513 
-0.00181549 0.00721656 1.0447e+00 -1.076e+02 0.1799625 0.000 0.1020418 0.0779210 
-0.00181549 0.00746540 1.0482e+00 -1.075e+02 0.1799671 0.000 0.1020720 0.0778949 
-0.00181549 0.00771425 1.0522e+00 -1.074e+02 0.1799816 0.000 0.1019723 0.0780094 
-0.00181549 0.00796310 1.0553e+00 -1.075e+02 0.1799725 0.000 0.1019844 0.0779881 
-0.00181549 0.00821194 1.0594e+00 -1.074e+02 0.1799621 0.000 0.1020484 0.0779135 
-0.00181549 0.00846079 1.0634e+00 -1.073e+02 0.1799778 0.000 0.1017368 0.0782413 
-0.00181549 0.00870964 1.0669e+00 -1.074e+02 0.1799735 0.000 0.1018688 0.0781048 
-0.00181549 0.00895848 1.0705e+00 -1.074e+02 0.1799923 0.000 0.1018501 0.0781421 
-0.00181549 0.00920733 1.0746e+00 -1.073e+02 0.1799943 0.000 0.1018696 0.0781245 
-0.00181549 0.00945618 1.0786e+00 -1.073e+02 0.1799746 0.000 0.1018092 0.0781655 
-0.00193991 0.00248847 1.0137e+00 -1.081e+02 0.1798183 0.000 0.1016562 0.0781620 
-0.00193991 0.00273731 1.0130e+00 -1.079e+02 0.1797313 0.000 0.1016126 0.0781188 
-0.00193991 0.00298616 1.0117e+00 -1.080e+02 0.1797805 0.000 0.1016365 0.0781438 
-0.00193991 0.00323501 1.0088e+00 -1.084e+02 0.1798883 0.000 0.1023771 0.0775114 
-0.00193991 0.00348385 1.0097e+00 -1.082e+02 0.1799205 0.000 0.1017187 0.0782017 
-0.00193991 0.00373270 1.0098e+00 -1.082e+02 0.1799256 0.000 0.1017073 0.0782185 
-0.00119337 0.00547463 1.0513e+00 -1.081e+02 0.1799869 0.000 0.1022165 0.0777703 
-0.00119337 0.00572347 1.0557e+00 -1.079e+02 0.1799685 0.000 0.1018729 0.0780954 
-0.00119337 0.00597232 1.0592e+00 -1.079e+02 0.1799757 0.000 0.1023948 0.0775808 
-0.00119337 0.00622117 1.0636e+00 -1.078e+02 0.1799887 0.000 0.1017537 0.0782348 
-0.00119337 0.00647002 1.0673e+00 -1.078e+02 0.1799823 0.000 0.1021706 0.0778114 
-0.00119337 0.00671886 1.0712e+00 -1.078e+02 0.1799921 0.000 0.1018017 0.0781903 
-0.00193991 0.00398155 1.0102e+00 -1.081e+02 0.1799244 0.000 0.1017045 0.0782200 
-0.00193991 0.00423039 1.0115e+00 -1.080e+02 0.1797696 0.000 0.1018861 0.0778835 
-0.00193991 0.00447924 1.0125e+00 -1.079e+02 0.1797612 0.000 0.1018996 0.0778617 
-0.00193991 0.00472809 1.0140e+00 -1.079e+02 0.1797742 0.000 0.1017963 0.0779779 
-0.00193991 0.00497693 1.0149e+00 -1.080e+02 0.1798922 0.000 0.1018487 0.0780436 
-0.00193991 0.00522578 1.0166e+00 -1.079e+02 0.1799118 0.000 0.1018687 0.0780431 
-0.00193991 0.00547463 1.0184e+00 -1.080e+02 0.1799784 0.000 0.1018404 0.0781381 
-0.00193991 0.00572347 1.0214e+00 -1.078e+02 0.1798870 0.000 0.1018715 0.0780153 
-0.00193991 0.00597232 1.0238e+00 -1.078e+02 0.1799241 0.000 0.1018460 0.0780781 
-0.00193991 0.00622117 1.0266e+00 -1.077e+02 0.1799870 0.000 0.1016783 0.0783089 
-0.00193991 0.00647002 1.0293e+00 -1.077e+02 0.1799436 0.000 0.1018485 0.0780952 
-0.00193991 0.00671886 1.0317e+00 -1.077e+02 0.1799914 0.000 0.1020435 0.0779478 
-0.00193991 0.00696771 1.0350e+00 -1.077e+02 0.1799819 0.000 0.1020375 0.0779444 
-0.00193991 0.00721656 1.0391e+00 -1.075e+02 0.1799885 0.000 0.1017404 0.0782479 
-0.00193991 0.00746540 1.0421e+00 -1.075e+02 0.1799623 0.000 0.1020210 0.0779416 
-0.00193991 0.00771425 1.0455e+00 -1.075e+02 0.1799869 0.000 0.1020781 0.0779087 
-0.00193991 0.00796310 1.0491e+00 -1.074e+02 0.1799726 0.000 0.1021003 0.0778723 
-0.00193991 0.00821194 1.0531e+00 -1.073e+02 0.1799854 0.000 0.1017195 0.0782659 
-0.00193991 0.00846079 1.0562e+00 -1.074e+02 0.1799726 0.000 0.1018240 0.0781484 
-0.00193991 0.00870964 1.0604e+00 -1.073e+02 0.1799795 0.000 0.1019381 0.0780416 
-0.00193991 0.00895848 1.0642e+00 -1.073e+02 0.1799867 0.000 0.1017240 0.0782628 
-0.00193991 0.00920733 1.0676e+00 -1.073e+02 0.1799824 0.000 0.1018673 0.0781152 
-0.00193991 0.00945618 1.0712e+00 -1.073e+02 0.1799831 0.000 0.1020207 0.0779624 
-0.00206434 0.00248847 1.0124e+00 -1.085e+02 0.1798992 0.000 0.1025687 0.0773306 
-0.00206434 0.00273731 1.0106e+00 -1.085e+02 0.1798913 0.000 0.1026287 0.0772626 
-0.00206434 0.00298616 1.0091e+00 -1.085e+02 0.1798896 0.000 0.1026408 0.0772485 
-0.00206434 0.00323501 1.0086e+00 -1.084e+02 0.1798926 0.000 0.1023699 0.0775224 
-0.00206434 0.00348385 1.0079e+00 -1.084e+02 0.1798778 0.000 0.1024065 0.0774715 
-0.00206434 0.00373270 1.0074e+00 -1.084e+02 0.1798873 0.000 0.1024116 0.0774754 
-0.00206434 0.00398155 1.0083e+00 -1.082e+02 0.1797635 0.000 0.1022888 0.0774745 
-0.00206434 0.00423039 1.0093e+00 -1.081e+02 0.1798743 0.000 0.1016786 0.0781955 
-0.00206434 0.00447924 1.0097e+00 -1.081e+02 0.1799094 0.000 0.1016905 0.0782193 
-0.00206434 0.00472809 1.0120e+00 -1.078e+02 0.1797285 0.000 0.1015837 0.0781445 
-0.00206434 0.00497693 1.0104e+00 -1.083e+02 0.1798899 0.000 0.1025242 0.0773655 
-0.00206434 0.00522578 1.0142e+00 -1.078e+02 0.1798183 0.000 0.1016197 0.0781985 
-0.00206434 0.00547463 1.0156e+00 -1.078e+02 0.1798769 0.000 0.1016396 0.0782377 
-0.00206434 0.00572347 1.0173e+00 -1.078e+02 0.1799356 0.000 0.1016574 0.0782784 
-0.00206434 0.00597232 1.0202e+00 -1.076e+02 0.1797448 0.000 0.1018510 0.0778936 
-0.00206434 0.00622117 1.0224e+00 -1.076e+02 0.1798984 0.000 0.1016204 0.0782781 
-0.00206434 0.00647002 1.0247e+00 -1.076e+02 0.1798954 0.000 0.1018132 0.0780819 
-0.00206434 0.00671886 1.0273e+00 -1.076e+02 0.1799580 0.000 0.1017721 0.0781859 
-0.00206434 0.00696771 1.0301e+00 -1.076e+02 0.1799675 0.000 0.1018237 0.0781438 
-0.00206434 0.00721656 1.0335e+00 -1.075e+02 0.1799757 0.000 0.1016264 0.0783493 
-0.00206434 0.00746540 1.0360e+00 -1.076e+02 0.1799817 0.000 0.1020065 0.0779753 
-0.00206434 0.00771425 1.0401e+00 -1.074e+02 0.1799827 0.000 0.1017489 0.0782338 
-0.00206434 0.00796310 1.0431e+00 -1.074e+02 0.1799699 0.000 0.1020549 0.0779150 
-0.00206434 0.00821194 1.0472e+00 -1.073e+02 0.1799770 0.000 0.1016778 0.0782994 
-0.00206434 0.00846079 1.0507e+00 -1.072e+02 0.1799684 0.000 0.1017351 0.0782334 
-0.00206434 0.00870964 1.0541e+00 -1.072e+02 0.1799863 0.000 0.1016236 0.0783627 
-0.00206434 0.00895848 1.0577e+00 -1.072e+02 0.1799816 0.000 0.1019694 0.0780119 
-0.00206434 0.00920733 1.0613e+00 -1.072e+02 0.1799843 0.000 0.1019263 0.0780578 
-0.00206434 0.00945618 1.0647e+00 -1.072e+02 0.1799799 0.000 0.1020337 0.0779461 
-0.00218876 0.00248847 1.0145e+00 -1.085e+02 0.1798804 0.000 0.1025070 0.0773732 
-0.00218876 0.00273731 1.0120e+00 -1.086e+02 0.1798866 0.000 0.1026601 0.0772267 
-0.00218876 0.00298616 1.0099e+00 -1.086e+02 0.1798879 0.000 0.1027064 0.0771815 
-0.00218876 0.00323501 1.0084e+00 -1.086e+02 0.1798852 0.000 0.1027305 0.0771545 
-0.00218876 0.00348385 1.0086e+00 -1.083e+02 0.1797475 0.000 0.1023899 0.0773577 
-0.00218876 0.00373270 1.0076e+00 -1.083e+02 0.1797497 0.000 0.1024335 0.0773165 
-0.00218876 0.00398155 1.0065e+00 -1.084e+02 0.1798754 0.000 0.1024785 0.0773970 
-0.00218876 0.00423039 1.0070e+00 -1.083e+02 0.1797716 0.000 0.1024146 0.0773566 
-0.00119337 0.00696771 1.0757e+00 -1.077e+02 0.1799682 0.000 0.1017646 0.0782034 
-0.00119337 0.00721656 1.0796e+00 -1.077e+02 0.1799864 0.000 0.1017336 0.0782528 
-0.00119337 0.00746540 1.0836e+00 -1.077e+02 0.1799885 0.000 0.1017741 0.0782145 
-0.00119337 0.00771425 1.0877e+00 -1.077e+02 0.1799753 0.000 0.1021588 0.0778163 
-0.00119337 0.00796310 1.0918e+00 -1.077e+02 0.1799805 0.000 0.1021663 0.0778141 
-0.00119337 0.00821194 1.0950e+00 -1.079e+02 0.1799900 0.000 0.1024311 0.0775590 
-0.00218876 0.00447924 1.0074e+00 -1.082e+02 0.1797459 0.000 0.1023755 0.0773703 
-0.00218876 0.00472809 1.0077e+00 -1.082e+02 0.1797683 0.000 0.1024424 0.0773257 
-0.00218876 0.00497693 1.0086e+00 -1.082e+02 0.1797855 0.000 0.1023509 0.0774347 
-0.00218876 0.00522578 1.0101e+00 -1.080e+02 0.1797745 0.000 0.1022154 0.0775591 
-0.00218876 0.00547463 1.0129e+00 -1.077e+02 0.1797944 0.000 0.1016035 0.0781910 
-0.00218876 0.00572347 1.0121e+00 -1.081e+02 0.1798898 0.000 0.1025407 0.0773492 
-0.00218876 0.00597232 1.0160e+00 -1.077e+02 0.1798805 0.000 0.1016328 0.0782479 
-0.00218876 0.00622117 1.0176e+00 -1.078e+02 0.1797702 0.000 0.1021661 0.0776038 
-0.00218876 0.00647002 1.0212e+00 -1.075e+02 0.1798139 0.000 0.1015730 0.0782409 
-0.00218876 0.00671886 1.0234e+00 -1.075e+02 0.1798659 0.000 0.1015979 0.0782681 
-0.00218876 0.00696771 1.0258e+00 -1.075e+02 0.1799334 0.000 0.1016247 0.0783086 
-0.00218876 0.00721656 1.0285e+00 -1.075e+02 0.1799602 0.000 0.1016342 0.0783259 
-0.00218876 0.00746540 1.0314e+00 -1.075e+02 0.1799853 0.000 0.1016328 0.0783525 
-0.00218876 0.00771425 1.0346e+00 -1.074e+02 0.1799944 0.000 0.1015478 0.0784467 
-0.00218876 0.00796310 1.0381e+00 -1.073e+02 0.1799819 0.000 0.1016112 0.0783709 
-0.00218876 0.00821194 1.0412e+00 -1.073e+02 0.1799789 0.000 0.1018035 0.0781754 
-0.00218876 0.00846079 1.0447e+00 -1.073e+02 0.1799858 0.000 0.1017389 0.0782467 
-0.00218876 0.00870964 1.0470e+00 -1.074e+02 0.1799818 0.000 0.1026013 0.0773806 
-0.00218876 0.00895848 1.0512e+00 -1.073e+02 0.1800021 0.000 0.1018281 0.0781739 
-0.00218876 0.00920733 1.0546e+00 -1.073e+02 0.1799775 0.000 0.1018398 0.0781379 
-0.00218876 0.00945618 1.0587e+00 -1.071e+02 0.1799853 0.000 0.1019375 0.0780480 
-0.00231318 0.00248847 1.0178e+00 -1.084e+02 0.1799627 0.000 0.1018215 0.0781415 
-0.00231318 0.00273731 1.0143e+00 -1.085e+02 0.1798965 0.000 0.1024966 0.0773998 
-0.00231318 0.00298616 1.0117e+00 -1.086e+02 0.1798880 0.000 0.1026794 0.0772087 
-0.00231318 0.00323501 1.0094e+00 -1.087e+02 0.1798940 0.000 0.1028166 0.0770774 
-0.00231318 0.00348385 1.0084e+00 -1.085e+02 0.1798929 0.000 0.1024999 0.0773931 
-0.00231318 0.00373270 1.0078e+00 -1.084e+02 0.1797609 0.000 0.1024719 0.0772888 
-0.00231318 0.00398155 1.0071e+00 -1.083e+02 0.1797659 0.000 0.1023422 0.0774236 
-0.00231318 0.00423039 1.0061e+00 -1.084e+02 0.1797865 0.000 0.1025141 0.0772725 
-0.00231318 0.00447924 1.0057e+00 -1.084e+02 0.1797753 0.000 0.1026104 0.0771650 
-0.00231318 0.00472809 1.0060e+00 -1.083e+02 0.1797542 0.000 0.1025645 0.0771896 
-0.00231318 0.00497693 1.0065e+00 -1.082e+02 0.1797466 0.000 0.1025688 0.0771777 
-0.00231318 0.00522578 1.0078e+00 -1.081e+02 0.1797705 0.000 0.1022900 0.0774804 
-0.00231318 0.00547463 1.0090e+00 -1.080e+02 0.1797152 0.000 0.1023323 0.0773828 
-0.00231318 0.00572347 1.0102e+00 -1.080e+02 0.1797659 0.000 0.1022553 0.0775103 
-0.00231318 0.00597232 1.0116e+00 -1.080e+02 0.1797563 0.000 0.1024312 0.0773251 
-0.00231318 0.00622117 1.0134e+00 -1.079e+02 0.1797752 0.000 0.1024418 0.0773332 
-0.00231318 0.00647002 1.0157e+00 -1.078e+02 0.1797871 0.000 0.1023143 0.0774732 
-0.00231318 0.00671886 1.0183e+00 -1.077e+02 0.1798138 0.000 0.1021263 0.0776873 
-0.00231318 0.00696771 1.0197e+00 -1.078e+02 0.1798947 0.000 0.1025087 0.0773860 
-0.00231318 0.00721656 1.0229e+00 -1.077e+02 0.1798915 0.000 0.1023156 0.0775759 
-0.00231318 0.00746540 1.0261e+00 -1.076e+02 0.1798858 0.000 0.1021433 0.0777423 
-0.00231318 0.00771425 1.0291e+00 -1.075e+02 0.1799537 0.000 0.1019733 0.0779803 
-0.00231318 0.00796310 1.0317e+00 -1.075e+02 0.1799834 0.000 0.1020447 0.0779389 
-0.00231318 0.00821194 1.0349e+00 -1.075e+02 0.1799836 0.000 0.1019805 0.0780031 
-0.00231318 0.00846079 1.0394e+00 -1.072e+02 0.1799705 0.000 0.1016034 0.0783671 
-0.00231318 0.00870964 1.0426e+00 -1.072e+02 0.1799817 0.000 0.1016030 0.0783788 
-0.00231318 0.00895848 1.0461e+00 -1.071e+02 0.1799749 0.000 0.1015962 0.0783786 
-0.00231318 0.00920733 1.0488e+00 -1.072e+02 0.1799890 0.000 0.1019175 0.0780713 
-0.00231318 0.00945618 1.0524e+00 -1.072e+02 0.1799784 0.000 0.1018323 0.0781460 
-0.00243761 0.00248847 1.0201e+00 -1.085e+02 0.1798774 0.000 0.1026304 0.0772469 
-0.00243761 0.00273731 1.0179e+00 -1.084e+02 0.1799737 0.000 0.1018203 0.0781533 
-0.00243761 0.00298616 1.0151e+00 -1.084e+02 0.1799867 0.000 0.1018771 0.0781094 
-0.00243761 0.00323501 1.0120e+00 -1.085e+02 0.1798826 0.000 0.1025046 0.0773782 
-0.00243761 0.00348385 1.0095e+00 -1.086e+02 0.1798795 0.000 0.1027108 0.0771688 
-0.00243761 0.00373270 1.0087e+00 -1.084e+02 0.1799792 0.000 0.1019161 0.0780632 
-0.00243761 0.00398155 1.0075e+00 -1.084e+02 0.1797511 0.000 0.1024816 0.0772695 
-0.00243761 0.00423039 1.0063e+00 -1.084e+02 0.1797525 0.000 0.1025547 0.0771979 
-0.00243761 0.00447924 1.0056e+00 -1.084e+02 0.1797822 0.000 0.1025145 0.0772675 
-0.00243761 0.00472809 1.0055e+00 -1.083e+02 0.1797630 0.000 0.1024883 0.0772747 
-0.00119337 0.00846079 1.0992e+00 -1.078e+02 0.1799794 0.000 0.1024519 0.0775276 
-0.00119337 0.00870964 1.1032e+00 -1.078e+02 0.1799885 0.000 0.1024896 0.0774989 
-0.00119337 0.00895848 1.1073e+00 -1.078e+02 0.1799804 0.000 0.1024889 0.0774916 
-0.00119337 0.00920733 1.1114e+00 -1.077e+02 0.1799699 0.000 0.1024820 0.0774878 
-0.00119337 0.00945618 1.1154e+00 -1.078e+02 0.1799797 0.000 0.1024617 0.0775181 
-0.00131780 0.00248847 1.0171e+00 -1.082e+02 0.1799911 0.000 0.1018033 0.0781876 
-0.00243761 0.00497693 1.0054e+00 -1.083e+02 0.1797539 0.000 0.1025618 0.0771920 
-0.00243761 0.00522578 1.0058e+00 -1.082e+02 0.1797636 0.000 0.1025254 0.0772381 
-0.00243761 0.00547463 1.0064e+00 -1.082e+02 0.1797819 0.000 0.1024607 0.0773211 
-0.00243761 0.00572347 1.0078e+00 -1.081e+02 0.1797716 0.000 0.1023090 0.0774626 
-0.00243761 0.00597232 1.0088e+00 -1.081e+02 0.1797840 0.000 0.1023750 0.0774091 
-0.00243761 0.00622117 1.0102e+00 -1.080e+02 0.1797207 0.000 0.1026132 0.0771074 
-0.00243761 0.00647002 1.0122e+00 -1.079e+02 0.1797477 0.000 0.1024687 0.0772790 
-0.00243761 0.00671886 1.0145e+00 -1.078e+02 0.1797732 0.000 0.1022734 0.0774997 
-0.00243761 0.00696771 1.0168e+00 -1.077e+02 0.1797784 0.000 0.1021797 0.0775986 
-0.00243761 0.00721656 1.0185e+00 -1.078e+02 0.1799923 0.000 0.1018654 0.0781266 
-0.00243761 0.00746540 1.0217e+00 -1.076e+02 0.1797811 0.000 0.1023306 0.0774504 
-0.00243761 0.00771425 1.0252e+00 -1.074e+02 0.1799286 0.000 0.1016278 0.0783004 
-0.00243761 0.00796310 1.0273e+00 -1.075e+02 0.1799069 0.000 0.1020911 0.0778155 
-0.00243761 0.00821194 1.0301e+00 -1.075e+02 0.1799811 0.000 0.1018246 0.0781565 
-0.00243761 0.00846079 1.0328e+00 -1.075e+02 0.1799824 0.000 0.1020930 0.0778895 
-0.00243761 0.00870964 1.0361e+00 -1.074e+02 0.1799718 0.000 0.1021273 0.0778445 
-0.00243761 0.00895848 1.0405e+00 -1.072e+02 0.1799840 0.000 0.1016153 0.0783688 
-0.00243761 0.00920733 1.0439e+00 -1.071e+02 0.1799780 0.000 0.1016043 0.0783735 
-0.00243761 0.00945618 1.0467e+00 -1.072e+02 0.1799739 0.000 0.1017449 0.0782288 
-0.00256203 0.00248847 1.0249e+00 -1.084e+02 0.1799819 0.000 0.1018402 0.0781417 
-0.00256203 0.00273731 1.0202e+00 -1.086e+02 0.1798903 0.000 0.1027257 0.0771644 
-0.00256203 0.00298616 1.0180e+00 -1.085e+02 0.1799905 0.000 0.1018471 0.0781435 
-0.00256203 0.00323501 1.0152e+00 -1.085e+02 0.1799867 0.000 0.1018878 0.0780988 
-0.00256203 0.00348385 1.0118e+00 -1.086e+02 0.1798998 0.000 0.1026031 0.0772969 
-0.00256203 0.00373270 1.0104e+00 -1.085e+02 0.1797249 0.000 0.1026436 0.0770814 
-0.00256203 0.00398155 1.0088e+00 -1.084e+02 0.1799537 0.000 0.1019033 0.0780504 
-0.00256203 0.00423039 1.0075e+00 -1.084e+02 0.1799516 0.000 0.1018595 0.0780922 
-0.00256203 0.00447924 1.0061e+00 -1.084e+02 0.1797547 0.000 0.1025359 0.0772188 
-0.00256203 0.00472809 1.0053e+00 -1.084e+02 0.1797609 0.000 0.1025380 0.0772230 
-0.00256203 0.00497693 1.0046e+00 -1.084e+02 0.1797505 0.000 0.1026575 0.0770931 
-0.00256203 0.00522578 1.0045e+00 -1.084e+02 0.1797627 0.000 0.1026546 0.0771082 
-0.00256203 0.00547463 1.0047e+00 -1.083e+02 0.1797602 0.000 0.1026819 0.0770786 
-0.00256203 0.00572347 1.0056e+00 -1.082e+02 0.1797589 0.000 0.1025582 0.0772008 
-0.00256203 0.00597232 1.0065e+00 -1.081e+02 0.1797482 0.000 0.1025667 0.0771816 
-0.00256203 0.00622117 1.0082e+00 -1.080e+02 0.1797733 0.000 0.1022758 0.0774975 
-0.00256203 0.00647002 1.0093e+00 -1.080e+02 0.1799523 0.000 0.1018517 0.0781005 
-0.00256203 0.00671886 1.0107e+00 -1.080e+02 0.1797591 0.000 0.1025858 0.0771732 
-0.00256203 0.00696771 1.0129e+00 -1.079e+02 0.1797950 0.000 0.1024222 0.0773727 
-0.00256203 0.00721656 1.0154e+00 -1.077e+02 0.1797463 0.000 0.1023787 0.0773677 
-0.00256203 0.00746540 1.0176e+00 -1.077e+02 0.1799516 0.000 0.1017813 0.0781704 
-0.00256203 0.00771425 1.0201e+00 -1.076e+02 0.1797657 0.000 0.1024768 0.0772888 
-0.00256203 0.00796310 1.0234e+00 -1.074e+02 0.1797208 0.000 0.1022517 0.0774692 
-0.00256203 0.00821194 1.0260e+00 -1.074e+02 0.1798464 0.000 0.1020955 0.0777507 
-0.00256203 0.00846079 1.0284e+00 -1.074e+02 0.1799650 0.000 0.1020337 0.0779313 
-0.00256203 0.00870964 1.0317e+00 -1.073e+02 0.1799818 0.000 0.1016649 0.0783168 
-0.00256203 0.00895848 1.0344e+00 -1.074e+02 0.1799918 0.000 0.1017801 0.0782115 
-0.00256203 0.00920733 1.0384e+00 -1.071e+02 0.1798773 0.000 0.1021195 0.0777579 
-0.00256203 0.00945618 1.0417e+00 -1.071e+02 0.1798944 0.000 0.1020964 0.0777981 
-0.00268645 0.00248847 1.0292e+00 -1.084e+02 0.1799767 0.000 0.1019025 0.0780742 
-0.00268645 0.00273731 1.0254e+00 -1.084e+02 0.1799793 0.000 0.1018689 0.0781106 
-0.00268645 0.00298616 1.0213e+00 -1.085e+02 0.1798919 0.000 0.1024580 0.0774338 
-0.00268645 0.00323501 1.0173e+00 -1.087e+02 0.1798796 0.000 0.1027724 0.0771074 
-0.00268645 0.00348385 1.0155e+00 -1.085e+02 0.1799957 0.000 0.1018727 0.0781228 
-0.00268645 0.00373270 1.0121e+00 -1.086e+02 0.1798985 0.000 0.1025727 0.0773259 
-0.00268645 0.00398155 1.0103e+00 -1.085e+02 0.1797370 0.000 0.1026947 0.0770420 
-0.00268645 0.00423039 1.0087e+00 -1.085e+02 0.1799864 0.000 0.1018899 0.0780963 
-0.00268645 0.00447924 1.0074e+00 -1.084e+02 0.1799774 0.000 0.1018772 0.0781000 
-0.00268645 0.00472809 1.0058e+00 -1.084e+02 0.1797643 0.000 0.1025795 0.0771848 
-0.00268645 0.00497693 1.0049e+00 -1.084e+02 0.1797906 0.000 0.1025661 0.0772246 
-0.00268645 0.00522578 1.0041e+00 -1.084e+02 0.1797811 0.000 0.1026722 0.0771092 
-0.00131780 0.00273731 1.0182e+00 -1.082e+02 0.1799644 0.000 0.1017331 0.0782315 
-0.00131780 0.00298616 1.0200e+00 -1.081e+02 0.1798851 0.000 0.1018300 0.0780550 
-0.00131780 0.00323501 1.0214e+00 -1.081e+02 0.1798752 0.000 0.1019013 0.0779740 
-0.00131780 0.00348385 1.0231e+00 -1.081e+02 0.1799099 0.000 0.1018895 0.0780200 
-0.00131780 0.00373270 1.0251e+00 -1.081e+02 0.1799752 0.000 0.1017244 0.0782508 
-0.00131780 0.00398155 1.0274e+00 -1.080e+02 0.1799781 0.000 0.1017251 0.0782529 
-0.00268645 0.00547463 1.0039e+00 -1.084e+02 0.1797755 0.000 0.1027473 0.0770282 
-0.00268645 0.00572347 1.0044e+00 -1.083e+02 0.1797649 0.000 0.1026421 0.0771231 
-0.00268645 0.00597232 1.0047e+00 -1.083e+02 0.1797640 0.000 0.1026576 0.0771066 
-0.00268645 0.00622117 1.0060e+00 -1.081e+02 0.1797552 0.000 0.1025234 0.0772319 
-0.00268645 0.00647002 1.0074e+00 -1.080e+02 0.1797684 0.000 0.1022918 0.0774767 
-0.00268645 0.00671886 1.0085e+00 -1.080e+02 0.1799691 0.000 0.1018272 0.0781421 
-0.00268645 0.00696771 1.0101e+00 -1.079e+02 0.1799643 0.000 0.1018161 0.0781481 
-0.00268645 0.00721656 1.0118e+00 -1.079e+02 0.1797625 0.000 0.1025462 0.0772164 
-0.00268645 0.00746540 1.0142e+00 -1.077e+02 0.1797545 0.000 0.1023881 0.0773663 
-0.00268645 0.00771425 1.0168e+00 -1.076e+02 0.1797339 0.000 0.1022496 0.0774843 
-0.00268645 0.00796310 1.0189e+00 -1.076e+02 0.1799729 0.000 0.1017006 0.0782721 
-0.00268645 0.00821194 1.0219e+00 -1.074e+02 0.1797705 0.000 0.1022572 0.0775133 
-0.00268645 0.00846079 1.0247e+00 -1.073e+02 0.1797387 0.000 0.1022983 0.0774403 
-0.00268645 0.00870964 1.0273e+00 -1.073e+02 0.1798529 0.000 0.1021708 0.0776820 
-0.00268645 0.00895848 1.0299e+00 -1.074e+02 0.1799874 0.000 0.1017887 0.0781988 
-0.00268645 0.00920733 1.0328e+00 -1.073e+02 0.1799703 0.000 0.1018878 0.0780825 
-0.00268645 0.00945618 1.0359e+00 -1.073e+02 0.1799885 0.000 0.1017868 0.0782022 
-0.00281088 0.00248847 1.0336e+00 -1.085e+02 0.1799740 0.000 0.1023168 0.0776572 
-0.00281088 0.00273731 1.0298e+00 -1.085e+02 0.1799842 0.000 0.1019435 0.0780406 
-0.00281088 0.00298616 1.0258e+00 -1.085e+02 0.1799076 0.000 0.1023214 0.0775860 
-0.00281088 0.00323501 1.0219e+00 -1.086e+02 0.1798915 0.000 0.1024677 0.0774238 
-0.00281088 0.00348385 1.0179e+00 -1.087e+02 0.1798778 0.000 0.1028111 0.0770667 
-0.00281088 0.00373270 1.0158e+00 -1.085e+02 0.1800048 0.000 0.1019390 0.0780656 
-0.00281088 0.00398155 1.0132e+00 -1.085e+02 0.1797792 0.000 0.1024595 0.0773198 
-0.00281088 0.00423039 1.0096e+00 -1.087e+02 0.1798916 0.000 0.1028145 0.0770771 
-0.00281088 0.00447924 1.0093e+00 -1.084e+02 0.1799504 0.000 0.1017833 0.0781674 
-0.00281088 0.00472809 1.0076e+00 -1.084e+02 0.1799776 0.000 0.1018063 0.0781712 
-0.00281088 0.00497693 1.0060e+00 -1.084e+02 0.1797542 0.000 0.1025812 0.0771731 
-0.00281088 0.00522578 1.0048e+00 -1.085e+02 0.1797568 0.000 0.1026649 0.0770921 
-0.00281088 0.00547463 1.0041e+00 -1.084e+02 0.1797720 0.000 0.1026728 0.0770993 
-0.00281088 0.00572347 1.0038e+00 -1.084e+02 0.1797735 0.000 0.1027117 0.0770617 
-0.00281088 0.00597232 1.0042e+00 -1.083e+02 0.1797595 0.000 0.1026446 0.0771150 
-0.00281088 0.00622117 1.0045e+00 -1.083e+02 0.1797722 0.000 0.1026015 0.0771708 
-0.00281088 0.00647002 1.0051e+00 -1.082e+02 0.1797619 0.000 0.1026688 0.0770930 
-0.00281088 0.00671886 1.0065e+00 -1.081e+02 0.1797473 0.000 0.1025444 0.0772030 
-0.00281088 0.00696771 1.0082e+00 -1.079e+02 0.1799495 0.000 0.1017384 0.0782112 
-0.00281088 0.00721656 1.0094e+00 -1.079e+02 0.1799642 0.000 0.1018235 0.0781407 
-0.00281088 0.00746540 1.0106e+00 -1.079e+02 0.1797690 0.000 0.1027017 0.0770675 
-0.00281088 0.00771425 1.0135e+00 -1.077e+02 0.1797796 0.000 0.1022933 0.0774865 
-0.00281088 0.00796310 1.0161e+00 -1.075e+02 0.1797235 0.000 0.1021690 0.0775545 
-0.00281088 0.00821194 1.0173e+00 -1.077e+02 0.1799507 0.000 0.1021344 0.0778163 
-0.00281088 0.00846079 1.0203e+00 -1.075e+02 0.1797740 0.000 0.1024730 0.0773011 
-0.00281088 0.00870964 1.0237e+00 -1.073e+02 0.1797439 0.000 0.1021631 0.0775810 
-0.00281088 0.00895848 1.0260e+00 -1.073e+02 0.1798175 0.000 0.1022333 0.0775843 
-0.00281088 0.00920733 1.0285e+00 -1.073e+02 0.1799870 0.000 0.1019477 0.0780392 
-0.00281088 0.00945618 1.0314e+00 -1.073e+02 0.1799855 0.000 0.1017979 0.0781874 
-0.00293530 0.00248847 1.0396e+00 -1.085e+02 0.1799765 0.000 0.1022088 0.0777675 
-0.00293530 0.00273731 1.0347e+00 -1.085e+02 0.1799934 0.000 0.1020666 0.0779268 
-0.00293530 0.00298616 1.0310e+00 -1.085e+02 0.1799840 0.000 0.1017579 0.0782261 
-0.00293530 0.00323501 1.0263e+00 -1.086e+02 0.1799669 0.000 0.1023073 0.0776595 
-0.00293530 0.00348385 1.0237e+00 -1.084e+02 0.1799601 0.000 0.1017408 0.0782188 
-0.00293530 0.00373270 1.0186e+00 -1.087e+02 0.1798902 0.000 0.1027669 0.0771236 
-0.00293530 0.00398155 1.0165e+00 -1.085e+02 0.1799936 0.000 0.1019069 0.0780869 
-0.00293530 0.00423039 1.0147e+00 -1.084e+02 0.1799197 0.000 0.1017215 0.0781980 
-0.00293530 0.00447924 1.0109e+00 -1.086e+02 0.1797816 0.000 0.1027037 0.0770782 
-0.00293530 0.00472809 1.0095e+00 -1.085e+02 0.1799653 0.000 0.1018104 0.0781547 
-0.00293530 0.00497693 1.0080e+00 -1.084e+02 0.1799565 0.000 0.1018096 0.0781470 
-0.00293530 0.00522578 1.0063e+00 -1.084e+02 0.1797743 0.000 0.1024334 0.0773410 
-0.00293530 0.00547463 1.0051e+00 -1.084e+02 0.1797517 0.000 0.1026390 0.0771126 
-0.00293530 0.00572347 1.0044e+00 -1.084e+02 0.1797744 0.000 0.1026186 0.0771557 
-0.00131780 0.00423039 1.0292e+00 -1.082e+02 0.1799714 0.000 0.1020883 0.0778831 
-0.00131780 0.00447924 1.0320e+00 -1.081e+02 0.1799850 0.000 0.1020187 0.0779665 
-0.00131780 0.00472809 1.0349e+00 -1.081e+02 0.1799849 0.000 0.1019993 0.0779856 
-0.00131780 0.00497693 1.0389e+00 -1.079e+02 0.1799838 0.000 0.1016290 0.0783548 
-0.00131780 0.00522578 1.0416e+00 -1.080e+02 0.1799856 0.000 0.1021478 0.0778377 
-0.00131780 0.00547463 1.0452e+00 -1.079e+02 0.1799748 0.000 0.1019932 0.0779818 
-0.00293530 0.00597232 1.0038e+00 -1.084e+02 0.1797621 0.000 0.1027169 0.0770451 
-0.00293530 0.00622117 1.0041e+00 -1.083e+02 0.1797497 0.000 0.1026494 0.0771004 
-0.00293530 0.00647002 1.0042e+00 -1.083e+02 0.1797807 0.000 0.1026850 0.0770956 
-0.00293530 0.00671886 1.0049e+00 -1.082e+02 0.1797583 0.000 0.1026240 0.0771343 
-0.00293530 0.00696771 1.0059e+00 -1.081e+02 0.1797706 0.000 0.1025934 0.0771772 
-0.00293530 0.00721656 1.0075e+00 -1.080e+02 0.1797758 0.000 0.1023930 0.0773828 
-0.00293530 0.00746540 1.0084e+00 -1.080e+02 0.1798714 0.000 0.1023178 0.0775537 
-0.00293530 0.00771425 1.0106e+00 -1.078e+02 0.1799737 0.000 0.1017320 0.0782417 
-0.00293530 0.00796310 1.0123e+00 -1.078e+02 0.1797709 0.000 0.1025079 0.0772630 
-0.00293530 0.00821194 1.0149e+00 -1.076e+02 0.1797748 0.000 0.1022919 0.0774828 
-0.00293530 0.00846079 1.0166e+00 -1.076e+02 0.1799091 0.000 0.1021679 0.0777410 
-0.00293530 0.00870964 1.0189e+00 -1.076e+02 0.1799615 0.000 0.1020862 0.0778753 
-0.00293530 0.00895848 1.0221e+00 -1.074e+02 0.1797838 0.000 0.1023807 0.0774032 
-0.00293530 0.00920733 1.0250e+00 -1.073e+02 0.1797842 0.000 0.1022495 0.0775349 
-0.00293530 0.00945618 1.0272e+00 -1.073e+02 0.1799667 0.000 0.1020465 0.0779200 
-0.00305972 0.00248847 1.0458e+00 -1.085e+02 0.1799832 0.000 0.1019133 0.0780699 
-0.00305972 0.00273731 1.0407e+00 -1.085e+02 0.1799935 0.000 0.1021796 0.0778138 
-0.00305972 0.00298616 1.0359e+00 -1.086e+02 0.1799871 0.000 0.1020512 0.0779357 
-0.00305972 0.00323501 1.0320e+00 -1.085e+02 0.1799771 0.000 0.1017730 0.0782041 
-0.00305972 0.00348385 1.0275e+00 -1.086e+02 0.1798927 0.000 0.1024399 0.0774525 
-0.00305972 0.00373270 1.0247e+00 -1.084e+02 0.1799907 0.000 0.1016158 0.0783751 
-0.00305972 0.00398155 1.0200e+00 -1.086e+02 0.1798942 0.000 0.1025022 0.0773918 
-0.00305972 0.00423039 1.0176e+00 -1.085e+02 0.1799661 0.000 0.1017769 0.0781894 
-0.00305972 0.00447924 1.0144e+00 -1.085e+02 0.1797754 0.000 0.1025105 0.0772651 
-0.00305972 0.00472809 1.0122e+00 -1.085e+02 0.1797353 0.000 0.1024977 0.0772378 
-0.00305972 0.00497693 1.0093e+00 -1.086e+02 0.1797758 0.000 0.1027842 0.0769916 
-0.00305972 0.00522578 1.0086e+00 -1.084e+02 0.1799461 0.000 0.1017685 0.0781778 
-0.00305972 0.00547463 1.0071e+00 -1.084e+02 0.1797429 0.000 0.1023096 0.0774334 
-0.00305972 0.00572347 1.0062e+00 -1.083e+02 0.1799519 0.000 0.1018027 0.0781494 
-0.00305972 0.00597232 1.0046e+00 -1.084e+02 0.1797498 0.000 0.1026537 0.0770959 
-0.00305972 0.00622117 1.0054e+00 -1.081e+02 0.1797187 0.000 0.1021980 0.0775208 
-0.00305972 0.00647002 1.0038e+00 -1.084e+02 0.1797815 0.000 0.1027683 0.0770131 
-0.00305972 0.00671886 1.0045e+00 -1.082e+02 0.1797450 0.000 0.1026283 0.0771168 
-0.00305972 0.00696771 1.0047e+00 -1.082e+02 0.1797791 0.000 0.1026684 0.0771109 
-0.00305972 0.00721656 1.0057e+00 -1.081e+02 0.1797533 0.000 0.1026260 0.0771273 
-0.00305972 0.00746540 1.0074e+00 -1.079e+02 0.1797494 0.000 0.1022998 0.0774497 
-0.00305972 0.00771425 1.0087e+00 -1.079e+02 0.1799665 0.000 0.1017522 0.0782144 
-0.00305972 0.00796310 1.0105e+00 -1.078e+02 0.1799333 0.000 0.1017079 0.0782253 
-0.00305972 0.00821194 1.0115e+00 -1.078e+02 0.1797638 0.000 0.1026644 0.0770995 
-0.00305972 0.00846079 1.0143e+00 -1.076e+02 0.1797624 0.000 0.1023319 0.0774303 
-0.00305972 0.00870964 1.0159e+00 -1.076e+02 0.1798909 0.000 0.1022411 0.0776499 
-0.00305972 0.00895848 1.0179e+00 -1.076e+02 0.1799596 0.000 0.1022524 0.0777073 
-0.00305972 0.00920733 1.0215e+00 -1.073e+02 0.1797536 0.000 0.1023511 0.0774029 
-0.00305972 0.00945618 1.0240e+00 -1.073e+02 0.1797805 0.000 0.1023170 0.0774636 
-0.00318415 0.00248847 1.0515e+00 -1.086e+02 0.1799873 0.000 0.1025289 0.0774584 
-0.00318415 0.00273731 1.0471e+00 -1.085e+02 0.1799709 0.000 0.1020724 0.0778986 
-0.00318415 0.00298616 1.0421e+00 -1.085e+02 0.1799887 0.000 0.1019857 0.0780030 
-0.00318415 0.00323501 1.0371e+00 -1.086e+02 0.1799750 0.000 0.1022980 0.0776771 
-0.00318415 0.00348385 1.0329e+00 -1.086e+02 0.1799745 0.000 0.1018981 0.0780765 
-0.00318415 0.00373270 1.0289e+00 -1.086e+02 0.1799786 0.000 0.1019197 0.0780589 
-0.00318415 0.00398155 1.0245e+00 -1.086e+02 0.1798941 0.000 0.1025348 0.0773593 
-0.00318415 0.00423039 1.0226e+00 -1.084e+02 0.1799415 0.000 0.1015949 0.0783464 
-0.00318415 0.00447924 1.0181e+00 -1.086e+02 0.1799861 0.000 0.1019290 0.0780570 
-0.00318415 0.00472809 1.0157e+00 -1.085e+02 0.1799792 0.000 0.1018023 0.0781770 
-0.00318415 0.00497693 1.0130e+00 -1.085e+02 0.1797528 0.000 0.1024846 0.0772684 
-0.00318415 0.00522578 1.0109e+00 -1.085e+02 0.1797544 0.000 0.1024366 0.0773177 
-0.00318415 0.00547463 1.0091e+00 -1.085e+02 0.1799607 0.000 0.1017751 0.0781853 
-0.00318415 0.00572347 1.0078e+00 -1.084e+02 0.1799462 0.000 0.1017861 0.0781603 
-0.00318415 0.00597232 1.0066e+00 -1.084e+02 0.1799771 0.000 0.1017807 0.0781961 
-0.00318415 0.00622117 1.0053e+00 -1.084e+02 0.1797672 0.000 0.1024734 0.0772939 
-0.00131780 0.00572347 1.0489e+00 -1.079e+02 0.1799743 0.000 0.1019090 0.0780657 
-0.00131780 0.00597232 1.0527e+00 -1.078e+02 0.1799747 0.000 0.1018514 0.0781233 
-0.00131780 0.00622117 1.0563e+00 -1.078e+02 0.1799777 0.000 0.1018702 0.0781076 
-0.00131780 0.00647002 1.0606e+00 -1.077e+02 0.1799783 0.000 0.1018623 0.0781159 
-0.00131780 0.00671886 1.0641e+00 -1.077e+02 0.1799743 0.000 0.1020605 0.0779136 
-0.00131780 0.00696771 1.0680e+00 -1.077e+02 0.1799841 0.000 0.1018008 0.0781831 
-0.00318415 0.00647002 1.0046e+00 -1.084e+02 0.1797353 0.000 0.1026744 0.0770611 
-0.00318415 0.00671886 1.0044e+00 -1.083e+02 0.1797629 0.000 0.1026147 0.0771480 
-0.00318415 0.00696771 1.0045e+00 -1.083e+02 0.1797704 0.000 0.1026302 0.0771401 
-0.00318415 0.00721656 1.0052e+00 -1.082e+02 0.1797378 0.000 0.1026016 0.0771362 
-0.00318415 0.00746540 1.0058e+00 -1.081e+02 0.1797249 0.000 0.1026665 0.0770584 
-0.00318415 0.00771425 1.0075e+00 -1.079e+02 0.1797255 0.000 0.1023171 0.0774086 
-0.00318415 0.00796310 1.0080e+00 -1.080e+02 0.1798336 0.000 0.1023589 0.0774749 
-0.00318415 0.00821194 1.0101e+00 -1.078e+02 0.1799520 0.000 0.1017240 0.0782278 
-0.00318415 0.00846079 1.0114e+00 -1.078e+02 0.1797361 0.000 0.1025734 0.0771627 
-0.00318415 0.00870964 1.0136e+00 -1.077e+02 0.1797662 0.000 0.1024376 0.0773286 
-0.00318415 0.00895848 1.0155e+00 -1.076e+02 0.1798207 0.000 0.1023454 0.0774754 
-0.00318415 0.00920733 1.0176e+00 -1.076e+02 0.1799221 0.000 0.1021876 0.0777346 
-0.00318415 0.00945618 1.0202e+00 -1.074e+02 0.1797869 0.000 0.1025290 0.0772578 
-0.00330857 0.00248847 1.0595e+00 -1.084e+02 0.1799775 0.000 0.1020658 0.0779117 
-0.00330857 0.00273731 1.0530e+00 -1.087e+02 0.1799760 0.000 0.1024919 0.0774841 
-0.00330857 0.00298616 1.0484e+00 -1.086e+02 0.1799932 0.000 0.1019152 0.0780780 
-0.00330857 0.00323501 1.0436e+00 -1.085e+02 0.1799673 0.000 0.1018944 0.0780728 
-0.00330857 0.00348385 1.0388e+00 -1.086e+02 0.1799704 0.000 0.1019514 0.0780188 
-0.00330857 0.00373270 1.0340e+00 -1.086e+02 0.1799854 0.000 0.1018925 0.0780929 
-0.00330857 0.00398155 1.0301e+00 -1.086e+02 0.1799785 0.000 0.1018817 0.0780968 
-0.00330857 0.00423039 1.0262e+00 -1.086e+02 0.1799751 0.000 0.1019434 0.0780316 
-0.00330857 0.00447924 1.0236e+00 -1.084e+02 0.1799515 0.000 0.1016028 0.0783487 
-0.00330857 0.00472809 1.0206e+00 -1.083e+02 0.1799026 0.000 0.1016546 0.0782481 
-0.00330857 0.00497693 1.0168e+00 -1.085e+02 0.1799575 0.000 0.1017793 0.0781781 
-0.00330857 0.00522578 1.0138e+00 -1.086e+02 0.1797561 0.000 0.1025466 0.0772096 
-0.00330857 0.00547463 1.0117e+00 -1.085e+02 0.1797557 0.000 0.1024991 0.0772568 
-0.00330857 0.00572347 1.0100e+00 -1.085e+02 0.1799394 0.000 0.1017657 0.0781737 
-0.00330857 0.00597232 1.0086e+00 -1.084e+02 0.1799322 0.000 0.1017483 0.0781838 
-0.00330857 0.00622117 1.0071e+00 -1.084e+02 0.1797548 0.000 0.1023440 0.0774107 
-0.00330857 0.00647002 1.0064e+00 -1.083e+02 0.1797482 0.000 0.1022975 0.0774505 
-0.00330857 0.00671886 1.0060e+00 -1.083e+02 0.1799535 0.000 0.1017776 0.0781760 
-0.00330857 0.00696771 1.0059e+00 -1.082e+02 0.1799285 0.000 0.1017583 0.0781701 
-0.00330857 0.00721656 1.0054e+00 -1.082e+02 0.1797462 0.000 0.1024444 0.0773021 
-0.00330857 0.00746540 1.0058e+00 -1.081e+02 0.1797663 0.000 0.1023761 0.0773906 
-0.00330857 0.00771425 1.0064e+00 -1.081e+02 0.1797709 0.000 0.1023881 0.0773825 
-0.00330857 0.00796310 1.0074e+00 -1.080e+02 0.1797507 0.000 0.1023120 0.0774390 
-0.00330857 0.00821194 1.0088e+00 -1.079e+02 0.1799466 0.000 0.1017119 0.0782347 
-0.00330857 0.00846079 1.0101e+00 -1.078e+02 0.1799437 0.000 0.1016980 0.0782457 
-0.00330857 0.00870964 1.0110e+00 -1.079e+02 0.1797802 0.000 0.1026541 0.0771262 
-0.00330857 0.00895848 1.0135e+00 -1.076e+02 0.1797751 0.000 0.1023657 0.0774095 
-0.00330857 0.00920733 1.0155e+00 -1.076e+02 0.1797895 0.000 0.1022557 0.0775338 
-0.00330857 0.00945618 1.0171e+00 -1.076e+02 0.1799009 0.000 0.1022475 0.0776535 
-0.00343299 0.00248847 1.0663e+00 -1.085e+02 0.1799756 0.000 0.1023939 0.0775816 
-0.00343299 0.00273731 1.0604e+00 -1.086e+02 0.1799851 0.000 0.1024874 0.0774975 
-0.00343299 0.00298616 1.0552e+00 -1.086e+02 0.1799828 0.000 0.1018938 0.0780891 
-0.00343299 0.00323501 1.0500e+00 -1.086e+02 0.1799795 0.000 0.1018944 0.0780853 
-0.00343299 0.00348385 1.0450e+00 -1.086e+02 0.1799883 0.000 0.1018937 0.0780947 
-0.00343299 0.00373270 1.0403e+00 -1.086e+02 0.1799770 0.000 0.1018922 0.0780849 
-0.00343299 0.00398155 1.0355e+00 -1.087e+02 0.1799884 0.000 0.1018816 0.0781066 
-0.00343299 0.00423039 1.0315e+00 -1.086e+02 0.1799619 0.000 0.1018827 0.0780792 
-0.00343299 0.00447924 1.0275e+00 -1.086e+02 0.1799848 0.000 0.1019414 0.0780433 
-0.00343299 0.00472809 1.0245e+00 -1.085e+02 0.1799567 0.000 0.1017713 0.0781853 
-0.00343299 0.00497693 1.0212e+00 -1.085e+02 0.1799423 0.000 0.1018405 0.0781021 
-0.00343299 0.00522578 1.0181e+00 -1.085e+02 0.1799372 0.000 0.1017429 0.0781944 
-0.00343299 0.00547463 1.0156e+00 -1.085e+02 0.1799348 0.000 0.1017408 0.0781938 
-0.00343299 0.00572347 1.0132e+00 -1.085e+02 0.1799489 0.000 0.1018048 0.0781441 
-0.00343299 0.00597232 1.0104e+00 -1.086e+02 0.1797704 0.000 0.1026047 0.0771657 
-0.00343299 0.00622117 1.0095e+00 -1.084e+02 0.1799424 0.000 0.1017432 0.0781992 
-0.00343299 0.00647002 1.0084e+00 -1.084e+02 0.1799325 0.000 0.1017256 0.0782072 
-0.00343299 0.00671886 1.0072e+00 -1.084e+02 0.1799836 0.000 0.1017786 0.0782047 
-0.00131780 0.00721656 1.0720e+00 -1.077e+02 0.1799649 0.000 0.1017561 0.0782088 
-0.00131780 0.00746540 1.0762e+00 -1.076e+02 0.1799802 0.000 0.1017313 0.0782492 
-0.00131780 0.00771425 1.0802e+00 -1.076e+02 0.1799670 0.000 0.1017563 0.0782107 
-0.00131780 0.00796310 1.0842e+00 -1.076e+02 0.1799788 0.000 0.1017361 0.0782426 
-0.00131780 0.00821194 1.0881e+00 -1.076e+02 0.1799884 0.000 0.1017914 0.0781969 
-0.00131780 0.00846079 1.0921e+00 -1.076e+02 0.1799973 0.000 0.1017871 0.0782104 
-0.00343299 0.00696771 1.0067e+00 -1.083e+02 0.1799678 0.000 0.1017549 0.0782129 
-0.00343299 0.00721656 1.0065e+00 -1.082e+02 0.1799407 0.000 0.1017494 0.0781911 
-0.00343299 0.00746540 1.0059e+00 -1.082e+02 0.1797537 0.000 0.1024439 0.0773099 
-0.00343299 0.00771425 1.0067e+00 -1.081e+02 0.1799617 0.000 0.1017143 0.0782474 
-0.00343299 0.00796310 1.0072e+00 -1.080e+02 0.1799622 0.000 0.1017220 0.0782401 
-0.00343299 0.00821194 1.0079e+00 -1.080e+02 0.1799632 0.000 0.1017284 0.0782344 
-0.00343299 0.00846079 1.0091e+00 -1.079e+02 0.1799255 0.000 0.1017042 0.0782216 
-0.00343299 0.00870964 1.0101e+00 -1.078e+02 0.1799635 0.000 0.1017023 0.0782610 
-0.00343299 0.00895848 1.0111e+00 -1.078e+02 0.1797642 0.000 0.1026256 0.0771385 
-0.00343299 0.00920733 1.0137e+00 -1.076e+02 0.1797286 0.000 0.1022839 0.0774446 
-0.00343299 0.00945618 1.0153e+00 -1.076e+02 0.1797936 0.000 0.1022943 0.0774993 
-0.00355742 0.00248847 1.0746e+00 -1.085e+02 0.1799866 0.000 0.1018800 0.0781067 
-0.00355742 0.00273731 1.0686e+00 -1.085e+02 0.1799777 0.000 0.1019029 0.0780748 
-0.00355742 0.00298616 1.0623e+00 -1.086e+02 0.1799826 0.000 0.1023722 0.0776102 
-0.00355742 0.00323501 1.0567e+00 -1.087e+02 0.1799700 0.000 0.1020274 0.0779427 
-0.00355742 0.00348385 1.0516e+00 -1.086e+02 0.1799779 0.000 0.1018695 0.0781085 
-0.00355742 0.00373270 1.0466e+00 -1.086e+02 0.1799811 0.000 0.1019342 0.0780469 
-0.00355742 0.00398155 1.0417e+00 -1.086e+02 0.1799815 0.000 0.1020424 0.0779393 
-0.00355742 0.00423039 1.0370e+00 -1.087e+02 0.1799736 0.000 0.1022008 0.0777729 
-0.00355742 0.00447924 1.0329e+00 -1.087e+02 0.1799781 0.000 0.1018697 0.0781086 
-0.00355742 0.00472809 1.0289e+00 -1.087e+02 0.1799901 0.000 0.1019409 0.0780493 
-0.00355742 0.00497693 1.0260e+00 -1.085e+02 0.1799322 0.000 0.1017394 0.0781928 
-0.00355742 0.00522578 1.0225e+00 -1.085e+02 0.1799607 0.000 0.1018081 0.0781525 
-0.00355742 0.00547463 1.0198e+00 -1.085e+02 0.1799402 0.000 0.1017604 0.0781798 
-0.00355742 0.00572347 1.0168e+00 -1.085e+02 0.1799426 0.000 0.1017428 0.0782001 
-0.00355742 0.00597232 1.0144e+00 -1.085e+02 0.1799682 0.000 0.1017709 0.0781973 
-0.00355742 0.00622117 1.0127e+00 -1.084e+02 0.1799269 0.000 0.1017421 0.0781848 
-0.00355742 0.00647002 1.0099e+00 -1.086e+02 0.1797483 0.000 0.1026953 0.0770531 
-0.00355742 0.00671886 1.0091e+00 -1.084e+02 0.1799741 0.000 0.1017545 0.0782198 
-0.00355742 0.00696771 1.0082e+00 -1.084e+02 0.1799487 0.000 0.1017751 0.0781735 
-0.00355742 0.00721656 1.0075e+00 -1.083e+02 0.1799782 0.000 0.1017385 0.0782396 
-0.00355742 0.00746540 1.0073e+00 -1.082e+02 0.1799581 0.000 0.1017151 0.0782429 
-0.00355742 0.00771425 1.0071e+00 -1.082e+02 0.1799581 0.000 0.1017394 0.0782185 
-0.00355742 0.00796310 1.0072e+00 -1.081e+02 0.1799660 0.000 0.1017195 0.0782467 
-0.00355742 0.00821194 1.0076e+00 -1.081e+02 0.1799647 0.000 0.1017389 0.0782259 
-0.00355742 0.00846079 1.0083e+00 -1.080e+02 0.1799376 0.000 0.1018334 0.0781043 
-0.00355742 0.00870964 1.0092e+00 -1.079e+02 0.1799741 0.000 0.1017190 0.0782552 
-0.00355742 0.00895848 1.0098e+00 -1.080e+02 0.1797734 0.000 0.1026181 0.0771555 
-0.00355742 0.00920733 1.0113e+00 -1.079e+02 0.1797856 0.000 0.1025935 0.0771921 
-0.00355742 0.00945618 1.0136e+00 -1.077e+02 0.1797765 0.000 0.1023016 0.0774750 
-0.00368184 0.00248847 1.0830e+00 -1.084e+02 0.1799756 0.000 0.1020916 0.0778839 
-0.00368184 0.00273731 1.0764e+00 -1.085e+02 0.1799873 0.000 0.1021895 0.0777977 
-0.00368184 0.00298616 1.0702e+00 -1.086e+02 0.1799883 0.000 0.1023183 0.0776699 
-0.00368184 0.00323501 1.0641e+00 -1.087e+02 0.1799774 0.000 0.1023476 0.0776297 
-0.00368184 0.00348385 1.0591e+00 -1.086e+02 0.1799657 0.000 0.1018884 0.0780771 
-0.00368184 0.00373270 1.0532e+00 -1.087e+02 0.1799745 0.000 0.1019174 0.0780571 
-0.00368184 0.00398155 1.0483e+00 -1.087e+02 0.1799810 0.000 0.1018798 0.0781014 
-0.00368184 0.00423039 1.0435e+00 -1.087e+02 0.1799922 0.000 0.1018839 0.0781083 
-0.00368184 0.00447924 1.0394e+00 -1.086e+02 0.1799823 0.000 0.1017300 0.0782523 
-0.00368184 0.00472809 1.0345e+00 -1.087e+02 0.1799755 0.000 0.1018582 0.0781176 
-0.00368184 0.00497693 1.0306e+00 -1.087e+02 0.1799695 0.000 0.1019153 0.0780544 
-0.00368184 0.00522578 1.0276e+00 -1.085e+02 0.1799284 0.000 0.1017220 0.0782064 
-0.00368184 0.00547463 1.0243e+00 -1.085e+02 0.1799437 0.000 0.1017313 0.0782126 
-0.00368184 0.00572347 1.0213e+00 -1.085e+02 0.1799459 0.000 0.1017491 0.0781967 
-0.00368184 0.00597232 1.0182e+00 -1.085e+02 0.1799461 0.000 0.1017312 0.0782149 
-0.00368184 0.00622117 1.0159e+00 -1.085e+02 0.1799432 0.000 0.1017348 0.0782083 
-0.00368184 0.00647002 1.0138e+00 -1.085e+02 0.1799720 0.000 0.1017586 0.0782135 
-0.00368184 0.00671886 1.0116e+00 -1.085e+02 0.1797775 0.000 0.1024419 0.0773354 
-0.00368184 0.00696771 1.0099e+00 -1.085e+02 0.1797699 0.000 0.1025745 0.0771957 
-0.00368184 0.00721656 1.0093e+00 -1.084e+02 0.1799713 0.000 0.1017333 0.0782381 
-0.00131780 0.00870964 1.0957e+00 -1.077e+02 0.1799844 0.000 0.1024736 0.0775110 
-0.00131780 0.00895848 1.0998e+00 -1.076e+02 0.1799768 0.000 0.1024758 0.0775009 
-0.00131780 0.00920733 1.1038e+00 -1.076e+02 0.1799985 0.000 0.1024375 0.0775610 
-0.00131780 0.00945618 1.1075e+00 -1.077e+02 0.1799828 0.000 0.1023965 0.0775863 
-0.00144222 0.00248847 1.0151e+00 -1.082e+02 0.1798883 0.000 0.1019483 0.0779401 
-0.00144222 0.00273731 1.0154e+00 -1.082e+02 0.1799288 0.000 0.1019124 0.0780165 
