0.00005086 0.00000000 1.0000e+00 -1.121e+02 0.1725413 0.000 0.0985138 0.0740277 
0.00005086 0.00033180 1.0000e+00 -1.212e+02 0.1779038 0.000 0.1021916 0.0757125 
0.00005086 0.00066359 1.0000e+00 -1.341e+02 0.1852871 0.000 0.1075045 0.0777824 
0.00005086 0.00099539 9.9999e-01 -1.525e+02 0.1954978 0.000 0.1146073 0.0808907 
0.00005086 0.00132718 1.0000e+00 -1.794e+02 0.2116482 0.002 0.1220372 0.0896109 
0.00005086 0.00165898 1.0000e+00 -2.200e+02 0.2378036 0.014 0.1297411 0.1080623 
0.00005086 0.00199077 9.9999e-01 -2.802e+02 0.2750981 0.095 0.1399653 0.1351333 
0.00005086 0.00232257 1.0064e+00 -3.339e+02 0.3049915 0.552 0.1499515 0.1550394 
-0.00044683 0.00165898 1.0001e+00 -1.119e+02 0.1701454 0.000 0.0971673 0.0729781 
-0.00044683 0.00199077 1.0000e+00 -1.194e+02 0.1748574 0.000 0.1006544 0.0742031 
-0.00044683 0.00232257 1.0001e+00 -1.278e+02 0.1805177 0.000 0.1044357 0.0760823 
-0.00044683 0.00265437 1.0000e+00 -1.366e+02 0.1867480 0.000 0.1085446 0.0782034 
-0.00044683 0.00298616 1.0001e+00 -1.453e+02 0.1931715 0.000 0.1125183 0.0806532 
-0.00044683 0.00331796 1.0000e+00 -1.536e+02 0.1992688 0.000 0.1163807 0.0828879 
-0.00044683 0.00364975 1.0000e+00 -1.608e+02 0.2048843 0.000 0.1195942 0.0852901 
-0.00044683 0.00398155 1.0000e+00 -1.668e+02 0.2096177 0.000 0.1224750 0.0871425 
-0.00044683 0.00431334 9.9999e-01 -1.713e+02 0.2135371 0.001 0.1247910 0.0887461 
-0.00044683 0.00464514 1.0000e+00 -1.742e+02 0.2163935 0.001 0.1263682 0.0900253 
-0.00044683 0.00497693 1.0000e+00 -1.758e+02 0.2181859 0.001 0.1274689 0.0907171 
-0.00044683 0.00530873 1.0000e+00 -1.762e+02 0.2191592 0.001 0.1282022 0.0909571 
-0.00044683 0.00564053 1.0000e+00 -1.757e+02 0.2197318 0.000 0.1283306 0.0914011 
-0.00044683 0.00597232 1.0000e+00 -1.744e+02 0.2194833 0.000 0.1284160 0.0910673 
-0.00044683 0.00630412 9.9998e-01 -1.728e+02 0.2189138 0.001 0.1280008 0.0909132 
-0.00044683 0.00663591 1.0000e+00 -1.708e+02 0.2178656 0.000 0.1277598 0.0901058 
-0.00044683 0.00696771 1.0000e+00 -1.687e+02 0.2169089 0.000 0.1272396 0.0896692 
-0.00044683 0.00729950 1.0001e+00 -1.667e+02 0.2159627 0.000 0.1265783 0.0893844 
-0.00044683 0.00763130 1.0000e+00 -1.648e+02 0.2152086 0.000 0.1259732 0.0892355 
-0.00044683 0.00796310 1.0000e+00 -1.631e+02 0.2144272 0.000 0.1253752 0.0890520 
-0.00061273 0.00000000 1.0000e+00 -9.242e+01 0.1583099 0.000 0.0889692 0.0693406 
-0.00061273 0.00033180 1.0001e+00 -9.130e+01 0.1569820 0.000 0.0882475 0.0687343 
-0.00061273 0.00066359 1.0002e+00 -9.134e+01 0.1565667 0.000 0.0879959 0.0685711 
-0.00061273 0.00099539 1.0000e+00 -9.266e+01 0.1571716 0.000 0.0886141 0.0685574 
-0.00061273 0.00132718 1.0001e+00 -9.516e+01 0.1588138 0.000 0.0896602 0.0691536 
-0.00061273 0.00165898 1.0000e+00 -9.879e+01 0.1611522 0.000 0.0913871 0.0697651 
-0.00061273 0.00199077 1.0000e+00 -1.033e+02 0.1643135 0.000 0.0932748 0.0710386 
-0.00061273 0.00232257 1.0001e+00 -1.085e+02 0.1680515 0.000 0.0960452 0.0720063 
-0.00061273 0.00265437 1.0000e+00 -1.142e+02 0.1725673 0.000 0.0987779 0.0737892 
-0.00061273 0.00298616 1.0000e+00 -1.200e+02 0.1772199 0.000 0.1019333 0.0752864 
-0.00061273 0.00331796 1.0000e+00 -1.257e+02 0.1817196 0.000 0.1049098 0.0768097 
-0.00061273 0.00364975 1.0000e+00 -1.311e+02 0.1860605 0.000 0.1074645 0.0785962 
-0.00061273 0.00398155 1.0000e+00 -1.358e+02 0.1899701 0.000 0.1100763 0.0798937 
-0.00061273 0.00431334 1.0000e+00 -1.399e+02 0.1933921 0.000 0.1123301 0.0810624 
-0.00061273 0.00464514 1.0000e+00 -1.431e+02 0.1963057 0.000 0.1140113 0.0822944 
-0.00061273 0.00497693 1.0000e+00 -1.454e+02 0.1985638 0.000 0.1154284 0.0831354 
-0.00061273 0.00530873 1.0000e+00 -1.469e+02 0.2002357 0.000 0.1164579 0.0837779 
-0.00061273 0.00564053 1.0000e+00 -1.478e+02 0.2015328 0.000 0.1171230 0.0844096 
-0.00061273 0.00597232 1.0000e+00 -1.480e+02 0.2023542 0.000 0.1175610 0.0847932 
-0.00061273 0.00630412 1.0000e+00 -1.478e+02 0.2027665 0.000 0.1177647 0.0850018 
-0.00061273 0.00663591 1.0000e+00 -1.473e+02 0.2027780 0.000 0.1177868 0.0849909 
-0.00061273 0.00696771 1.0000e+00 -1.465e+02 0.2026137 0.000 0.1174792 0.0851341 
-0.00061273 0.00729950 1.0000e+00 -1.456e+02 0.2023581 0.000 0.1174367 0.0849213 
-0.00061273 0.00763130 1.0000e+00 -1.447e+02 0.2021213 0.000 0.1169981 0.0851230 
-0.00061273 0.00796310 1.0000e+00 -1.439e+02 0.2017844 0.000 0.1167292 0.0850551 
-0.00077863 0.00000000 1.0001e+00 -9.293e+01 0.1582301 0.000 0.0891221 0.0691080 
-0.00077863 0.00033180 1.0001e+00 -9.002e+01 0.1557515 0.000 0.0876082 0.0681433 
-0.00077863 0.00066359 1.0001e+00 -8.823e+01 0.1541904 0.000 0.0864349 0.0677554 
-0.00077863 0.00099539 1.0000e+00 -8.759e+01 0.1534142 0.000 0.0859560 0.0674582 
-0.00077863 0.00132718 1.0001e+00 -8.802e+01 0.1534186 0.000 0.0863223 0.0670962 
-0.00077863 0.00165898 1.0001e+00 -8.950e+01 0.1544626 0.000 0.0868980 0.0675646 
-0.00077863 0.00199077 1.0001e+00 -9.191e+01 0.1563148 0.000 0.0879740 0.0683408 
-0.00077863 0.00232257 1.0000e+00 -9.503e+01 0.1589126 0.000 0.0896511 0.0692615 
-0.00077863 0.00265437 1.0001e+00 -9.864e+01 0.1620405 0.000 0.0917508 0.0702900 
-0.00077863 0.00298616 1.0000e+00 -1.026e+02 0.1655909 0.000 0.0941185 0.0714723 
-0.00077863 0.00331796 1.0001e+00 -1.067e+02 0.1693150 0.000 0.0961372 0.0731779 
-0.00077863 0.00364975 1.0000e+00 -1.107e+02 0.1728522 0.000 0.0983237 0.0745283 
-0.00077863 0.00398155 1.0000e+00 -1.145e+02 0.1762048 0.000 0.1005853 0.0756192 
-0.00077863 0.00431334 1.0000e+00 -1.180e+02 0.1792662 0.000 0.1026918 0.0765747 
-0.00077863 0.00464514 1.0000e+00 -1.210e+02 0.1820921 0.000 0.1042589 0.0778334 
-0.00077863 0.00497693 1.0000e+00 -1.235e+02 0.1843977 0.000 0.1057219 0.0786757 
-0.00077863 0.00530873 1.0000e+00 -1.254e+02 0.1862919 0.000 0.1069647 0.0793273 
-0.00077863 0.00564053 1.0000e+00 -1.269e+02 0.1877425 0.000 0.1079776 0.0797646 
-0.00077863 0.00597232 1.0001e+00 -1.278e+02 0.1890122 0.000 0.1085183 0.0804936 
-0.00077863 0.00630412 1.0000e+00 -1.284e+02 0.1898681 0.000 0.1092362 0.0806318 
-0.00077863 0.00663591 1.0000e+00 -1.287e+02 0.1903169 0.000 0.1101038 0.0802131 
-0.00077863 0.00696771 1.0001e+00 -1.287e+02 0.1907572 0.000 0.1099062 0.0808512 
-0.00077863 0.00729950 1.0001e+00 -1.286e+02 0.1910110 0.000 0.1098846 0.0811264 
-0.00077863 0.00763130 1.0001e+00 -1.284e+02 0.1912287 0.000 0.1096860 0.0815423 
-0.00077863 0.00796310 9.9999e-01 -1.281e+02 0.1910786 0.000 0.1104287 0.0806498 
-0.00094453 0.00000000 1.0001e+00 -9.576e+01 0.1599811 0.000 0.0903542 0.0696269 
-0.00094453 0.00033180 1.0001e+00 -9.092e+01 0.1562333 0.000 0.0878084 0.0684249 
-0.00094453 0.00066359 1.0000e+00 -8.734e+01 0.1533438 0.000 0.0858882 0.0674555 
-0.00094453 0.00099539 1.0001e+00 -8.487e+01 0.1512424 0.000 0.0845229 0.0667196 
-0.00094453 0.00132718 1.0001e+00 -8.356e+01 0.1499844 0.000 0.0839350 0.0660493 
-0.00094453 0.00165898 1.0001e+00 -8.327e+01 0.1496351 0.000 0.0838499 0.0657852 
-0.00094453 0.00199077 1.0000e+00 -8.394e+01 0.1502531 0.000 0.0841321 0.0661211 
-0.00094453 0.00232257 1.0000e+00 -8.539e+01 0.1516058 0.000 0.0851354 0.0664703 
-0.00094453 0.00265437 1.0000e+00 -8.750e+01 0.1539314 0.000 0.0861916 0.0677396 
-0.00094453 0.00298616 1.0001e+00 -9.004e+01 0.1566031 0.000 0.0879185 0.0686846 
0.00005086 0.00265437 1.0153e+00 -3.500e+02 0.3141291 0.595 0.1537549 0.1603745 
0.00005086 0.00298616 1.0197e+00 -3.664e+02 0.3234373 0.637 0.1576406 0.1657972 
0.00005086 0.00331796 1.0167e+00 -3.960e+02 0.3392874 0.627 0.1627447 0.1765424 
0.00005086 0.00364975 1.0151e+00 -4.106e+02 0.3470200 0.664 0.1659558 0.1810642 
0.00005086 0.00398155 1.0115e+00 -4.234e+02 0.3536292 0.695 0.1687260 0.1849030 
0.00005086 0.00431334 1.0065e+00 -4.354e+02 0.3596502 0.724 0.1712819 0.1883687 
0.00005086 0.00464514 1.0008e+00 -4.443e+02 0.3646977 0.742 0.1735002 0.1911978 
0.00005086 0.00497693 1.0000e+00 -4.082e+02 0.3493155 0.284 0.1697479 0.1795676 
-0.00094453 0.00331796 1.0001e+00 -9.292e+01 0.1595288 0.000 0.0897708 0.0697580 
-0.00094453 0.00364975 1.0001e+00 -9.594e+01 0.1625553 0.000 0.0915137 0.0710415 
-0.00094453 0.00398155 1.0001e+00 -9.895e+01 0.1654814 0.000 0.0935767 0.0719046 
-0.00094453 0.00431334 1.0001e+00 -1.019e+02 0.1683278 0.000 0.0952408 0.0730870 
-0.00094453 0.00464514 1.0000e+00 -1.046e+02 0.1709469 0.000 0.0967259 0.0742209 
-0.00094453 0.00497693 1.0000e+00 -1.070e+02 0.1732384 0.000 0.0983039 0.0749344 
-0.00094453 0.00530873 1.0000e+00 -1.091e+02 0.1752695 0.000 0.0994939 0.0757757 
-0.00094453 0.00564053 9.9999e-01 -1.108e+02 0.1768919 0.000 0.1006934 0.0761983 
-0.00094453 0.00597232 1.0001e+00 -1.121e+02 0.1783533 0.000 0.1015442 0.0768091 
-0.00094453 0.00630412 1.0000e+00 -1.132e+02 0.1795235 0.000 0.1023023 0.0772212 
-0.00094453 0.00663591 9.9998e-01 -1.139e+02 0.1803817 0.000 0.1028574 0.0775242 
-0.00094453 0.00696771 1.0000e+00 -1.144e+02 0.1810542 0.000 0.1031821 0.0778723 
-0.00094453 0.00729950 1.0001e+00 -1.148e+02 0.1815213 0.000 0.1032246 0.0782968 
-0.00094453 0.00763130 1.0001e+00 -1.150e+02 0.1818972 0.000 0.1034721 0.0784252 
-0.00094453 0.00796310 1.0000e+00 -1.151e+02 0.1821931 0.000 0.1037295 0.0784635 
-0.00111042 0.00000000 1.0000e+00 -1.020e+02 0.1638540 0.000 0.0930152 0.0708387 
-0.00111042 0.00033180 1.0000e+00 -9.474e+01 0.1586388 0.000 0.0895614 0.0690774 
-0.00111042 0.00066359 1.0001e+00 -8.903e+01 0.1542649 0.000 0.0867574 0.0675074 
-0.00111042 0.00099539 1.0000e+00 -8.474e+01 0.1509043 0.000 0.0844542 0.0664502 
-0.00111042 0.00132718 1.0000e+00 -8.166e+01 0.1483194 0.000 0.0829908 0.0653286 
-0.00111042 0.00165898 1.0001e+00 -7.972e+01 0.1468466 0.000 0.0818438 0.0650028 
-0.00111042 0.00199077 1.0000e+00 -7.883e+01 0.1462984 0.000 0.0813999 0.0648985 
-0.00111042 0.00232257 1.0001e+00 -7.883e+01 0.1466247 0.000 0.0815783 0.0650464 
-0.00111042 0.00265437 1.0001e+00 -7.960e+01 0.1477001 0.000 0.0822474 0.0654527 
-0.00111042 0.00298616 1.0002e+00 -8.098e+01 0.1494960 0.000 0.0833236 0.0661724 
-0.00111042 0.00331796 1.0001e+00 -8.283e+01 0.1517379 0.000 0.0847840 0.0669539 
-0.00111042 0.00364975 1.0000e+00 -8.500e+01 0.1542052 0.000 0.0862755 0.0679296 
-0.00111042 0.00398155 1.0001e+00 -8.733e+01 0.1568438 0.000 0.0876611 0.0691827 
-0.00111042 0.00431334 1.0001e+00 -8.972e+01 0.1593732 0.000 0.0893251 0.0700481 
-0.00111042 0.00464514 1.0000e+00 -9.209e+01 0.1617094 0.000 0.0911255 0.0705839 
-0.00111042 0.00497693 1.0001e+00 -9.430e+01 0.1640239 0.000 0.0922183 0.0718055 
-0.00111042 0.00530873 1.0001e+00 -9.632e+01 0.1659693 0.000 0.0935371 0.0724322 
-0.00111042 0.00564053 1.0000e+00 -9.810e+01 0.1677418 0.000 0.0946070 0.0731349 
-0.00111042 0.00597232 1.0000e+00 -9.964e+01 0.1693739 0.000 0.0954260 0.0739479 
-0.00111042 0.00630412 1.0001e+00 -1.009e+02 0.1707636 0.000 0.0961836 0.0745798 
-0.00111042 0.00663591 1.0001e+00 -1.020e+02 0.1718666 0.000 0.0969070 0.0749596 
-0.00111042 0.00696771 1.0001e+00 -1.028e+02 0.1727635 0.000 0.0974308 0.0753325 
-0.00111042 0.00729950 1.0000e+00 -1.034e+02 0.1734884 0.000 0.0978646 0.0756237 
-0.00111042 0.00763130 1.0001e+00 -1.039e+02 0.1739760 0.000 0.0981866 0.0757892 
-0.00111042 0.00796310 1.0000e+00 -1.043e+02 0.1744178 0.000 0.0984729 0.0759450 
-0.00127632 0.00000000 1.0000e+00 -1.140e+02 0.1707393 0.000 0.0977652 0.0729741 
-0.00127632 0.00033180 1.0000e+00 -1.026e+02 0.1634897 0.000 0.0929728 0.0705170 
-0.00127632 0.00066359 1.0000e+00 -9.397e+01 0.1576001 0.000 0.0888861 0.0687142 
-0.00127632 0.00099539 1.0000e+00 -8.733e+01 0.1526599 0.000 0.0857009 0.0669591 
-0.00127632 0.00132718 1.0000e+00 -8.230e+01 0.1488075 0.000 0.0831661 0.0656415 
-0.00127632 0.00165898 1.0001e+00 -7.864e+01 0.1459269 0.000 0.0814186 0.0645084 
-0.00127632 0.00199077 1.0001e+00 -7.621e+01 0.1440992 0.000 0.0803878 0.0637114 
-0.00127632 0.00232257 1.0001e+00 -7.483e+01 0.1434168 0.000 0.0796861 0.0637308 
-0.00127632 0.00265437 1.0001e+00 -7.437e+01 0.1435434 0.000 0.0796424 0.0639009 
-0.00127632 0.00298616 1.0001e+00 -7.466e+01 0.1443378 0.000 0.0802342 0.0641036 
-0.00127632 0.00331796 1.0000e+00 -7.558e+01 0.1458498 0.000 0.0809273 0.0649227 
-0.00127632 0.00364975 1.0001e+00 -7.692e+01 0.1476376 0.000 0.0821038 0.0655338 
-0.00127632 0.00398155 1.0001e+00 -7.861e+01 0.1497671 0.000 0.0832189 0.0665484 
-0.00127632 0.00431334 1.0001e+00 -8.050e+01 0.1519911 0.000 0.0845249 0.0674663 
-0.00127632 0.00464514 1.0001e+00 -8.247e+01 0.1541412 0.000 0.0860477 0.0680934 
-0.00127632 0.00497693 1.0000e+00 -8.445e+01 0.1563325 0.000 0.0871686 0.0691640 
-0.00127632 0.00530873 1.0001e+00 -8.632e+01 0.1582121 0.000 0.0886008 0.0696116 
-0.00127632 0.00564053 1.0001e+00 -8.807e+01 0.1600558 0.000 0.0894210 0.0706349 
-0.00127632 0.00597232 1.0000e+00 -8.966e+01 0.1616215 0.000 0.0904685 0.0711531 
-0.00127632 0.00630412 1.0001e+00 -9.104e+01 0.1630362 0.000 0.0913643 0.0716721 
-0.00127632 0.00663591 1.0000e+00 -9.225e+01 0.1643420 0.000 0.0920954 0.0722468 
-0.00127632 0.00696771 1.0001e+00 -9.325e+01 0.1654251 0.000 0.0927030 0.0727222 
-0.00127632 0.00729950 1.0000e+00 -9.411e+01 0.1663222 0.000 0.0932325 0.0730895 
-0.00127632 0.00763130 1.0001e+00 -9.480e+01 0.1670184 0.000 0.0936511 0.0733672 
-0.00127632 0.00796310 1.0000e+00 -9.540e+01 0.1675302 0.000 0.0942529 0.0732773 
-0.00144222 0.00000000 1.0000e+00 -1.368e+02 0.1834729 0.000 0.1057319 0.0777411 
-0.00144222 0.00033180 1.0000e+00 -1.165e+02 0.1715201 0.000 0.0983920 0.0731281 
-0.00144222 0.00066359 1.0000e+00 -1.027e+02 0.1630376 0.000 0.0926863 0.0703513 
-0.00144222 0.00099539 1.0000e+00 -9.275e+01 0.1563140 0.000 0.0881344 0.0681797 
-0.00144222 0.00132718 1.0001e+00 -8.526e+01 0.1507886 0.000 0.0845513 0.0662373 
-0.00144222 0.00165898 1.0000e+00 -7.970e+01 0.1467029 0.000 0.0819220 0.0647808 
-0.00144222 0.00199077 1.0000e+00 -7.567e+01 0.1437421 0.000 0.0801058 0.0636365 
-0.00144222 0.00232257 1.0001e+00 -7.292e+01 0.1418904 0.000 0.0788450 0.0630454 
-0.00144222 0.00265437 1.0000e+00 -7.129e+01 0.1410177 0.000 0.0780975 0.0629202 
-0.00144222 0.00298616 1.0001e+00 -7.054e+01 0.1409142 0.000 0.0779508 0.0629635 
-0.00144222 0.00331796 1.0001e+00 -7.054e+01 0.1415093 0.000 0.0782703 0.0632390 
-0.00144222 0.00364975 1.0001e+00 -7.112e+01 0.1426573 0.000 0.0788266 0.0638308 
-0.00144222 0.00398155 1.0001e+00 -7.216e+01 0.1441700 0.000 0.0797100 0.0644599 
-0.00144222 0.00431334 1.0001e+00 -7.352e+01 0.1459527 0.000 0.0806784 0.0652744 
-0.00144222 0.00464514 1.0001e+00 -7.506e+01 0.1477270 0.000 0.0820654 0.0656615 
0.00005086 0.00530873 1.0000e+00 -3.788e+02 0.3364767 0.152 0.1670536 0.1694231 
0.00005086 0.00564053 1.0001e+00 -3.525e+02 0.3241297 0.094 0.1647544 0.1593756 
0.00005086 0.00597232 9.9999e-01 -3.301e+02 0.3130974 0.058 0.1626735 0.1504236 
0.00005086 0.00630412 9.9997e-01 -3.122e+02 0.3040584 0.046 0.1601661 0.1438923 
0.00005086 0.00663591 1.0000e+00 -2.957e+02 0.2953666 0.034 0.1585547 0.1368121 
0.00005086 0.00696771 1.0000e+00 -2.821e+02 0.2879961 0.025 0.1572774 0.1307185 
0.00005086 0.00729950 1.0000e+00 -2.710e+02 0.2818321 0.018 0.1561878 0.1256443 
0.00005086 0.00763130 1.0000e+00 -2.620e+02 0.2768976 0.013 0.1551873 0.1217103 
-0.00144222 0.00497693 1.0001e+00 -7.674e+01 0.1497072 0.000 0.0830336 0.0666737 
-0.00144222 0.00530873 1.0001e+00 -7.842e+01 0.1516355 0.000 0.0840994 0.0675361 
-0.00144222 0.00564053 1.0001e+00 -8.006e+01 0.1534215 0.000 0.0851519 0.0682697 
-0.00144222 0.00597232 1.0001e+00 -8.157e+01 0.1550276 0.000 0.0862256 0.0688018 
-0.00144222 0.00630412 1.0001e+00 -8.298e+01 0.1564483 0.000 0.0870767 0.0693716 
-0.00144222 0.00663591 1.0001e+00 -8.425e+01 0.1577041 0.000 0.0880006 0.0697037 
-0.00144222 0.00696771 1.0000e+00 -8.538e+01 0.1589064 0.000 0.0887690 0.0701374 
-0.00144222 0.00729950 1.0001e+00 -8.635e+01 0.1600243 0.000 0.0891723 0.0708522 
-0.00144222 0.00763130 1.0001e+00 -8.718e+01 0.1608626 0.000 0.0897494 0.0711131 
-0.00144222 0.00796310 1.0000e+00 -8.792e+01 0.1615197 0.000 0.0904146 0.0711054 
-0.00160812 0.00000000 1.0000e+00 -2.069e+02 0.2261762 0.146 0.1152099 0.1109660 
-0.00160812 0.00033180 9.9999e-01 -1.429e+02 0.1861408 0.002 0.1064811 0.0796598 
-0.00160812 0.00066359 1.0000e+00 -1.170e+02 0.1710380 0.000 0.0982829 0.0727554 
-0.00160812 0.00099539 9.9997e-01 -1.012e+02 0.1616331 0.000 0.0917647 0.0698684 
-0.00160812 0.00132718 1.0000e+00 -9.037e+01 0.1543791 0.000 0.0869065 0.0674726 
-0.00160812 0.00165898 1.0001e+00 -8.251e+01 0.1488508 0.000 0.0831922 0.0656585 
-0.00160812 0.00199077 1.0001e+00 -7.676e+01 0.1445500 0.000 0.0806782 0.0638717 
-0.00160812 0.00232257 1.0001e+00 -7.266e+01 0.1416346 0.000 0.0786696 0.0629649 
-0.00160812 0.00265437 1.0001e+00 -6.988e+01 0.1398093 0.000 0.0771986 0.0626108 
-0.00160812 0.00298616 1.0000e+00 -6.817e+01 0.1387531 0.000 0.0765533 0.0622000 
-0.00160812 0.00331796 1.0001e+00 -6.729e+01 0.1385131 0.000 0.0763169 0.0621962 
-0.00160812 0.00364975 1.0000e+00 -6.715e+01 0.1389620 0.000 0.0765303 0.0624318 
-0.00160812 0.00398155 1.0001e+00 -6.753e+01 0.1398830 0.000 0.0770753 0.0628076 
-0.00160812 0.00431334 1.0001e+00 -6.833e+01 0.1411634 0.000 0.0778066 0.0633570 
-0.00160812 0.00464514 1.0001e+00 -6.944e+01 0.1427126 0.000 0.0786392 0.0640736 
-0.00160812 0.00497693 1.0000e+00 -7.076e+01 0.1443516 0.000 0.0796143 0.0647375 
-0.00160812 0.00530873 1.0001e+00 -7.217e+01 0.1460386 0.000 0.0805999 0.0654384 
-0.00160812 0.00564053 1.0000e+00 -7.362e+01 0.1477220 0.000 0.0816173 0.0661048 
-0.00160812 0.00597232 1.0001e+00 -7.503e+01 0.1492969 0.000 0.0825670 0.0667299 
-0.00160812 0.00630412 1.0000e+00 -7.641e+01 0.1508383 0.000 0.0835157 0.0673223 
-0.00160812 0.00663591 1.0000e+00 -7.767e+01 0.1522153 0.000 0.0842990 0.0679162 
-0.00160812 0.00696771 1.0001e+00 -7.880e+01 0.1533453 0.000 0.0850474 0.0682981 
-0.00160812 0.00729950 1.0001e+00 -7.985e+01 0.1544639 0.000 0.0856852 0.0687785 
-0.00160812 0.00763130 1.0001e+00 -8.077e+01 0.1553832 0.000 0.0864625 0.0689205 
-0.00160812 0.00796310 1.0000e+00 -8.160e+01 0.1561999 0.000 0.0870569 0.0691433 
-0.00177401 0.00000000 1.0478e+00 -2.198e+02 0.2354586 0.579 0.1177288 0.1177297 
-0.00177401 0.00033180 1.0067e+00 -2.219e+02 0.2352301 0.568 0.1176385 0.1175914 
-0.00177401 0.00066359 1.0000e+00 -1.438e+02 0.1865962 0.002 0.1064605 0.0801357 
-0.00177401 0.00099539 1.0000e+00 -1.143e+02 0.1695315 0.000 0.0972523 0.0722791 
-0.00177401 0.00132718 1.0001e+00 -9.785e+01 0.1595045 0.000 0.0903356 0.0691686 
-0.00177401 0.00165898 1.0001e+00 -8.697e+01 0.1522319 0.000 0.0854240 0.0668079 
-0.00177401 0.00199077 1.0001e+00 -7.930e+01 0.1467321 0.000 0.0817396 0.0649924 
-0.00177401 0.00232257 1.0000e+00 -7.381e+01 0.1425998 0.000 0.0790957 0.0635042 
-0.00177401 0.00265437 1.0001e+00 -6.989e+01 0.1396437 0.000 0.0771713 0.0624724 
-0.00177401 0.00298616 1.0001e+00 -6.723e+01 0.1377682 0.000 0.0758588 0.0619094 
-0.00177401 0.00331796 1.0001e+00 -6.554e+01 0.1366738 0.000 0.0752526 0.0614209 
-0.00177401 0.00364975 1.0000e+00 -6.467e+01 0.1363716 0.000 0.0751604 0.0612112 
-0.00177401 0.00398155 1.0001e+00 -6.442e+01 0.1367731 0.000 0.0751240 0.0616493 
-0.00177401 0.00431334 1.0001e+00 -6.469e+01 0.1375818 0.000 0.0755458 0.0620357 
-0.00177401 0.00464514 1.0001e+00 -6.533e+01 0.1386884 0.000 0.0761807 0.0625075 
-0.00177401 0.00497693 1.0001e+00 -6.623e+01 0.1400285 0.000 0.0769841 0.0630445 
-0.00177401 0.00530873 1.0001e+00 -6.733e+01 0.1415370 0.000 0.0778885 0.0636484 
-0.00177401 0.00564053 1.0001e+00 -6.855e+01 0.1430898 0.000 0.0787053 0.0643846 
-0.00177401 0.00597232 1.0000e+00 -6.981e+01 0.1445904 0.000 0.0796730 0.0649173 
-0.00177401 0.00630412 1.0000e+00 -7.104e+01 0.1459204 0.000 0.0806981 0.0652222 
-0.00177401 0.00663591 1.0001e+00 -7.224e+01 0.1473334 0.000 0.0812450 0.0660883 
-0.00177401 0.00696771 1.0000e+00 -7.338e+01 0.1485368 0.000 0.0820256 0.0665114 
-0.00177401 0.00729950 1.0001e+00 -7.443e+01 0.1496478 0.000 0.0827324 0.0669155 
-0.00177401 0.00763130 1.0001e+00 -7.538e+01 0.1506243 0.000 0.0832959 0.0673283 
-0.00177401 0.00796310 1.0001e+00 -7.624e+01 0.1514779 0.000 0.0840479 0.0674301 
-0.00193991 0.00000000 1.1031e+00 -2.151e+02 0.2335032 0.581 0.1167794 0.1167239 
-0.00193991 0.00033180 1.0587e+00 -2.166e+02 0.2329675 0.567 0.1165814 0.1163864 
-0.00193991 0.00066359 1.0069e+00 -2.232e+02 0.2369418 0.577 0.1184643 0.1184774 
-0.00193991 0.00099539 1.0001e+00 -1.383e+02 0.1841063 0.001 0.1056953 0.0784110 
-0.00193991 0.00132718 1.0000e+00 -1.094e+02 0.1671793 0.000 0.0954843 0.0716951 
-0.00193991 0.00165898 1.0000e+00 -9.371e+01 0.1571734 0.000 0.0887829 0.0683905 
-0.00193991 0.00199077 1.0001e+00 -8.348e+01 0.1500296 0.000 0.0839217 0.0661080 
-0.00193991 0.00232257 1.0000e+00 -7.636e+01 0.1447188 0.000 0.0804167 0.0643021 
-0.00193991 0.00265437 1.0001e+00 -7.125e+01 0.1407477 0.000 0.0778289 0.0629189 
-0.00193991 0.00298616 1.0001e+00 -6.763e+01 0.1378984 0.000 0.0761295 0.0617687 
-0.00193991 0.00331796 1.0000e+00 -6.516e+01 0.1361044 0.000 0.0749042 0.0612003 
-0.00193991 0.00364975 1.0001e+00 -6.356e+01 0.1350367 0.000 0.0743890 0.0606477 
-0.00193991 0.00398155 1.0000e+00 -6.270e+01 0.1348167 0.000 0.0739553 0.0608615 
-0.00193991 0.00431334 1.0000e+00 -6.240e+01 0.1350487 0.000 0.0741983 0.0608506 
-0.00193991 0.00464514 1.0001e+00 -6.254e+01 0.1357592 0.000 0.0744643 0.0612951 
-0.00193991 0.00497693 1.0001e+00 -6.305e+01 0.1367723 0.000 0.0750041 0.0617681 
-0.00193991 0.00530873 1.0000e+00 -6.379e+01 0.1379192 0.000 0.0757834 0.0621358 
-0.00193991 0.00564053 1.0000e+00 -6.472e+01 0.1393116 0.000 0.0764512 0.0628604 
-0.00193991 0.00597232 1.0000e+00 -6.575e+01 0.1407202 0.000 0.0772479 0.0634724 
-0.00193991 0.00630412 1.0001e+00 -6.681e+01 0.1420576 0.000 0.0779788 0.0640791 
0.00005086 0.00796310 1.0000e+00 -2.547e+02 0.2728316 0.010 0.1545535 0.1182784 
-0.00011504 0.00000000 1.0001e+00 -1.032e+02 0.1666761 0.000 0.0945259 0.0721503 
-0.00011504 0.00033180 1.0000e+00 -1.089e+02 0.1700067 0.000 0.0968110 0.0731957 
-0.00011504 0.00066359 1.0000e+00 -1.169e+02 0.1746233 0.000 0.1004635 0.0741598 
-0.00011504 0.00099539 1.0000e+00 -1.278e+02 0.1810133 0.000 0.1045796 0.0764336 
-0.00011504 0.00132718 1.0000e+00 -1.422e+02 0.1890491 0.000 0.1104286 0.0786206 
-0.00011504 0.00165898 1.0000e+00 -1.608e+02 0.2000721 0.001 0.1169901 0.0830823 
-0.00011504 0.00199077 1.0000e+00 -1.843e+02 0.2152960 0.002 0.1236312 0.0916648 
-0.00193991 0.00663591 1.0000e+00 -6.790e+01 0.1433602 0.000 0.0787796 0.0645806 
-0.00193991 0.00696771 1.0000e+00 -6.896e+01 0.1445521 0.000 0.0794333 0.0651184 
-0.00193991 0.00729950 1.0000e+00 -6.998e+01 0.1455956 0.000 0.0801398 0.0654561 
-0.00193991 0.00763130 1.0001e+00 -7.092e+01 0.1466056 0.000 0.0807052 0.0659004 
-0.00193991 0.00796310 1.0001e+00 -7.178e+01 0.1474229 0.000 0.0815527 0.0658701 
-0.00210581 0.00000000 1.1632e+00 -2.112e+02 0.2313808 0.583 0.1157604 0.1156204 
-0.00210581 0.00033180 1.1154e+00 -2.123e+02 0.2307497 0.562 0.1155511 0.1151991 
-0.00210581 0.00066359 1.0594e+00 -2.189e+02 0.2351356 0.574 0.1176631 0.1174722 
-0.00210581 0.00099539 1.0000e+00 -2.166e+02 0.2343777 0.207 0.1183441 0.1160335 
-0.00210581 0.00132718 1.0000e+00 -1.304e+02 0.1805323 0.000 0.1043172 0.0762151 
-0.00210581 0.00165898 1.0000e+00 -1.044e+02 0.1648822 0.000 0.0937784 0.0711041 
-0.00210581 0.00199077 1.0001e+00 -9.007e+01 0.1552545 0.000 0.0873188 0.0679358 
-0.00210581 0.00232257 1.0002e+00 -8.067e+01 0.1483274 0.000 0.0827165 0.0656110 
-0.00210581 0.00265437 1.0001e+00 -7.412e+01 0.1432145 0.000 0.0794430 0.0637715 
-0.00210581 0.00298616 1.0000e+00 -6.944e+01 0.1394404 0.000 0.0770121 0.0624285 
-0.00210581 0.00331796 1.0001e+00 -6.608e+01 0.1367695 0.000 0.0752507 0.0615188 
-0.00210581 0.00364975 9.9999e-01 -6.375e+01 0.1349321 0.000 0.0743730 0.0605591 
-0.00210581 0.00398155 1.0000e+00 -6.224e+01 0.1340991 0.000 0.0735493 0.0605498 
-0.00210581 0.00431334 1.0000e+00 -6.136e+01 0.1337715 0.000 0.0734878 0.0602838 
-0.00210581 0.00464514 1.0001e+00 -6.099e+01 0.1339672 0.000 0.0735796 0.0603877 
-0.00210581 0.00497693 1.0001e+00 -6.104e+01 0.1345425 0.000 0.0738738 0.0606686 
-0.00210581 0.00530873 1.0002e+00 -6.139e+01 0.1353714 0.000 0.0743335 0.0610381 
-0.00210581 0.00564053 1.0000e+00 -6.200e+01 0.1364124 0.000 0.0749624 0.0614498 
-0.00210581 0.00597232 1.0001e+00 -6.275e+01 0.1376575 0.000 0.0754570 0.0622005 
-0.00210581 0.00630412 1.0000e+00 -6.362e+01 0.1388687 0.000 0.0762264 0.0626423 
-0.00210581 0.00663591 1.0001e+00 -6.453e+01 0.1401230 0.000 0.0767628 0.0633598 
-0.00210581 0.00696771 1.0000e+00 -6.547e+01 0.1413348 0.000 0.0775226 0.0638122 
-0.00210581 0.00729950 1.0001e+00 -6.639e+01 0.1424202 0.000 0.0781232 0.0642970 
-0.00210581 0.00763130 1.0000e+00 -6.729e+01 0.1433532 0.000 0.0787245 0.0646288 
-0.00210581 0.00796310 1.0001e+00 -6.813e+01 0.1442331 0.000 0.0792331 0.0649999 
-0.00227171 0.00000000 1.2267e+00 -2.093e+02 0.2302069 0.612 0.1152617 0.1149452 
-0.00227171 0.00033180 1.1773e+00 -2.088e+02 0.2288458 0.567 0.1146800 0.1141658 
-0.00227171 0.00066359 1.1176e+00 -2.155e+02 0.2337402 0.574 0.1170669 0.1166731 
-0.00227171 0.00099539 1.0517e+00 -2.267e+02 0.2418118 0.600 0.1208700 0.1209412 
-0.00227171 0.00132718 1.0000e+00 -1.871e+02 0.2182422 0.032 0.1156196 0.1026227 
-0.00227171 0.00165898 1.0000e+00 -1.240e+02 0.1778885 0.000 0.1024618 0.0754268 
-0.00227171 0.00199077 1.0000e+00 -1.008e+02 0.1634343 0.000 0.0926291 0.0708053 
-0.00227171 0.00232257 1.0000e+00 -8.761e+01 0.1540725 0.000 0.0865844 0.0674883 
-0.00227171 0.00265437 1.0001e+00 -7.891e+01 0.1474077 0.000 0.0820887 0.0653189 
-0.00227171 0.00298616 1.0001e+00 -7.280e+01 0.1424671 0.000 0.0790844 0.0633828 
-0.00227171 0.00331796 1.0001e+00 -6.840e+01 0.1389106 0.000 0.0766784 0.0622321 
-0.00227171 0.00364975 1.0001e+00 -6.522e+01 0.1363493 0.000 0.0749759 0.0613735 
-0.00227171 0.00398155 1.0000e+00 -6.299e+01 0.1346144 0.000 0.0740641 0.0605504 
-0.00227171 0.00431334 1.0001e+00 -6.149e+01 0.1336950 0.000 0.0734277 0.0602672 
-0.00227171 0.00464514 1.0001e+00 -6.059e+01 0.1333148 0.000 0.0732075 0.0601074 
-0.00227171 0.00497693 1.0000e+00 -6.016e+01 0.1334780 0.000 0.0731660 0.0603118 
-0.00227171 0.00530873 1.0000e+00 -6.011e+01 0.1339580 0.000 0.0734148 0.0605432 
-0.00227171 0.00564053 1.0000e+00 -6.034e+01 0.1347004 0.000 0.0738066 0.0608936 
-0.00227171 0.00597232 1.0000e+00 -6.079e+01 0.1356699 0.000 0.0741704 0.0614995 
-0.00227171 0.00630412 1.0001e+00 -6.138e+01 0.1367019 0.000 0.0747207 0.0619811 
-0.00227171 0.00663591 1.0000e+00 -6.209e+01 0.1377384 0.000 0.0754046 0.0623338 
-0.00227171 0.00696771 1.0000e+00 -6.285e+01 0.1387919 0.000 0.0759889 0.0628031 
-0.00227171 0.00729950 1.0001e+00 -6.363e+01 0.1398388 0.000 0.0765734 0.0632656 
-0.00227171 0.00763130 1.0001e+00 -6.442e+01 0.1408137 0.000 0.0773118 0.0635019 
-0.00227171 0.00796310 1.0001e+00 -6.519e+01 0.1416956 0.000 0.0778111 0.0638847 
-0.00243761 0.00000000 1.2942e+00 -2.044e+02 0.2275580 0.534 0.1140730 0.1134848 
-0.00243761 0.00033180 1.2442e+00 -2.044e+02 0.2267825 0.517 0.1137850 0.1129977 
-0.00243761 0.00066359 1.1814e+00 -2.135e+02 0.2333969 0.599 0.1170109 0.1163862 
-0.00243761 0.00099539 1.1122e+00 -2.238e+02 0.2409248 0.572 0.1205845 0.1203399 
-0.00243761 0.00132718 1.0411e+00 -2.354e+02 0.2485644 0.572 0.1241686 0.1243956 
-0.00243761 0.00165898 9.9999e-01 -1.723e+02 0.2099834 0.013 0.1146208 0.0953623 
-0.00243761 0.00199077 1.0000e+00 -1.201e+02 0.1765168 0.000 0.1014412 0.0750757 
-0.00243761 0.00232257 1.0000e+00 -9.885e+01 0.1627738 0.000 0.0921316 0.0706420 
-0.00243761 0.00265437 1.0000e+00 -8.646e+01 0.1537452 0.000 0.0862137 0.0675316 
-0.00243761 0.00298616 1.0001e+00 -7.820e+01 0.1472680 0.000 0.0819596 0.0653084 
-0.00243761 0.00331796 1.0000e+00 -7.236e+01 0.1424758 0.000 0.0790524 0.0634233 
-0.00243761 0.00364975 1.0001e+00 -6.811e+01 0.1390460 0.000 0.0767033 0.0623429 
-0.00243761 0.00398155 1.0000e+00 -6.503e+01 0.1365783 0.000 0.0750608 0.0615175 
-0.00243761 0.00431334 1.0000e+00 -6.283e+01 0.1349195 0.000 0.0740347 0.0608847 
-0.00243761 0.00464514 1.0001e+00 -6.131e+01 0.1339466 0.000 0.0733551 0.0605914 
-0.00243761 0.00497693 1.0001e+00 -6.035e+01 0.1334511 0.000 0.0730352 0.0604161 
-0.00243761 0.00530873 1.0001e+00 -5.983e+01 0.1334846 0.000 0.0729033 0.0605811 
-0.00243761 0.00564053 1.0001e+00 -5.965e+01 0.1337469 0.000 0.0733166 0.0604303 
-0.00243761 0.00597232 1.0000e+00 -5.974e+01 0.1343302 0.000 0.0736243 0.0607057 
-0.00243761 0.00630412 1.0000e+00 -6.005e+01 0.1350886 0.000 0.0739640 0.0611246 
-0.00243761 0.00663591 1.0001e+00 -6.049e+01 0.1359887 0.000 0.0744257 0.0615628 
-0.00243761 0.00696771 1.0000e+00 -6.104e+01 0.1369356 0.000 0.0749522 0.0619834 
-0.00243761 0.00729950 1.0001e+00 -6.166e+01 0.1378865 0.000 0.0754093 0.0624773 
-0.00243761 0.00763130 1.0001e+00 -6.232e+01 0.1387927 0.000 0.0759195 0.0628733 
-0.00243761 0.00796310 1.0000e+00 -6.299e+01 0.1397083 0.000 0.0763519 0.0633564 
-0.00011504 0.00232257 1.0000e+00 -2.117e+02 0.2337935 0.020 0.1302652 0.1035285 
-0.00011504 0.00265437 1.0000e+00 -2.399e+02 0.2527841 0.014 0.1363156 0.1164687 
-0.00011504 0.00298616 1.0000e+00 -2.655e+02 0.2692721 0.028 0.1413761 0.1278955 
-0.00011504 0.00331796 1.0000e+00 -2.846e+02 0.2811880 0.042 0.1457559 0.1354314 
-0.00011504 0.00364975 9.9997e-01 -2.968e+02 0.2889265 0.051 0.1488312 0.1400955 
-0.00011504 0.00398155 1.0000e+00 -3.020e+02 0.2925262 0.057 0.1507453 0.1417814 
-0.00011504 0.00431334 9.9996e-01 -3.012e+02 0.2927900 0.043 0.1518563 0.1409334 
-0.00011504 0.00464514 9.9999e-01 -2.965e+02 0.2910976 0.036 0.1523895 0.1387082 
-0.00260350 0.00000000 1.3612e+00 -2.021e+02 0.2273990 0.550 0.1140570 0.1133418 
-0.00260350 0.00033180 1.3128e+00 -2.016e+02 0.2266359 0.531 0.1137809 0.1128550 
-0.00260350 0.00066359 1.2505e+00 -2.077e+02 0.2314290 0.537 0.1160672 0.1153616 
-0.00260350 0.00099539 1.1776e+00 -2.224e+02 0.2412372 0.580 0.1208455 0.1203916 
-0.00260350 0.00132718 1.1031e+00 -2.347e+02 0.2492264 0.596 0.1246193 0.1246074 
-0.00260350 0.00165898 1.0303e+00 -2.468e+02 0.2566219 0.609 0.1280878 0.1285342 
-0.00260350 0.00199077 1.0000e+00 -1.655e+02 0.2063850 0.008 0.1146291 0.0917562 
-0.00260350 0.00232257 1.0000e+00 -1.189e+02 0.1765254 0.000 0.1012195 0.0753060 
-0.00260350 0.00265437 1.0000e+00 -9.859e+01 0.1630058 0.000 0.0922815 0.0707242 
-0.00260350 0.00298616 1.0000e+00 -8.656e+01 0.1541792 0.000 0.0864362 0.0677431 
-0.00260350 0.00331796 1.0001e+00 -7.846e+01 0.1477135 0.000 0.0824114 0.0653020 
-0.00260350 0.00364975 1.0001e+00 -7.271e+01 0.1430353 0.000 0.0793841 0.0636510 
-0.00260350 0.00398155 1.0001e+00 -6.850e+01 0.1396284 0.000 0.0770781 0.0625502 
-0.00260350 0.00431334 1.0001e+00 -6.542e+01 0.1371586 0.000 0.0754613 0.0616972 
-0.00260350 0.00464514 1.0000e+00 -6.319e+01 0.1354276 0.000 0.0745122 0.0609155 
-0.00260350 0.00497693 1.0001e+00 -6.162e+01 0.1344302 0.000 0.0737464 0.0606837 
-0.00260350 0.00530873 1.0001e+00 -6.057e+01 0.1338970 0.000 0.0733381 0.0605590 
-0.00260350 0.00564053 1.0000e+00 -5.995e+01 0.1337920 0.000 0.0732666 0.0605255 
-0.00260350 0.00597232 1.0001e+00 -5.964e+01 0.1340218 0.000 0.0731912 0.0608306 
-0.00260350 0.00630412 1.0001e+00 -5.959e+01 0.1343799 0.000 0.0735691 0.0608109 
-0.00260350 0.00663591 1.0001e+00 -5.974e+01 0.1350253 0.000 0.0737218 0.0613035 
-0.00260350 0.00696771 1.0000e+00 -6.005e+01 0.1357640 0.000 0.0741217 0.0616421 
-0.00260350 0.00729950 1.0001e+00 -6.045e+01 0.1365358 0.000 0.0745480 0.0619877 
-0.00260350 0.00763130 1.0001e+00 -6.093e+01 0.1373532 0.000 0.0750037 0.0623496 
-0.00260350 0.00796310 1.0000e+00 -6.145e+01 0.1381196 0.000 0.0754386 0.0626812 
-0.00276940 0.00000000 1.4256e+00 -2.005e+02 0.2279517 0.567 0.1144312 0.1135204 
-0.00276940 0.00033180 1.3799e+00 -1.999e+02 0.2276084 0.544 0.1143517 0.1132562 
-0.00276940 0.00066359 1.3183e+00 -2.065e+02 0.2325320 0.510 0.1166850 0.1158470 
-0.00276940 0.00099539 1.2463e+00 -2.173e+02 0.2395981 0.530 0.1199568 0.1196411 
-0.00276940 0.00132718 1.1684e+00 -2.339e+02 0.2497157 0.604 0.1249432 0.1247725 
-0.00276940 0.00165898 1.0929e+00 -2.465e+02 0.2575277 0.617 0.1285911 0.1289369 
-0.00276940 0.00199077 1.0217e+00 -2.573e+02 0.2640364 0.625 0.1316436 0.1323931 
-0.00276940 0.00232257 1.0000e+00 -1.636e+02 0.2059279 0.006 0.1152936 0.0906344 
-0.00276940 0.00265437 1.0000e+00 -1.198e+02 0.1775302 0.000 0.1018602 0.0756699 
-0.00276940 0.00298616 1.0000e+00 -9.970e+01 0.1640967 0.000 0.0929551 0.0711414 
-0.00276940 0.00331796 1.0000e+00 -8.770e+01 0.1552930 0.000 0.0872285 0.0680645 
-0.00276940 0.00364975 1.0001e+00 -7.957e+01 0.1489606 0.000 0.0830081 0.0659525 
-0.00276940 0.00398155 1.0001e+00 -7.377e+01 0.1442218 0.000 0.0801192 0.0641027 
-0.00276940 0.00431334 1.0001e+00 -6.951e+01 0.1407227 0.000 0.0778775 0.0628452 
-0.00276940 0.00464514 1.0001e+00 -6.636e+01 0.1382378 0.000 0.0761207 0.0621171 
-0.00276940 0.00497693 1.0001e+00 -6.406e+01 0.1365694 0.000 0.0749703 0.0615991 
-0.00276940 0.00530873 1.0001e+00 -6.238e+01 0.1354162 0.000 0.0743165 0.0610998 
-0.00276940 0.00564053 1.0001e+00 -6.123e+01 0.1347834 0.000 0.0738297 0.0609538 
-0.00276940 0.00597232 1.0001e+00 -6.048e+01 0.1345431 0.000 0.0736009 0.0609422 
-0.00276940 0.00630412 1.0000e+00 -6.005e+01 0.1346299 0.000 0.0735185 0.0611114 
-0.00276940 0.00663591 9.9999e-01 -5.986e+01 0.1348913 0.000 0.0736517 0.0612398 
-0.00276940 0.00696771 1.0000e+00 -5.986e+01 0.1353199 0.000 0.0738843 0.0614358 
-0.00276940 0.00729950 1.0001e+00 -6.000e+01 0.1358801 0.000 0.0741896 0.0616902 
-0.00276940 0.00763130 1.0001e+00 -6.026e+01 0.1365172 0.000 0.0745454 0.0619720 
-0.00276940 0.00796310 1.0000e+00 -6.060e+01 0.1371271 0.000 0.0750570 0.0620701 
-0.00293530 0.00000000 1.4858e+00 -1.993e+02 0.2283587 0.540 0.1147753 0.1135833 
-0.00293530 0.00033180 1.4429e+00 -1.990e+02 0.2288942 0.518 0.1151002 0.1137939 
-0.00293530 0.00066359 1.3827e+00 -2.067e+02 0.2345278 0.524 0.1177145 0.1168132 
-0.00293530 0.00099539 1.3108e+00 -2.188e+02 0.2423824 0.538 0.1213251 0.1210574 
-0.00293530 0.00132718 1.2340e+00 -2.317e+02 0.2500825 0.559 0.1248545 0.1252277 
-0.00293530 0.00165898 1.1576e+00 -2.429e+02 0.2564862 0.577 0.1277965 0.1286900 
-0.00293530 0.00199077 1.0822e+00 -2.596e+02 0.2662935 0.638 0.1327333 0.1335598 
-0.00293530 0.00232257 1.0137e+00 -2.699e+02 0.2724176 0.641 0.1355769 0.1368406 
-0.00293530 0.00265437 1.0000e+00 -1.642e+02 0.2069313 0.005 0.1161387 0.0907926 
-0.00293530 0.00298616 1.0000e+00 -1.219e+02 0.1791786 0.000 0.1032629 0.0759158 
-0.00293530 0.00331796 1.0000e+00 -1.018e+02 0.1657620 0.000 0.0939440 0.0718181 
-0.00293530 0.00364975 1.0000e+00 -8.959e+01 0.1569317 0.000 0.0882234 0.0687081 
-0.00293530 0.00398155 1.0001e+00 -8.133e+01 0.1506313 0.000 0.0840711 0.0665605 
-0.00293530 0.00431334 1.0000e+00 -7.543e+01 0.1459922 0.000 0.0810028 0.0649896 
-0.00293530 0.00464514 1.0001e+00 -7.104e+01 0.1424696 0.000 0.0787071 0.0637626 
-0.00293530 0.00497693 1.0000e+00 -6.778e+01 0.1398563 0.000 0.0771146 0.0627417 
-0.00293530 0.00530873 1.0001e+00 -6.534e+01 0.1380632 0.000 0.0758337 0.0622294 
-0.00293530 0.00564053 1.0001e+00 -6.356e+01 0.1367921 0.000 0.0751300 0.0616621 
-0.00293530 0.00597232 1.0000e+00 -6.226e+01 0.1359832 0.000 0.0746691 0.0613142 
-0.00293530 0.00630412 1.0001e+00 -6.136e+01 0.1355414 0.000 0.0743499 0.0611916 
-0.00293530 0.00663591 1.0001e+00 -6.078e+01 0.1354306 0.000 0.0741629 0.0612677 
-0.00293530 0.00696771 1.0001e+00 -6.045e+01 0.1355799 0.000 0.0740415 0.0615385 
-0.00293530 0.00729950 1.0001e+00 -6.031e+01 0.1358662 0.000 0.0741982 0.0616682 
-0.00293530 0.00763130 1.0000e+00 -6.032e+01 0.1362831 0.000 0.0744336 0.0618497 
-0.00293530 0.00796310 9.9998e-01 -6.045e+01 0.1366974 0.000 0.0750123 0.0616848 
-0.00310120 0.00000000 1.5397e+00 -1.975e+02 0.2286017 0.554 0.1150294 0.1135722 
-0.00310120 0.00033180 1.4991e+00 -1.980e+02 0.2303420 0.535 0.1159219 0.1144204 
-0.00310120 0.00066359 1.4403e+00 -2.075e+02 0.2372206 0.537 0.1190826 0.1181380 
-0.00310120 0.00099539 1.3693e+00 -2.216e+02 0.2460616 0.544 0.1231091 0.1229528 
-0.00310120 0.00132718 1.2929e+00 -2.356e+02 0.2543233 0.565 0.1268657 0.1274576 
-0.00011504 0.00497693 1.0000e+00 -2.890e+02 0.2882128 0.030 0.1525538 0.1356591 
-0.00011504 0.00530873 9.9999e-01 -2.800e+02 0.2843136 0.027 0.1523145 0.1319987 
-0.00011504 0.00564053 1.0000e+00 -2.697e+02 0.2790345 0.016 0.1518411 0.1271934 
-0.00011504 0.00597232 1.0000e+00 -2.596e+02 0.2734321 0.012 0.1507231 0.1227091 
-0.00011504 0.00630412 1.0001e+00 -2.501e+02 0.2679916 0.010 0.1495797 0.1184116 
-0.00011504 0.00663591 1.0000e+00 -2.414e+02 0.2632001 0.007 0.1485407 0.1146595 
-0.00011504 0.00696771 9.9998e-01 -2.338e+02 0.2590031 0.005 0.1474511 0.1115518 
-0.00011504 0.00729950 9.9997e-01 -2.272e+02 0.2553168 0.004 0.1463756 0.1089411 
-0.00310120 0.00165898 1.2164e+00 -2.476e+02 0.2609659 0.583 0.1298840 0.1310820 
-0.00310120 0.00199077 1.1427e+00 -2.575e+02 0.2665063 0.604 0.1324374 0.1340688 
-0.00310120 0.00232257 1.0697e+00 -2.757e+02 0.2769268 0.654 0.1376638 0.1392630 
-0.00310120 0.00265437 1.0037e+00 -2.868e+02 0.2831441 0.654 0.1404758 0.1426687 
-0.00310120 0.00298616 9.9998e-01 -1.646e+02 0.2074513 0.004 0.1173964 0.0900549 
-0.00310120 0.00331796 1.0000e+00 -1.243e+02 0.1809787 0.000 0.1042612 0.0767177 
-0.00310120 0.00364975 1.0000e+00 -1.042e+02 0.1675941 0.000 0.0951716 0.0724226 
-0.00310120 0.00398155 1.0000e+00 -9.188e+01 0.1588980 0.000 0.0892849 0.0696131 
-0.00310120 0.00431334 1.0001e+00 -8.344e+01 0.1524140 0.000 0.0854789 0.0669351 
-0.00310120 0.00464514 1.0000e+00 -7.739e+01 0.1478082 0.000 0.0822616 0.0655467 
-0.00310120 0.00497693 1.0001e+00 -7.287e+01 0.1443126 0.000 0.0798961 0.0644166 
-0.00310120 0.00530873 1.0001e+00 -6.947e+01 0.1416716 0.000 0.0782695 0.0634021 
-0.00310120 0.00564053 1.0001e+00 -6.692e+01 0.1397635 0.000 0.0771158 0.0626477 
-0.00310120 0.00597232 1.0001e+00 -6.498e+01 0.1384237 0.000 0.0762040 0.0622197 
-0.00310120 0.00630412 1.0000e+00 -6.357e+01 0.1375856 0.000 0.0754425 0.0621432 
-0.00310120 0.00663591 1.0001e+00 -6.252e+01 0.1369908 0.000 0.0750203 0.0619705 
-0.00310120 0.00696771 1.0000e+00 -6.179e+01 0.1366760 0.000 0.0748266 0.0618492 
-0.00310120 0.00729950 1.0001e+00 -6.130e+01 0.1365664 0.000 0.0747231 0.0618433 
-0.00310120 0.00763130 1.0000e+00 -6.103e+01 0.1366861 0.000 0.0746856 0.0620004 
-0.00310120 0.00796310 1.0001e+00 -6.090e+01 0.1369177 0.000 0.0749341 0.0619834 
-0.00326710 0.00000000 1.5855e+00 -1.952e+02 0.2288930 0.574 0.1152643 0.1136288 
-0.00326710 0.00033180 1.5465e+00 -1.971e+02 0.2319130 0.556 0.1167495 0.1151636 
-0.00326710 0.00066359 1.4894e+00 -2.082e+02 0.2395406 0.555 0.1202369 0.1193039 
-0.00326710 0.00099539 1.4198e+00 -2.242e+02 0.2490876 0.551 0.1245559 0.1245318 
-0.00326710 0.00132718 1.3449e+00 -2.394e+02 0.2579155 0.566 0.1285335 0.1293820 
-0.00326710 0.00165898 1.2691e+00 -2.527e+02 0.2655669 0.588 0.1319940 0.1335730 
-0.00326710 0.00199077 1.1951e+00 -2.642e+02 0.2720337 0.613 0.1349351 0.1370984 
-0.00326710 0.00232257 1.1212e+00 -2.837e+02 0.2828276 0.667 0.1403768 0.1424511 
-0.00326710 0.00265437 1.0535e+00 -2.966e+02 0.2899994 0.659 0.1435711 0.1464281 
-0.00326710 0.00298616 9.9999e-01 -2.645e+02 0.2717379 0.154 0.1380981 0.1336395 
-0.00326710 0.00331796 1.0000e+00 -1.636e+02 0.2069008 0.003 0.1178506 0.0890501 
-0.00326710 0.00364975 1.0000e+00 -1.261e+02 0.1820897 0.000 0.1055258 0.0765640 
-0.00326710 0.00398155 1.0000e+00 -1.065e+02 0.1693030 0.000 0.0963877 0.0729154 
-0.00326710 0.00431334 1.0000e+00 -9.419e+01 0.1607920 0.000 0.0905153 0.0702769 
-0.00326710 0.00464514 1.0001e+00 -8.566e+01 0.1544404 0.000 0.0867376 0.0677025 
-0.00326710 0.00497693 1.0001e+00 -7.948e+01 0.1497957 0.000 0.0835410 0.0662546 
-0.00326710 0.00530873 1.0001e+00 -7.484e+01 0.1462163 0.000 0.0812135 0.0650029 
-0.00326710 0.00564053 1.0001e+00 -7.133e+01 0.1436229 0.000 0.0793248 0.0642980 
-0.00326710 0.00597232 1.0001e+00 -6.863e+01 0.1415946 0.000 0.0781461 0.0634485 
-0.00326710 0.00630412 1.0000e+00 -6.658e+01 0.1401941 0.000 0.0770785 0.0631157 
-0.00326710 0.00663591 1.0001e+00 -6.499e+01 0.1391080 0.000 0.0764005 0.0627075 
-0.00326710 0.00696771 1.0000e+00 -6.382e+01 0.1384453 0.000 0.0758236 0.0626215 
-0.00326710 0.00729950 1.0001e+00 -6.294e+01 0.1379240 0.000 0.0756097 0.0623143 
-0.00326710 0.00763130 1.0000e+00 -6.234e+01 0.1377273 0.000 0.0754782 0.0622492 
-0.00326710 0.00796310 1.0000e+00 -6.193e+01 0.1376669 0.000 0.0754388 0.0622282 
-0.00343299 0.00000000 1.6247e+00 -1.921e+02 0.2286164 0.595 0.1150847 0.1135317 
-0.00343299 0.00033180 1.5861e+00 -1.966e+02 0.2329695 0.581 0.1172754 0.1156940 
-0.00343299 0.00066359 1.5305e+00 -2.094e+02 0.2413367 0.573 0.1211056 0.1202312 
-0.00343299 0.00099539 1.4631e+00 -2.265e+02 0.2513892 0.564 0.1256056 0.1257837 
-0.00343299 0.00132718 1.3902e+00 -2.431e+02 0.2609547 0.572 0.1298783 0.1310764 
-0.00343299 0.00165898 1.3158e+00 -2.578e+02 0.2693394 0.585 0.1336189 0.1357204 
-0.00343299 0.00199077 1.2424e+00 -2.705e+02 0.2765744 0.608 0.1368601 0.1397143 
-0.00343299 0.00232257 1.1716e+00 -2.819e+02 0.2827939 0.663 0.1395556 0.1432382 
-0.00343299 0.00265437 1.1038e+00 -2.938e+02 0.2891514 0.665 0.1423415 0.1468100 
-0.00343299 0.00298616 1.0399e+00 -3.049e+02 0.2948684 0.658 0.1448231 0.1500458 
-0.00343299 0.00331796 1.0000e+00 -2.427e+02 0.2588983 0.076 0.1340244 0.1248744 
-0.00343299 0.00364975 1.0000e+00 -1.619e+02 0.2056690 0.003 0.1170632 0.0886058 
-0.00343299 0.00398155 1.0000e+00 -1.276e+02 0.1831794 0.000 0.1055109 0.0776687 
-0.00343299 0.00431334 1.0000e+00 -1.086e+02 0.1708706 0.000 0.0973824 0.0734882 
-0.00343299 0.00464514 1.0001e+00 -9.643e+01 0.1625619 0.000 0.0917401 0.0708220 
-0.00343299 0.00497693 1.0000e+00 -8.789e+01 0.1563131 0.000 0.0879230 0.0683901 
-0.00343299 0.00530873 1.0001e+00 -8.164e+01 0.1516844 0.000 0.0848505 0.0668339 
-0.00343299 0.00564053 1.0001e+00 -7.688e+01 0.1481240 0.000 0.0825334 0.0655905 
-0.00343299 0.00597232 1.0000e+00 -7.327e+01 0.1455361 0.000 0.0805847 0.0649515 
-0.00343299 0.00630412 1.0001e+00 -7.044e+01 0.1435027 0.000 0.0791683 0.0643344 
-0.00343299 0.00663591 1.0001e+00 -6.822e+01 0.1418580 0.000 0.0782534 0.0636046 
-0.00343299 0.00696771 1.0001e+00 -6.651e+01 0.1406287 0.000 0.0775419 0.0630864 
-0.00343299 0.00729950 1.0001e+00 -6.521e+01 0.1398142 0.000 0.0769599 0.0628542 
-0.00343299 0.00763130 1.0002e+00 -6.421e+01 0.1392795 0.000 0.0764303 0.0628492 
-0.00343299 0.00796310 1.0001e+00 -6.348e+01 0.1388350 0.000 0.0763424 0.0624926 
-0.00359889 0.00000000 1.6600e+00 -1.926e+02 0.2295963 0.607 0.1155857 0.1140105 
-0.00359889 0.00033180 1.6227e+00 -1.957e+02 0.2328538 0.602 0.1171535 0.1157001 
-0.00359889 0.00066359 1.5690e+00 -2.078e+02 0.2408027 0.597 0.1208159 0.1199866 
-0.00359889 0.00099539 1.5026e+00 -2.286e+02 0.2528095 0.582 0.1261915 0.1266178 
-0.00359889 0.00132718 1.4318e+00 -2.461e+02 0.2627609 0.590 0.1305773 0.1321837 
-0.00359889 0.00165898 1.3587e+00 -2.624e+02 0.2719091 0.598 0.1345986 0.1373101 
-0.00359889 0.00199077 1.2861e+00 -2.770e+02 0.2802880 0.615 0.1382914 0.1419967 
-0.00359889 0.00232257 1.2157e+00 -2.891e+02 0.2872393 0.670 0.1412483 0.1459911 
-0.00359889 0.00265437 1.1471e+00 -3.030e+02 0.2948670 0.672 0.1445602 0.1503075 
-0.00359889 0.00298616 1.0825e+00 -3.152e+02 0.3010463 0.672 0.1472045 0.1538422 
-0.00011504 0.00763130 1.0000e+00 -2.218e+02 0.2521628 0.004 0.1452859 0.1068773 
-0.00011504 0.00796310 1.0000e+00 -2.171e+02 0.2493552 0.003 0.1446228 0.1047320 
-0.00028093 0.00000000 1.0001e+00 -9.723e+01 0.1623148 0.000 0.0916983 0.0706166 
-0.00028093 0.00033180 1.0000e+00 -1.003e+02 0.1639680 0.000 0.0927488 0.0712192 
-0.00028093 0.00066359 1.0001e+00 -1.050e+02 0.1666458 0.000 0.0948059 0.0718401 
-0.00028093 0.00099539 1.0000e+00 -1.116e+02 0.1707309 0.000 0.0974427 0.0732884 
-0.00028093 0.00132718 1.0001e+00 -1.202e+02 0.1758525 0.000 0.1009914 0.0748610 
-0.00028093 0.00165898 1.0001e+00 -1.308e+02 0.1819899 0.000 0.1056809 0.0763089 
-0.00359889 0.00331796 1.0223e+00 -3.257e+02 0.3060091 0.663 0.1493304 0.1566784 
-0.00359889 0.00364975 1.0000e+00 -2.264e+02 0.2483913 0.036 0.1318067 0.1165844 
-0.00359889 0.00398155 1.0000e+00 -1.605e+02 0.2043708 0.002 0.1171416 0.0872295 
-0.00359889 0.00431334 1.0000e+00 -1.292e+02 0.1842415 0.000 0.1062984 0.0779429 
-0.00359889 0.00464514 1.0000e+00 -1.109e+02 0.1725576 0.000 0.0984703 0.0740871 
-0.00359889 0.00497693 1.0000e+00 -9.884e+01 0.1643405 0.000 0.0930544 0.0712862 
-0.00359889 0.00530873 1.0001e+00 -9.027e+01 0.1581872 0.000 0.0890535 0.0691336 
-0.00359889 0.00564053 1.0001e+00 -8.392e+01 0.1534940 0.000 0.0860608 0.0674334 
-0.00359889 0.00597232 1.0000e+00 -7.909e+01 0.1499689 0.000 0.0837355 0.0662336 
-0.00359889 0.00630412 9.9999e-01 -7.534e+01 0.1474102 0.000 0.0816171 0.0657931 
-0.00359889 0.00663591 1.0001e+00 -7.236e+01 0.1452082 0.000 0.0804090 0.0647992 
-0.00359889 0.00696771 1.0001e+00 -7.005e+01 0.1436826 0.000 0.0792311 0.0644513 
-0.00359889 0.00729950 1.0000e+00 -6.822e+01 0.1423302 0.000 0.0784741 0.0638562 
-0.00359889 0.00763130 1.0001e+00 -6.678e+01 0.1413563 0.000 0.0777888 0.0635675 
-0.00359889 0.00796310 1.0001e+00 -6.565e+01 0.1406536 0.000 0.0772920 0.0633616 
-0.00376479 0.00000000 1.6972e+00 -1.957e+02 0.2316194 0.621 0.1165307 0.1150885 
-0.00376479 0.00033180 1.6600e+00 -1.988e+02 0.2345928 0.615 0.1179259 0.1166668 
-0.00376479 0.00066359 1.6073e+00 -2.106e+02 0.2420215 0.613 0.1212922 0.1207296 
-0.00376479 0.00099539 1.5408e+00 -2.359e+02 0.2561869 0.587 0.1281441 0.1280424 
-0.00376479 0.00132718 1.4707e+00 -2.556e+02 0.2672290 0.587 0.1329642 0.1342646 
-0.00376479 0.00165898 1.4008e+00 -2.672e+02 0.2740195 0.617 0.1352586 0.1387611 
-0.00376479 0.00199077 1.3293e+00 -2.814e+02 0.2823337 0.677 0.1388299 0.1435039 
-0.00376479 0.00232257 1.2579e+00 -2.975e+02 0.2914988 0.682 0.1427893 0.1487098 
-0.00376479 0.00265437 1.1888e+00 -3.130e+02 0.2999681 0.686 0.1464220 0.1535462 
-0.00376479 0.00298616 1.1232e+00 -3.270e+02 0.3074697 0.686 0.1496350 0.1578346 
-0.00376479 0.00331796 1.0621e+00 -3.380e+02 0.3129033 0.681 0.1519557 0.1609471 
-0.00376479 0.00364975 1.0059e+00 -3.461e+02 0.3164567 0.671 0.1534924 0.1629647 
-0.00376479 0.00398155 1.0000e+00 -2.159e+02 0.2411502 0.022 0.1305224 0.1106277 
-0.00376479 0.00431334 9.9999e-01 -1.602e+02 0.2040819 0.002 0.1175420 0.0865397 
-0.00376479 0.00464514 1.0000e+00 -1.312e+02 0.1855306 0.000 0.1071148 0.0784160 
-0.00376479 0.00497693 1.0000e+00 -1.135e+02 0.1743130 0.000 0.0996431 0.0746700 
-0.00376479 0.00530873 1.0000e+00 -1.016e+02 0.1662469 0.000 0.0943131 0.0719337 
-0.00376479 0.00564053 1.0000e+00 -9.295e+01 0.1601741 0.000 0.0902666 0.0699074 
-0.00376479 0.00597232 1.0001e+00 -8.650e+01 0.1555037 0.000 0.0870902 0.0684135 
-0.00376479 0.00630412 1.0001e+00 -8.154e+01 0.1520034 0.000 0.0846428 0.0673606 
-0.00376479 0.00663591 1.0001e+00 -7.763e+01 0.1491905 0.000 0.0829022 0.0662884 
-0.00376479 0.00696771 1.0001e+00 -7.455e+01 0.1470309 0.000 0.0814949 0.0655361 
-0.00376479 0.00729950 1.0000e+00 -7.210e+01 0.1453906 0.000 0.0803454 0.0650452 
-0.00376479 0.00763130 1.0000e+00 -7.014e+01 0.1440457 0.000 0.0794908 0.0645549 
-0.00376479 0.00796310 1.0000e+00 -6.858e+01 0.1429789 0.000 0.0788054 0.0641734 
-0.00393069 0.00000000 1.7416e+00 -2.004e+02 0.2342837 0.708 0.1175806 0.1167030 
-0.00393069 0.00033180 1.7039e+00 -2.036e+02 0.2368619 0.697 0.1187585 0.1181037 
-0.00393069 0.00066359 1.6510e+00 -2.158e+02 0.2445170 0.689 0.1221876 0.1223293 
-0.00393069 0.00099539 1.5874e+00 -2.331e+02 0.2541845 0.685 0.1264121 0.1277723 
-0.00393069 0.00132718 1.5176e+00 -2.526e+02 0.2652487 0.686 0.1312258 0.1340227 
-0.00393069 0.00165898 1.4449e+00 -2.723e+02 0.2763905 0.689 0.1360316 0.1403588 
-0.00393069 0.00199077 1.3716e+00 -2.911e+02 0.2870719 0.693 0.1406118 0.1464599 
-0.00393069 0.00232257 1.2993e+00 -3.092e+02 0.2973053 0.697 0.1449880 0.1523169 
-0.00393069 0.00265437 1.2294e+00 -3.255e+02 0.3065256 0.701 0.1489226 0.1576030 
-0.00393069 0.00298616 1.1629e+00 -3.402e+02 0.3140579 0.707 0.1520931 0.1619649 
-0.00393069 0.00331796 1.1005e+00 -3.525e+02 0.3203576 0.711 0.1547839 0.1655734 
-0.00393069 0.00364975 1.0433e+00 -3.612e+02 0.3245656 0.715 0.1566324 0.1679329 
-0.00393069 0.00398155 9.9997e-01 -3.197e+02 0.3026552 0.235 0.1498985 0.1527571 
-0.00393069 0.00431334 1.0000e+00 -2.099e+02 0.2370597 0.016 0.1301410 0.1069186 
-0.00393069 0.00464514 1.0000e+00 -1.611e+02 0.2043974 0.001 0.1180452 0.0863521 
-0.00393069 0.00497693 9.9999e-01 -1.339e+02 0.1868582 0.000 0.1083107 0.0785478 
-0.00393069 0.00530873 1.0000e+00 -1.166e+02 0.1762675 0.000 0.1008676 0.0753999 
-0.00393069 0.00564053 1.0001e+00 -1.047e+02 0.1684288 0.000 0.0957565 0.0726725 
-0.00393069 0.00597232 1.0001e+00 -9.598e+01 0.1623563 0.000 0.0919308 0.0704256 
-0.00393069 0.00630412 1.0001e+00 -8.940e+01 0.1577396 0.000 0.0886281 0.0691114 
-0.00393069 0.00663591 1.0000e+00 -8.431e+01 0.1540797 0.000 0.0863269 0.0677527 
-0.00393069 0.00696771 1.0001e+00 -8.026e+01 0.1513286 0.000 0.0842977 0.0670307 
-0.00393069 0.00729950 1.0001e+00 -7.705e+01 0.1490917 0.000 0.0828487 0.0662428 
-0.00393069 0.00763130 1.0001e+00 -7.442e+01 0.1472468 0.000 0.0816728 0.0655739 
-0.00393069 0.00796310 1.0000e+00 -7.234e+01 0.1458542 0.000 0.0806737 0.0651806 
-0.00409658 0.00000000 1.7953e+00 -2.065e+02 0.2367944 0.707 0.1186701 0.1181244 
-0.00409658 0.00033180 1.7571e+00 -2.094e+02 0.2391691 0.705 0.1197349 0.1194342 
-0.00409658 0.00066359 1.7027e+00 -2.219e+02 0.2469909 0.701 0.1232036 0.1237871 
-0.00409658 0.00099539 1.6371e+00 -2.405e+02 0.2578427 0.703 0.1279298 0.1299125 
-0.00409658 0.00132718 1.5651e+00 -2.619e+02 0.2697506 0.705 0.1330395 0.1367110 
-0.00409658 0.00165898 1.4903e+00 -2.836e+02 0.2818540 0.707 0.1381824 0.1436710 
-0.00409658 0.00199077 1.4151e+00 -3.047e+02 0.2936487 0.711 0.1431746 0.1504742 
-0.00409658 0.00232257 1.3412e+00 -3.241e+02 0.3047109 0.714 0.1478595 0.1568511 
-0.00409658 0.00265437 1.2697e+00 -3.416e+02 0.3144191 0.718 0.1519612 0.1624581 
-0.00409658 0.00298616 1.2021e+00 -3.565e+02 0.3225151 0.725 0.1553873 0.1671276 
-0.00409658 0.00331796 1.1386e+00 -3.686e+02 0.3286532 0.733 0.1579935 0.1706600 
-0.00409658 0.00364975 1.0800e+00 -3.777e+02 0.3332456 0.735 0.1600156 0.1732305 
-0.00409658 0.00398155 1.0272e+00 -3.818e+02 0.3350573 0.739 0.1609135 0.1741440 
-0.00409658 0.00431334 1.0000e+00 -2.945e+02 0.2889443 0.119 0.1469509 0.1419936 
-0.00409658 0.00464514 1.0000e+00 -2.071e+02 0.2354271 0.012 0.1304983 0.1049291 
-0.00028093 0.00199077 1.0000e+00 -1.434e+02 0.1897555 0.000 0.1107776 0.0789780 
-0.00028093 0.00232257 1.0000e+00 -1.575e+02 0.1988949 0.000 0.1162630 0.0826316 
-0.00028093 0.00265437 1.0000e+00 -1.722e+02 0.2090063 0.001 0.1216249 0.0873815 
-0.00028093 0.00298616 1.0000e+00 -1.864e+02 0.2191548 0.002 0.1261863 0.0929684 
-0.00028093 0.00331796 9.9999e-01 -1.989e+02 0.2283618 0.003 0.1301419 0.0982198 
-0.00028093 0.00364975 1.0000e+00 -2.089e+02 0.2358627 0.004 0.1333238 0.1025393 
-0.00028093 0.00398155 1.0000e+00 -2.157e+02 0.2413641 0.005 0.1358505 0.1055133 
-0.00028093 0.00431334 9.9998e-01 -2.195e+02 0.2445012 0.015 0.1384134 0.1060875 
-0.00409658 0.00497693 9.9999e-01 -1.631e+02 0.2059391 0.001 0.1191289 0.0868104 
-0.00409658 0.00530873 1.0000e+00 -1.372e+02 0.1889058 0.000 0.1096171 0.0792886 
-0.00409658 0.00564053 1.0001e+00 -1.201e+02 0.1783125 0.000 0.1024252 0.0758873 
-0.00409658 0.00597232 1.0000e+00 -1.082e+02 0.1707568 0.000 0.0971484 0.0736088 
-0.00409658 0.00630412 1.0000e+00 -9.939e+01 0.1647577 0.000 0.0933081 0.0714496 
-0.00409658 0.00663591 1.0000e+00 -9.266e+01 0.1601197 0.000 0.0901186 0.0700012 
-0.00409658 0.00696771 1.0002e+00 -8.737e+01 0.1564306 0.000 0.0876732 0.0687574 
-0.00409658 0.00729950 9.9996e-01 -8.321e+01 0.1535858 0.000 0.0857643 0.0678216 
-0.00409658 0.00763130 1.0001e+00 -7.981e+01 0.1513169 0.000 0.0841127 0.0672042 
-0.00409658 0.00796310 1.0001e+00 -7.703e+01 0.1493291 0.000 0.0829888 0.0663403 
-0.00426248 0.00000000 1.8564e+00 -2.139e+02 0.2397612 0.700 0.1199590 0.1198021 
-0.00426248 0.00033180 1.8174e+00 -2.165e+02 0.2420215 0.706 0.1209641 0.1210573 
-0.00426248 0.00066359 1.7606e+00 -2.302e+02 0.2510792 0.710 0.1249746 0.1261050 
-0.00426248 0.00099539 1.6917e+00 -2.510e+02 0.2634110 0.717 0.1303057 0.1331052 
-0.00426248 0.00132718 1.6159e+00 -2.752e+02 0.2769518 0.723 0.1360525 0.1408993 
-0.00426248 0.00165898 1.5374e+00 -2.997e+02 0.2902547 0.725 0.1416174 0.1486376 
-0.00426248 0.00199077 1.4591e+00 -3.228e+02 0.3029483 0.727 0.1469118 0.1560365 
-0.00426248 0.00232257 1.3830e+00 -3.436e+02 0.3143494 0.729 0.1516621 0.1626872 
-0.00426248 0.00265437 1.3097e+00 -3.616e+02 0.3244044 0.732 0.1558807 0.1685243 
-0.00426248 0.00298616 1.2405e+00 -3.763e+02 0.3324040 0.735 0.1592589 0.1731452 
-0.00426248 0.00331796 1.1758e+00 -3.878e+02 0.3385732 0.740 0.1619093 0.1766630 
-0.00426248 0.00364975 1.1160e+00 -3.960e+02 0.3426378 0.744 0.1637019 0.1789357 
-0.00426248 0.00398155 1.0617e+00 -4.004e+02 0.3447314 0.745 0.1647343 0.1799968 
-0.00426248 0.00431334 1.0129e+00 -4.012e+02 0.3449562 0.745 0.1650394 0.1799159 
-0.00426248 0.00464514 1.0000e+00 -2.799e+02 0.2808284 0.073 0.1457358 0.1350926 
-0.00426248 0.00497693 1.0000e+00 -2.061e+02 0.2352206 0.010 0.1314300 0.1037905 
-0.00426248 0.00530873 1.0000e+00 -1.658e+02 0.2080591 0.001 0.1205020 0.0875573 
-0.00426248 0.00564053 1.0000e+00 -1.408e+02 0.1916177 0.000 0.1111902 0.0804276 
-0.00426248 0.00597232 1.0000e+00 -1.240e+02 0.1810487 0.000 0.1041273 0.0769214 
-0.00426248 0.00630412 1.0000e+00 -1.120e+02 0.1733763 0.000 0.0989946 0.0743816 
-0.00426248 0.00663591 1.0000e+00 -1.031e+02 0.1673922 0.000 0.0950563 0.0723360 
-0.00426248 0.00696771 1.0000e+00 -9.618e+01 0.1627006 0.000 0.0919306 0.0707699 
-0.00426248 0.00729950 1.0000e+00 -9.075e+01 0.1590532 0.000 0.0894396 0.0696137 
-0.00426248 0.00763130 1.0001e+00 -8.636e+01 0.1560688 0.000 0.0874551 0.0686138 
-0.00426248 0.00796310 1.0000e+00 -8.281e+01 0.1537151 0.000 0.0858158 0.0678993 
-0.00442838 0.00000000 1.9204e+00 -2.228e+02 0.2430649 0.683 0.1214077 0.1216571 
-0.00442838 0.00033180 1.8799e+00 -2.257e+02 0.2459034 0.701 0.1226843 0.1232192 
-0.00442838 0.00066359 1.8201e+00 -2.410e+02 0.2562667 0.716 0.1272437 0.1290230 
-0.00442838 0.00099539 1.7470e+00 -2.648e+02 0.2709048 0.729 0.1335465 0.1373584 
-0.00442838 0.00132718 1.6668e+00 -2.923e+02 0.2865735 0.735 0.1401350 0.1464385 
-0.00442838 0.00165898 1.5842e+00 -3.199e+02 0.3015604 0.737 0.1463251 0.1552356 
-0.00442838 0.00199077 1.5025e+00 -3.453e+02 0.3149487 0.737 0.1518156 0.1631333 
-0.00442838 0.00232257 1.4237e+00 -3.672e+02 0.3265298 0.737 0.1565706 0.1699592 
-0.00442838 0.00265437 1.3487e+00 -3.852e+02 0.3361695 0.739 0.1605678 0.1756019 
-0.00442838 0.00298616 1.2779e+00 -3.994e+02 0.3438005 0.741 0.1637795 0.1800207 
-0.00442838 0.00331796 1.2119e+00 -4.099e+02 0.3494093 0.743 0.1662045 0.1832049 
-0.00442838 0.00364975 1.1509e+00 -4.168e+02 0.3529184 0.747 0.1677879 0.1851305 
-0.00442838 0.00398155 1.0954e+00 -4.203e+02 0.3545382 0.749 0.1686243 0.1859140 
-0.00442838 0.00431334 1.0451e+00 -4.209e+02 0.3548165 0.750 0.1689589 0.1858568 
-0.00442838 0.00464514 1.0000e+00 -4.192e+02 0.3538607 0.752 0.1688252 0.1850360 
-0.00442838 0.00497693 1.0000e+00 -2.702e+02 0.2754685 0.053 0.1454007 0.1300680 
-0.00442838 0.00530873 9.9999e-01 -2.063e+02 0.2358687 0.013 0.1320270 0.1038417 
-0.00442838 0.00564053 1.0000e+00 -1.687e+02 0.2106266 0.002 0.1218700 0.0887567 
-0.00442838 0.00597232 1.0000e+00 -1.446e+02 0.1944317 0.000 0.1132151 0.0812165 
-0.00442838 0.00630412 1.0000e+00 -1.281e+02 0.1839729 0.000 0.1060610 0.0779116 
-0.00442838 0.00663591 1.0001e+00 -1.160e+02 0.1763759 0.000 0.1008179 0.0755580 
-0.00442838 0.00696771 1.0001e+00 -1.069e+02 0.1704619 0.000 0.0969782 0.0734839 
-0.00442838 0.00729950 1.0000e+00 -9.983e+01 0.1657450 0.000 0.0937149 0.0720302 
-0.00442838 0.00763130 1.0001e+00 -9.422e+01 0.1619366 0.000 0.0912204 0.0707161 
-0.00442838 0.00796310 1.0000e+00 -8.965e+01 0.1588449 0.000 0.0892855 0.0695596 
-0.00459428 0.00000000 1.9833e+00 -2.329e+02 0.2466291 0.659 0.1229846 0.1236442 
-0.00459428 0.00033180 1.9400e+00 -2.368e+02 0.2508775 0.691 0.1249336 0.1259440 
-0.00459428 0.00066359 1.8763e+00 -2.545e+02 0.2630767 0.718 0.1302770 0.1328000 
-0.00459428 0.00099539 1.7989e+00 -2.816e+02 0.2801627 0.734 0.1375819 0.1425805 
-0.00459428 0.00132718 1.7144e+00 -3.129e+02 0.2982247 0.742 0.1450994 0.1531251 
-0.00459428 0.00165898 1.6281e+00 -3.437e+02 0.3151146 0.743 0.1520171 0.1630976 
-0.00459428 0.00199077 1.5434e+00 -3.714e+02 0.3293315 0.742 0.1577589 0.1715729 
-0.00459428 0.00232257 1.4624e+00 -3.941e+02 0.3403643 0.740 0.1621696 0.1781947 
-0.00459428 0.00265437 1.3856e+00 -4.121e+02 0.3490557 0.739 0.1656770 0.1833789 
-0.00459428 0.00298616 1.3137e+00 -4.256e+02 0.3559439 0.740 0.1685642 0.1873803 
-0.00459428 0.00331796 1.2466e+00 -4.348e+02 0.3608455 0.744 0.1707042 0.1901415 
-0.00459428 0.00364975 1.1847e+00 -4.400e+02 0.3637523 0.747 0.1720788 0.1916734 
-0.00459428 0.00398155 1.1278e+00 -4.426e+02 0.3650355 0.751 0.1727961 0.1922393 
-0.00459428 0.00431334 1.0763e+00 -4.425e+02 0.3649169 0.754 0.1729660 0.1919513 
-0.00459428 0.00464514 1.0299e+00 -4.401e+02 0.3638439 0.758 0.1727801 0.1910640 
-0.00459428 0.00497693 1.0000e+00 -3.725e+02 0.3313201 0.284 0.1618268 0.1694931 
-0.00459428 0.00530873 9.9999e-01 -2.639e+02 0.2718354 0.052 0.1445073 0.1273280 
-0.00459428 0.00564053 1.0000e+00 -2.068e+02 0.2362945 0.011 0.1328228 0.1034716 
-0.00459428 0.00597232 1.0000e+00 -1.717e+02 0.2131525 0.002 0.1234330 0.0897194 
-0.00459428 0.00630412 1.0001e+00 -1.484e+02 0.1975378 0.003 0.1152447 0.0822930 
-0.00028093 0.00464514 1.0000e+00 -2.210e+02 0.2464791 0.005 0.1389169 0.1075621 
-0.00028093 0.00497693 1.0000e+00 -2.202e+02 0.2469762 0.004 0.1396605 0.1073158 
-0.00028093 0.00530873 9.9998e-01 -2.179e+02 0.2464515 0.004 0.1399291 0.1065223 
-0.00028093 0.00564053 1.0000e+00 -2.143e+02 0.2449034 0.003 0.1398139 0.1050895 
-0.00028093 0.00597232 1.0000e+00 -2.101e+02 0.2426166 0.002 0.1395206 0.1030960 
-0.00028093 0.00630412 1.0000e+00 -2.057e+02 0.2401945 0.002 0.1386891 0.1015050 
-0.00028093 0.00663591 9.9996e-01 -2.013e+02 0.2376106 0.001 0.1380019 0.0996088 
-0.00028093 0.00696771 1.0000e+00 -1.971e+02 0.2353451 0.001 0.1371709 0.0981739 
-0.00459428 0.00663591 1.0000e+00 -1.320e+02 0.1869486 0.000 0.1082203 0.0787283 
-0.00459428 0.00696771 1.0000e+00 -1.199e+02 0.1792871 0.000 0.1027994 0.0764874 
-0.00459428 0.00729950 1.0000e+00 -1.107e+02 0.1733663 0.000 0.0988235 0.0745426 
-0.00459428 0.00763130 1.0001e+00 -1.035e+02 0.1686084 0.000 0.0956233 0.0729851 
-0.00459428 0.00796310 1.0001e+00 -9.766e+01 0.1647888 0.000 0.0929757 0.0718129 
-0.00476018 0.00000000 2.0425e+00 -2.436e+02 0.2503147 0.621 0.1245956 0.1257191 
-0.00476018 0.00033180 1.9955e+00 -2.491e+02 0.2564236 0.670 0.1274245 0.1289993 
-0.00476018 0.00066359 1.9271e+00 -2.696e+02 0.2708839 0.709 0.1337542 0.1371301 
-0.00476018 0.00099539 1.8451e+00 -3.007e+02 0.2904168 0.733 0.1420284 0.1483886 
-0.00476018 0.00132718 1.7566e+00 -3.358e+02 0.3108702 0.743 0.1504561 0.1604139 
-0.00476018 0.00165898 1.6671e+00 -3.704e+02 0.3295969 0.745 0.1580211 0.1715757 
-0.00476018 0.00199077 1.5801e+00 -4.001e+02 0.3443079 0.743 0.1638404 0.1804671 
-0.00476018 0.00232257 1.4974e+00 -4.239e+02 0.3552016 0.741 0.1681018 0.1870996 
-0.00476018 0.00265437 1.4197e+00 -4.420e+02 0.3632889 0.739 0.1713031 0.1919859 
-0.00476018 0.00298616 1.3471e+00 -4.545e+02 0.3689621 0.740 0.1736268 0.1953356 
-0.00476018 0.00331796 1.2795e+00 -4.625e+02 0.3727997 0.743 0.1753163 0.1974833 
-0.00476018 0.00364975 1.2169e+00 -4.665e+02 0.3751780 0.748 0.1765011 0.1986770 
-0.00476018 0.00398155 1.1592e+00 -4.674e+02 0.3761306 0.754 0.1771408 0.1989901 
-0.00476018 0.00431334 1.1065e+00 -4.663e+02 0.3758999 0.759 0.1772988 0.1986010 
-0.00476018 0.00464514 1.0600e+00 -4.603e+02 0.3734552 0.718 0.1753072 0.1981477 
-0.00476018 0.00497693 1.0170e+00 -4.560e+02 0.3711565 0.726 0.1746663 0.1964897 
-0.00476018 0.00530873 1.0000e+00 -3.478e+02 0.3183600 0.172 0.1591041 0.1592559 
-0.00476018 0.00564053 9.9997e-01 -2.588e+02 0.2685565 0.040 0.1443795 0.1241770 
-0.00476018 0.00597232 9.9999e-01 -2.075e+02 0.2366382 0.010 0.1335393 0.1030991 
-0.00476018 0.00630412 1.0000e+00 -1.744e+02 0.2151762 0.002 0.1250228 0.0901532 
-0.00476018 0.00663591 1.0001e+00 -1.519e+02 0.2003478 0.000 0.1169629 0.0833847 
-0.00476018 0.00696771 1.0000e+00 -1.357e+02 0.1898290 0.000 0.1098993 0.0799298 
-0.00476018 0.00729950 1.0001e+00 -1.236e+02 0.1820003 0.000 0.1047150 0.0772852 
-0.00476018 0.00763130 1.0000e+00 -1.143e+02 0.1759793 0.000 0.1007182 0.0752613 
-0.00476018 0.00796310 1.0000e+00 -1.069e+02 0.1712857 0.000 0.0972570 0.0740290 
-0.00492607 0.00000000 2.0969e+00 -2.570e+02 0.2566359 0.452 0.1265484 0.1300876 
-0.00492607 0.00033180 2.0455e+00 -2.664e+02 0.2653458 0.522 0.1305565 0.1347895 
-0.00492607 0.00066359 1.9738e+00 -2.855e+02 0.2794314 0.693 0.1375345 0.1418965 
-0.00492607 0.00099539 1.8870e+00 -3.206e+02 0.3012133 0.725 0.1466860 0.1545272 
-0.00492607 0.00132718 1.7943e+00 -3.604e+02 0.3236455 0.741 0.1557780 0.1678679 
-0.00492607 0.00165898 1.7016e+00 -3.992e+02 0.3438142 0.748 0.1637429 0.1800705 
-0.00492607 0.00199077 1.6125e+00 -4.315e+02 0.3594237 0.746 0.1697975 0.1896265 
-0.00492607 0.00232257 1.5288e+00 -4.562e+02 0.3707530 0.744 0.1741912 0.1965618 
-0.00492607 0.00265437 1.4507e+00 -4.738e+02 0.3783734 0.742 0.1771694 0.2012041 
-0.00492607 0.00298616 1.3779e+00 -4.854e+02 0.3831365 0.742 0.1790967 0.2040400 
-0.00492607 0.00331796 1.3103e+00 -4.920e+02 0.3856672 0.745 0.1802129 0.2054538 
-0.00492607 0.00364975 1.2475e+00 -4.946e+02 0.3868681 0.750 0.1808995 0.2059681 
-0.00492607 0.00398155 1.1893e+00 -4.944e+02 0.3874104 0.758 0.1814155 0.2059943 
-0.00492607 0.00431334 1.1370e+00 -4.897e+02 0.3861216 0.698 0.1794877 0.2066330 
-0.00492607 0.00464514 1.0880e+00 -4.862e+02 0.3847729 0.707 0.1793019 0.2054720 
-0.00492607 0.00497693 1.0435e+00 -4.820e+02 0.3827807 0.716 0.1788314 0.2039490 
-0.00492607 0.00530873 1.0033e+00 -4.770e+02 0.3802793 0.722 0.1781452 0.2021343 
-0.00492607 0.00564053 1.0000e+00 -3.305e+02 0.3088260 0.119 0.1574270 0.1513990 
-0.00492607 0.00597232 1.0000e+00 -2.542e+02 0.2654688 0.028 0.1451897 0.1202789 
-0.00492607 0.00630412 1.0000e+00 -2.079e+02 0.2366945 0.007 0.1346298 0.1020647 
-0.00492607 0.00663591 1.0001e+00 -1.769e+02 0.2168588 0.002 0.1261623 0.0906968 
-0.00492607 0.00696771 1.0000e+00 -1.551e+02 0.2027404 0.000 0.1183624 0.0843781 
-0.00492607 0.00729950 1.0000e+00 -1.391e+02 0.1923861 0.000 0.1116188 0.0807674 
-0.00492607 0.00763130 1.0001e+00 -1.270e+02 0.1845574 0.000 0.1062061 0.0783511 
-0.00492607 0.00796310 1.0000e+00 -1.175e+02 0.1783576 0.000 0.1024183 0.0759394 
-0.00028093 0.00729950 1.0000e+00 -1.933e+02 0.2334165 0.001 0.1364909 0.0969255 
-0.00028093 0.00763130 1.0000e+00 -1.899e+02 0.2316940 0.001 0.1357063 0.0959880 
-0.00028093 0.00796310 1.0000e+00 -1.871e+02 0.2301639 0.001 0.1349287 0.0952354 
-0.00044683 0.00000000 1.0001e+00 -9.376e+01 0.1596037 0.000 0.0898385 0.0697653 
-0.00044683 0.00033180 1.0001e+00 -9.455e+01 0.1596125 0.000 0.0900641 0.0695483 
-0.00044683 0.00066359 1.0000e+00 -9.677e+01 0.1607212 0.000 0.0907602 0.0699610 
-0.00044683 0.00099539 1.0001e+00 -1.004e+02 0.1629790 0.000 0.0922300 0.0707489 
-0.00044683 0.00132718 1.0000e+00 -1.055e+02 0.1661238 0.000 0.0945197 0.0716040 
