-0.00119337 0.00082949 1.0750e+00 -8.564e+02 137.290 0.000 
-0.00119337 0.00107834 1.0750e+00 -8.550e+02 137.168 0.000 
-0.00119337 0.00132718 1.0750e+00 -8.544e+02 137.094 0.000 
-0.00119337 0.00157603 1.0750e+00 -8.545e+02 137.069 0.000 
-0.00119337 0.00182488 1.0750e+00 -8.555e+02 137.089 0.000 
-0.00119337 0.00207372 1.0750e+00 -8.570e+02 137.123 0.000 
-0.00119337 0.00232257 1.0750e+00 -8.592e+02 137.225 0.000 
-0.00268645 0.00929028 1.0750e+00 -8.745e+02 139.066 0.000 
-0.00268645 0.00953912 1.0750e+00 -8.843e+02 139.651 0.000 
-0.00268645 0.00978797 1.0750e+00 -8.944e+02 140.252 0.000 
-0.00276940 0.00082949 1.0750e+00 -9.352e+02 142.851 0.000 
-0.00276940 0.00107834 1.0750e+00 -9.219e+02 142.102 0.000 
-0.00276940 0.00132718 1.0750e+00 -9.093e+02 141.401 0.000 
-0.00276940 0.00157603 1.0750e+00 -8.976e+02 140.703 0.000 
-0.00268645 0.00929028 1.0750e+00 -8.745e+02 139.066 0.000 
-0.00268645 0.00953912 1.0750e+00 -8.843e+02 139.651 0.000 
-0.00268645 0.00978797 1.0750e+00 -8.944e+02 140.252 0.000 
-0.00276940 0.00082949 1.0750e+00 -9.352e+02 142.851 0.000 
-0.00276940 0.00107834 1.0750e+00 -9.219e+02 142.102 0.000 
-0.00276940 0.00132718 1.0750e+00 -9.093e+02 141.401 0.000 
-0.00276940 0.00157603 1.0750e+00 -8.976e+02 140.703 0.000 
-0.00276940 0.00182488 1.0750e+00 -8.866e+02 140.046 0.000 
-0.00276940 0.00207372 1.0750e+00 -8.763e+02 139.437 0.000 
-0.00276940 0.00232257 1.0750e+00 -8.667e+02 138.849 0.000 
-0.00276940 0.00257142 1.0750e+00 -8.580e+02 138.303 0.000 
-0.00276940 0.00282026 1.0750e+00 -8.501e+02 137.763 0.000 
-0.00276940 0.00306911 1.0750e+00 -8.429e+02 137.339 0.000 
-0.00276940 0.00331796 1.0750e+00 -8.363e+02 136.858 0.000 
-0.00276940 0.00182488 1.0750e+00 -8.866e+02 140.046 0.000 
-0.00276940 0.00207372 1.0750e+00 -8.763e+02 139.437 0.000 
-0.00276940 0.00232257 1.0750e+00 -8.667e+02 138.849 0.000 
-0.00276940 0.00257142 1.0750e+00 -8.580e+02 138.303 0.000 
-0.00276940 0.00282026 1.0750e+00 -8.501e+02 137.763 0.000 
-0.00276940 0.00306911 1.0750e+00 -8.429e+02 137.339 0.000 
-0.00276940 0.00331796 1.0750e+00 -8.363e+02 136.858 0.000 
-0.00276940 0.00356680 1.0750e+00 -8.302e+02 136.459 0.000 
-0.00276940 0.00381565 1.0750e+00 -8.246e+02 136.095 0.000 
-0.00276940 0.00406450 1.0750e+00 -8.201e+02 135.793 0.000 
-0.00276940 0.00431334 1.0750e+00 -8.161e+02 135.521 0.000 
-0.00276940 0.00456219 1.0750e+00 -8.130e+02 135.499 0.000 
-0.00276940 0.00481104 1.0750e+00 -8.104e+02 135.303 0.000 
-0.00276940 0.00505988 1.0750e+00 -8.083e+02 135.147 0.000 
-0.00276940 0.00530873 1.0750e+00 -8.070e+02 135.052 0.000 
-0.00276940 0.00555758 1.0750e+00 -8.062e+02 134.985 0.000 
-0.00276940 0.00580642 1.0750e+00 -8.058e+02 134.951 0.000 
-0.00276940 0.00605527 1.0750e+00 -8.058e+02 134.943 0.000 
-0.00276940 0.00630412 1.0750e+00 -8.072e+02 135.024 0.000 
-0.00276940 0.00655296 1.0750e+00 -8.086e+02 135.108 0.000 
-0.00276940 0.00680181 1.0750e+00 -8.108e+02 135.247 0.000 
-0.00276940 0.00705066 1.0750e+00 -8.131e+02 135.404 0.000 
-0.00276940 0.00729950 1.0750e+00 -8.163e+02 135.426 0.000 
-0.00276940 0.00754835 1.0750e+00 -8.205e+02 135.690 0.000 
-0.00276940 0.00779720 1.0750e+00 -8.247e+02 135.961 0.000 
-0.00276940 0.00804604 1.0750e+00 -8.299e+02 136.292 0.000 
-0.00276940 0.00829489 1.0750e+00 -8.358e+02 136.662 0.000 
-0.00276940 0.00854374 1.0750e+00 -8.423e+02 137.068 0.000 
-0.00276940 0.00705066 1.0750e+00 -8.131e+02 135.404 0.000 
-0.00276940 0.00729950 1.0750e+00 -8.163e+02 135.426 0.000 
-0.00276940 0.00754835 1.0750e+00 -8.205e+02 135.690 0.000 
-0.00276940 0.00779720 1.0750e+00 -8.247e+02 135.961 0.000 
-0.00276940 0.00804604 1.0750e+00 -8.299e+02 136.292 0.000 
-0.00276940 0.00829489 1.0750e+00 -8.358e+02 136.662 0.000 
-0.00276940 0.00854374 1.0750e+00 -8.423e+02 137.068 0.000 
-0.00276940 0.00879258 1.0750e+00 -8.491e+02 137.520 0.000 
-0.00276940 0.00904143 1.0750e+00 -8.568e+02 137.982 0.000 
-0.00276940 0.00929028 1.0750e+00 -8.650e+02 138.525 0.000 
-0.00276940 0.00953912 1.0750e+00 -8.739e+02 139.065 0.000 
-0.00276940 0.00978797 1.0750e+00 -8.833e+02 139.634 0.000 
-0.00285235 0.00082949 1.0750e+00 -9.479e+02 143.667 0.000 
-0.00285235 0.00107834 1.0750e+00 -9.335e+02 142.745 0.000 
-0.00276940 0.00879258 1.0750e+00 -8.491e+02 137.520 0.000 
-0.00276940 0.00904143 1.0750e+00 -8.568e+02 137.982 0.000 
-0.00276940 0.00929028 1.0750e+00 -8.650e+02 138.525 0.000 
-0.00276940 0.00953912 1.0750e+00 -8.739e+02 139.065 0.000 
-0.00276940 0.00978797 1.0750e+00 -8.833e+02 139.634 0.000 
-0.00285235 0.00082949 1.0750e+00 -9.479e+02 143.667 0.000 
-0.00285235 0.00107834 1.0750e+00 -9.335e+02 142.745 0.000 
-0.00285235 0.00132718 1.0750e+00 -9.200e+02 141.984 0.000 
-0.00285235 0.00157603 1.0750e+00 -9.075e+02 141.283 0.000 
-0.00285235 0.00182488 1.0750e+00 -8.958e+02 140.592 0.000 
-0.00285235 0.00207372 1.0750e+00 -8.852e+02 139.953 0.000 
-0.00285235 0.00232257 1.0750e+00 -8.749e+02 139.345 0.000 
-0.00285235 0.00257142 1.0750e+00 -8.654e+02 138.758 0.000 
-0.00285235 0.00282026 1.0750e+00 -8.569e+02 138.229 0.000 
-0.00285235 0.00306911 1.0750e+00 -8.490e+02 137.692 0.000 
-0.00285235 0.00331796 1.0750e+00 -8.417e+02 137.207 0.000 
-0.00285235 0.00356680 1.0750e+00 -8.352e+02 136.790 0.000 
-0.00285235 0.00381565 1.0750e+00 -8.294e+02 136.407 0.000 
-0.00285235 0.00406450 1.0750e+00 -8.238e+02 136.044 0.000 
-0.00285235 0.00431334 1.0750e+00 -8.193e+02 135.742 0.000 
-0.00285235 0.00456219 1.0750e+00 -8.158e+02 135.693 0.000 
-0.00285235 0.00306911 1.0750e+00 -8.490e+02 137.692 0.000 
-0.00285235 0.00331796 1.0750e+00 -8.417e+02 137.207 0.000 
-0.00285235 0.00356680 1.0750e+00 -8.352e+02 136.790 0.000 
-0.00285235 0.00381565 1.0750e+00 -8.294e+02 136.407 0.000 
-0.00285235 0.00406450 1.0750e+00 -8.238e+02 136.044 0.000 
-0.00285235 0.00431334 1.0750e+00 -8.193e+02 135.742 0.000 
-0.00285235 0.00456219 1.0750e+00 -8.158e+02 135.693 0.000 
-0.00285235 0.00481104 1.0750e+00 -8.121e+02 135.435 0.000 
-0.00285235 0.00505988 1.0750e+00 -8.095e+02 135.252 0.000 
-0.00285235 0.00530873 1.0750e+00 -8.079e+02 135.126 0.000 
-0.00285235 0.00555758 1.0750e+00 -8.061e+02 135.002 0.000 
-0.00285235 0.00580642 1.0750e+00 -8.052e+02 134.938 0.000 
-0.00285235 0.00605527 1.0750e+00 -8.053e+02 134.930 0.000 
-0.00285235 0.00630412 1.0750e+00 -8.053e+02 134.924 0.000 
-0.00285235 0.00481104 1.0750e+00 -8.121e+02 135.435 0.000 
-0.00285235 0.00505988 1.0750e+00 -8.095e+02 135.252 0.000 
-0.00285235 0.00530873 1.0750e+00 -8.079e+02 135.126 0.000 
-0.00285235 0.00555758 1.0750e+00 -8.061e+02 135.002 0.000 
-0.00285235 0.00580642 1.0750e+00 -8.052e+02 134.938 0.000 
-0.00285235 0.00605527 1.0750e+00 -8.053e+02 134.930 0.000 
-0.00285235 0.00630412 1.0750e+00 -8.053e+02 134.924 0.000 
-0.00285235 0.00655296 1.0750e+00 -8.067e+02 135.004 0.000 
-0.00285235 0.00680181 1.0750e+00 -8.080e+02 135.087 0.000 
-0.00285235 0.00705066 1.0750e+00 -8.102e+02 135.229 0.000 
-0.00285235 0.00729950 1.0750e+00 -8.129e+02 135.412 0.000 
-0.00285235 0.00754835 1.0750e+00 -8.161e+02 135.617 0.000 
-0.00285235 0.00779720 1.0750e+00 -8.198e+02 135.674 0.000 
-0.00285235 0.00804604 1.0750e+00 -8.245e+02 135.974 0.000 
-0.00285235 0.00655296 1.0750e+00 -8.067e+02 135.004 0.000 
-0.00285235 0.00680181 1.0750e+00 -8.080e+02 135.087 0.000 
-0.00285235 0.00705066 1.0750e+00 -8.102e+02 135.229 0.000 
-0.00285235 0.00729950 1.0750e+00 -8.129e+02 135.412 0.000 
-0.00285235 0.00754835 1.0750e+00 -8.161e+02 135.617 0.000 
-0.00285235 0.00779720 1.0750e+00 -8.198e+02 135.674 0.000 
-0.00285235 0.00804604 1.0750e+00 -8.245e+02 135.974 0.000 
-0.00127632 0.00904143 1.0750e+00 -1.210e+03 154.804 0.000 
-0.00127632 0.00929028 1.0750e+00 -1.238e+03 155.964 0.000 
-0.00127632 0.00953912 1.0750e+00 -1.267e+03 157.122 0.000 
-0.00127632 0.00978797 1.0750e+00 -1.297e+03 158.334 0.000 
-0.00135927 0.00082949 1.0750e+00 -8.525e+02 137.242 0.000 
-0.00135927 0.00107834 1.0750e+00 -8.500e+02 137.098 0.000 
-0.00135927 0.00132718 1.0750e+00 -8.481e+02 136.947 0.000 
-0.00285235 0.00829489 1.0750e+00 -8.297e+02 136.306 0.000 
-0.00285235 0.00854374 1.0750e+00 -8.353e+02 136.661 0.000 
-0.00285235 0.00879258 1.0750e+00 -8.418e+02 137.068 0.000 
-0.00285235 0.00904143 1.0750e+00 -8.486e+02 137.518 0.000 
-0.00285235 0.00929028 1.0750e+00 -8.562e+02 137.981 0.000 
-0.00285235 0.00953912 1.0750e+00 -8.645e+02 138.492 0.000 
-0.00285235 0.00978797 1.0750e+00 -8.733e+02 139.063 0.000 
-0.00285235 0.00829489 1.0750e+00 -8.297e+02 136.306 0.000 
-0.00285235 0.00854374 1.0750e+00 -8.353e+02 136.661 0.000 
-0.00285235 0.00879258 1.0750e+00 -8.418e+02 137.068 0.000 
-0.00285235 0.00904143 1.0750e+00 -8.486e+02 137.518 0.000 
-0.00285235 0.00929028 1.0750e+00 -8.562e+02 137.981 0.000 
-0.00285235 0.00953912 1.0750e+00 -8.645e+02 138.492 0.000 
-0.00285235 0.00978797 1.0750e+00 -8.733e+02 139.063 0.000 
-0.00293530 0.00082949 1.0750e+00 -9.614e+02 144.338 0.000 
-0.00293530 0.00107834 1.0750e+00 -9.466e+02 143.572 0.000 
-0.00293530 0.00132718 1.0750e+00 -9.323e+02 142.658 0.000 
-0.00293530 0.00157603 1.0750e+00 -9.189e+02 141.897 0.000 
-0.00293530 0.00182488 1.0750e+00 -9.063e+02 141.190 0.000 
-0.00293530 0.00207372 1.0750e+00 -8.947e+02 140.512 0.000 
-0.00293530 0.00232257 1.0750e+00 -8.839e+02 139.879 0.000 
-0.00293530 0.00082949 1.0750e+00 -9.614e+02 144.338 0.000 
-0.00293530 0.00107834 1.0750e+00 -9.466e+02 143.572 0.000 
-0.00293530 0.00132718 1.0750e+00 -9.323e+02 142.658 0.000 
-0.00293530 0.00157603 1.0750e+00 -9.189e+02 141.897 0.000 
-0.00293530 0.00182488 1.0750e+00 -9.063e+02 141.190 0.000 
-0.00293530 0.00207372 1.0750e+00 -8.947e+02 140.512 0.000 
-0.00293530 0.00232257 1.0750e+00 -8.839e+02 139.879 0.000 
-0.00293530 0.00257142 1.0750e+00 -8.739e+02 139.269 0.000 
-0.00293530 0.00282026 1.0750e+00 -8.643e+02 138.684 0.000 
-0.00293530 0.00306911 1.0750e+00 -8.559e+02 138.156 0.000 
-0.00293530 0.00331796 1.0750e+00 -8.480e+02 137.622 0.000 
-0.00293530 0.00356680 1.0750e+00 -8.409e+02 137.151 0.000 
-0.00293530 0.00381565 1.0750e+00 -8.342e+02 136.722 0.000 
-0.00293530 0.00406450 1.0750e+00 -8.286e+02 136.354 0.000 
-0.00293530 0.00431334 1.0750e+00 -8.230e+02 135.992 0.000 
-0.00293530 0.00456219 1.0750e+00 -8.190e+02 135.721 0.000 
-0.00293530 0.00481104 1.0750e+00 -8.149e+02 135.640 0.000 
-0.00293530 0.00505988 1.0750e+00 -8.118e+02 135.413 0.000 
-0.00293530 0.00530873 1.0750e+00 -8.092e+02 135.229 0.000 
-0.00293530 0.00555758 1.0750e+00 -8.070e+02 135.075 0.000 
-0.00293530 0.00580642 1.0750e+00 -8.057e+02 134.981 0.000 
-0.00293530 0.00605527 1.0750e+00 -8.048e+02 134.916 0.000 
-0.00293530 0.00630412 1.0750e+00 -8.048e+02 134.911 0.000 
-0.00293530 0.00655296 1.0750e+00 -8.053e+02 134.934 0.000 
-0.00293530 0.00680181 1.0750e+00 -8.061e+02 134.985 0.000 
-0.00293530 0.00705066 1.0750e+00 -8.079e+02 135.096 0.000 
-0.00293530 0.00729950 1.0750e+00 -8.101e+02 135.237 0.000 
-0.00293530 0.00754835 1.0750e+00 -8.128e+02 135.422 0.000 
-0.00293530 0.00605527 1.0750e+00 -8.048e+02 134.916 0.000 
-0.00293530 0.00630412 1.0750e+00 -8.048e+02 134.911 0.000 
-0.00293530 0.00655296 1.0750e+00 -8.053e+02 134.934 0.000 
-0.00293530 0.00680181 1.0750e+00 -8.061e+02 134.985 0.000 
-0.00293530 0.00705066 1.0750e+00 -8.079e+02 135.096 0.000 
-0.00293530 0.00729950 1.0750e+00 -8.101e+02 135.237 0.000 
-0.00293530 0.00754835 1.0750e+00 -8.128e+02 135.422 0.000 
-0.00293530 0.00779720 1.0750e+00 -8.159e+02 135.629 0.000 
-0.00293530 0.00804604 1.0750e+00 -8.196e+02 135.686 0.000 
-0.00293530 0.00829489 1.0750e+00 -8.243e+02 135.985 0.000 
-0.00293530 0.00854374 1.0750e+00 -8.295e+02 136.318 0.000 
-0.00293530 0.00879258 1.0750e+00 -8.353e+02 136.689 0.000 
-0.00293530 0.00904143 1.0750e+00 -8.415e+02 137.080 0.000 
-0.00293530 0.00929028 1.0750e+00 -8.483e+02 137.533 0.000 
-0.00293530 0.00953912 1.0750e+00 -8.559e+02 137.994 0.000 
-0.00293530 0.00978797 1.0750e+00 -8.642e+02 138.506 0.000 
-0.00301825 0.00082949 1.0750e+00 -9.765e+02 145.123 0.000 
-0.00301825 0.00107834 1.0750e+00 -9.604e+02 144.263 0.000 
-0.00301825 0.00132718 1.0750e+00 -9.454e+02 143.362 0.000 
-0.00301825 0.00157603 1.0750e+00 -9.311e+02 142.569 0.000 
-0.00301825 0.00182488 1.0750e+00 -9.177e+02 141.812 0.000 
-0.00301825 0.00207372 1.0750e+00 -9.055e+02 141.125 0.000 
-0.00301825 0.00232257 1.0750e+00 -8.939e+02 140.448 0.000 
-0.00301825 0.00257142 1.0750e+00 -8.832e+02 139.817 0.000 
-0.00301825 0.00282026 1.0750e+00 -8.731e+02 139.208 0.000 
-0.00301825 0.00306911 1.0750e+00 -8.636e+02 138.626 0.000 
-0.00301825 0.00331796 1.0750e+00 -8.551e+02 138.097 0.000 
-0.00301825 0.00356680 1.0750e+00 -8.472e+02 137.565 0.000 
-0.00301825 0.00207372 1.0750e+00 -9.055e+02 141.125 0.000 
-0.00301825 0.00232257 1.0750e+00 -8.939e+02 140.448 0.000 
-0.00301825 0.00257142 1.0750e+00 -8.832e+02 139.817 0.000 
-0.00301825 0.00282026 1.0750e+00 -8.731e+02 139.208 0.000 
-0.00301825 0.00306911 1.0750e+00 -8.636e+02 138.626 0.000 
-0.00301825 0.00331796 1.0750e+00 -8.551e+02 138.097 0.000 
-0.00301825 0.00356680 1.0750e+00 -8.472e+02 137.565 0.000 
-0.00301825 0.00381565 1.0750e+00 -8.401e+02 137.095 0.000 
-0.00301825 0.00406450 1.0750e+00 -8.337e+02 136.683 0.000 
-0.00301825 0.00431334 1.0750e+00 -8.278e+02 136.301 0.000 
-0.00301825 0.00456219 1.0750e+00 -8.227e+02 135.968 0.000 
-0.00301825 0.00481104 1.0750e+00 -8.182e+02 135.668 0.000 
-0.00301825 0.00505988 1.0750e+00 -8.146e+02 135.614 0.000 
-0.00301825 0.00530873 1.0750e+00 -8.115e+02 135.389 0.000 
-0.00301825 0.00555758 1.0750e+00 -8.088e+02 135.206 0.000 
-0.00301825 0.00580642 1.0750e+00 -8.071e+02 135.083 0.000 
-0.00301825 0.00605527 1.0750e+00 -8.057e+02 134.988 0.000 
-0.00301825 0.00630412 1.0750e+00 -8.048e+02 134.925 0.000 
-0.00301825 0.00655296 1.0750e+00 -8.048e+02 134.919 0.000 
-0.00301825 0.00680181 1.0750e+00 -8.053e+02 134.941 0.000 
-0.00301825 0.00705066 1.0750e+00 -8.061e+02 134.994 0.000 
-0.00301825 0.00555758 1.0750e+00 -8.088e+02 135.206 0.000 
-0.00301825 0.00580642 1.0750e+00 -8.071e+02 135.083 0.000 
-0.00301825 0.00605527 1.0750e+00 -8.057e+02 134.988 0.000 
-0.00301825 0.00630412 1.0750e+00 -8.048e+02 134.925 0.000 
-0.00301825 0.00655296 1.0750e+00 -8.048e+02 134.919 0.000 
-0.00301825 0.00680181 1.0750e+00 -8.053e+02 134.941 0.000 
-0.00301825 0.00705066 1.0750e+00 -8.061e+02 134.994 0.000 
-0.00135927 0.00157603 1.0750e+00 -8.470e+02 136.843 0.000 
-0.00135927 0.00182488 1.0750e+00 -8.467e+02 136.785 0.000 
-0.00135927 0.00207372 1.0750e+00 -8.468e+02 136.760 0.000 
-0.00135927 0.00232257 1.0750e+00 -8.476e+02 136.783 0.000 
-0.00135927 0.00257142 1.0750e+00 -8.495e+02 136.765 0.000 
-0.00135927 0.00282026 1.0750e+00 -8.516e+02 136.864 0.000 
-0.00135927 0.00306911 1.0750e+00 -8.547e+02 137.032 0.000 
-0.00301825 0.00729950 1.0750e+00 -8.078e+02 135.105 0.000 
-0.00301825 0.00754835 1.0750e+00 -8.100e+02 135.248 0.000 
-0.00301825 0.00779720 1.0750e+00 -8.127e+02 135.431 0.000 
-0.00301825 0.00804604 1.0750e+00 -8.163e+02 135.668 0.000 
-0.00301825 0.00829489 1.0750e+00 -8.200e+02 135.726 0.000 
-0.00301825 0.00854374 1.0750e+00 -8.246e+02 136.027 0.000 
-0.00301825 0.00879258 1.0750e+00 -8.293e+02 136.331 0.000 
-0.00301825 0.00729950 1.0750e+00 -8.078e+02 135.105 0.000 
-0.00301825 0.00754835 1.0750e+00 -8.100e+02 135.248 0.000 
-0.00301825 0.00779720 1.0750e+00 -8.127e+02 135.431 0.000 
-0.00301825 0.00804604 1.0750e+00 -8.163e+02 135.668 0.000 
-0.00301825 0.00829489 1.0750e+00 -8.200e+02 135.726 0.000 
-0.00301825 0.00854374 1.0750e+00 -8.246e+02 136.027 0.000 
-0.00301825 0.00879258 1.0750e+00 -8.293e+02 136.331 0.000 
-0.00301825 0.00904143 1.0750e+00 -8.354e+02 136.717 0.000 
-0.00301825 0.00929028 1.0750e+00 -8.416e+02 137.109 0.000 
-0.00301825 0.00953912 1.0750e+00 -8.483e+02 137.561 0.000 
-0.00301825 0.00978797 1.0750e+00 -8.559e+02 138.025 0.000 
-0.00310120 0.00082949 1.0750e+00 -9.927e+02 145.920 0.000 
-0.00310120 0.00107834 1.0750e+00 -9.753e+02 145.022 0.000 
-0.00310120 0.00132718 1.0750e+00 -9.595e+02 144.096 0.000 
-0.00310120 0.00157603 1.0750e+00 -9.445e+02 143.289 0.000 
-0.00310120 0.00182488 1.0750e+00 -9.303e+02 142.497 0.000 
-0.00310120 0.00207372 1.0750e+00 -9.173e+02 141.760 0.000 
-0.00310120 0.00232257 1.0750e+00 -9.047e+02 141.057 0.000 
-0.00310120 0.00257142 1.0750e+00 -8.932e+02 140.383 0.000 
-0.00310120 0.00282026 1.0750e+00 -8.824e+02 139.754 0.000 
-0.00310120 0.00306911 1.0750e+00 -8.724e+02 139.145 0.000 
-0.00310120 0.00157603 1.0750e+00 -9.445e+02 143.289 0.000 
-0.00310120 0.00182488 1.0750e+00 -9.303e+02 142.497 0.000 
-0.00310120 0.00207372 1.0750e+00 -9.173e+02 141.760 0.000 
-0.00310120 0.00232257 1.0750e+00 -9.047e+02 141.057 0.000 
-0.00310120 0.00257142 1.0750e+00 -8.932e+02 140.383 0.000 
-0.00310120 0.00282026 1.0750e+00 -8.824e+02 139.754 0.000 
-0.00310120 0.00306911 1.0750e+00 -8.724e+02 139.145 0.000 
-0.00310120 0.00331796 1.0750e+00 -8.632e+02 138.581 0.000 
-0.00310120 0.00356680 1.0750e+00 -8.547e+02 138.055 0.000 
-0.00310120 0.00381565 1.0750e+00 -8.471e+02 137.540 0.000 
-0.00310120 0.00406450 1.0750e+00 -8.399e+02 137.071 0.000 
-0.00310120 0.00431334 1.0750e+00 -8.335e+02 136.656 0.000 
-0.00310120 0.00456219 1.0750e+00 -8.276e+02 136.278 0.000 
-0.00310120 0.00481104 1.0750e+00 -8.225e+02 135.945 0.000 
-0.00310120 0.00505988 1.0750e+00 -8.184e+02 135.674 0.000 
-0.00310120 0.00530873 1.0750e+00 -8.148e+02 135.621 0.000 
-0.00310120 0.00555758 1.0750e+00 -8.116e+02 135.395 0.000 
-0.00310120 0.00580642 1.0750e+00 -8.089e+02 135.214 0.000 
-0.00310120 0.00605527 1.0750e+00 -8.072e+02 135.090 0.000 
-0.00310120 0.00630412 1.0750e+00 -8.058e+02 134.996 0.000 
-0.00310120 0.00655296 1.0750e+00 -8.049e+02 134.932 0.000 
-0.00310120 0.00505988 1.0750e+00 -8.184e+02 135.674 0.000 
-0.00310120 0.00530873 1.0750e+00 -8.148e+02 135.621 0.000 
-0.00310120 0.00555758 1.0750e+00 -8.116e+02 135.395 0.000 
-0.00310120 0.00580642 1.0750e+00 -8.089e+02 135.214 0.000 
-0.00310120 0.00605527 1.0750e+00 -8.072e+02 135.090 0.000 
-0.00310120 0.00630412 1.0750e+00 -8.058e+02 134.996 0.000 
-0.00310120 0.00655296 1.0750e+00 -8.049e+02 134.932 0.000 
-0.00310120 0.00680181 1.0750e+00 -8.048e+02 134.925 0.000 
-0.00310120 0.00705066 1.0750e+00 -8.052e+02 134.948 0.000 
-0.00310120 0.00729950 1.0750e+00 -8.065e+02 135.031 0.000 
-0.00310120 0.00754835 1.0750e+00 -8.083e+02 135.142 0.000 
-0.00310120 0.00779720 1.0750e+00 -8.105e+02 135.288 0.000 
-0.00310120 0.00804604 1.0750e+00 -8.131e+02 135.471 0.000 
-0.00310120 0.00829489 1.0750e+00 -8.162e+02 135.678 0.000 
-0.00310120 0.00854374 1.0750e+00 -8.203e+02 135.766 0.000 
-0.00310120 0.00879258 1.0750e+00 -8.250e+02 136.069 0.000 
-0.00310120 0.00904143 1.0750e+00 -8.297e+02 136.375 0.000 
-0.00310120 0.00929028 1.0750e+00 -8.357e+02 136.761 0.000 
-0.00310120 0.00953912 1.0750e+00 -8.419e+02 137.154 0.000 
-0.00310120 0.00978797 1.0750e+00 -8.487e+02 137.607 0.000 
-0.00318415 0.00082949 1.0750e+00 -1.010e+03 146.779 0.000 
-0.00310120 0.00854374 1.0750e+00 -8.203e+02 135.766 0.000 
-0.00310120 0.00879258 1.0750e+00 -8.250e+02 136.069 0.000 
-0.00310120 0.00904143 1.0750e+00 -8.297e+02 136.375 0.000 
-0.00310120 0.00929028 1.0750e+00 -8.357e+02 136.761 0.000 
-0.00310120 0.00953912 1.0750e+00 -8.419e+02 137.154 0.000 
-0.00310120 0.00978797 1.0750e+00 -8.487e+02 137.607 0.000 
-0.00318415 0.00082949 1.0750e+00 -1.010e+03 146.779 0.000 
-0.00318415 0.00107834 1.0750e+00 -9.921e+02 145.858 0.000 
-0.00318415 0.00132718 1.0750e+00 -9.750e+02 144.980 0.000 
-0.00318415 0.00157603 1.0750e+00 -9.590e+02 144.036 0.000 
-0.00318415 0.00182488 1.0750e+00 -9.441e+02 143.232 0.000 
-0.00318415 0.00207372 1.0750e+00 -9.298e+02 142.443 0.000 
-0.00318415 0.00232257 1.0750e+00 -9.168e+02 141.707 0.000 
-0.00318415 0.00257142 1.0750e+00 -9.043e+02 141.009 0.000 
-0.00318415 0.00107834 1.0750e+00 -9.921e+02 145.858 0.000 
-0.00318415 0.00132718 1.0750e+00 -9.750e+02 144.980 0.000 
-0.00318415 0.00157603 1.0750e+00 -9.590e+02 144.036 0.000 
-0.00318415 0.00182488 1.0750e+00 -9.441e+02 143.232 0.000 
-0.00318415 0.00207372 1.0750e+00 -9.298e+02 142.443 0.000 
-0.00318415 0.00232257 1.0750e+00 -9.168e+02 141.707 0.000 
-0.00318415 0.00257142 1.0750e+00 -9.043e+02 141.009 0.000 
-0.00318415 0.00282026 1.0750e+00 -8.928e+02 140.334 0.000 
-0.00318415 0.00306911 1.0750e+00 -8.823e+02 139.723 0.000 
-0.00318415 0.00331796 1.0750e+00 -8.723e+02 139.118 0.000 
-0.00318415 0.00356680 1.0750e+00 -8.630e+02 138.551 0.000 
-0.00318415 0.00381565 1.0750e+00 -8.546e+02 138.028 0.000 
-0.00318415 0.00406450 1.0750e+00 -8.469e+02 137.512 0.000 
-0.00318415 0.00431334 1.0750e+00 -8.397e+02 137.044 0.000 
-0.00318415 0.00282026 1.0750e+00 -8.928e+02 140.334 0.000 
-0.00318415 0.00306911 1.0750e+00 -8.823e+02 139.723 0.000 
-0.00318415 0.00331796 1.0750e+00 -8.723e+02 139.118 0.000 
-0.00318415 0.00356680 1.0750e+00 -8.630e+02 138.551 0.000 
-0.00318415 0.00381565 1.0750e+00 -8.546e+02 138.028 0.000 
-0.00318415 0.00406450 1.0750e+00 -8.469e+02 137.512 0.000 
-0.00318415 0.00431334 1.0750e+00 -8.397e+02 137.044 0.000 
-0.00318415 0.00456219 1.0750e+00 -8.335e+02 136.646 0.000 
-0.00318415 0.00481104 1.0750e+00 -8.279e+02 136.281 0.000 
-0.00318415 0.00505988 1.0750e+00 -8.227e+02 135.952 0.000 
-0.00318415 0.00530873 1.0750e+00 -8.186e+02 135.869 0.000 
-0.00318415 0.00555758 1.0750e+00 -8.150e+02 135.624 0.000 
-0.00318415 0.00580642 1.0750e+00 -8.118e+02 135.401 0.000 
-0.00318415 0.00605527 1.0750e+00 -8.096e+02 135.246 0.000 
-0.00318415 0.00456219 1.0750e+00 -8.335e+02 136.646 0.000 
-0.00318415 0.00481104 1.0750e+00 -8.279e+02 136.281 0.000 
-0.00318415 0.00505988 1.0750e+00 -8.227e+02 135.952 0.000 
-0.00318415 0.00530873 1.0750e+00 -8.186e+02 135.869 0.000 
-0.00318415 0.00555758 1.0750e+00 -8.150e+02 135.624 0.000 
-0.00318415 0.00580642 1.0750e+00 -8.118e+02 135.401 0.000 
-0.00318415 0.00605527 1.0750e+00 -8.096e+02 135.246 0.000 
-0.00135927 0.00331796 1.0750e+00 -8.582e+02 137.241 0.000 
-0.00135927 0.00356680 1.0750e+00 -8.628e+02 137.486 0.000 
-0.00135927 0.00381565 1.0750e+00 -8.679e+02 137.769 0.000 
-0.00135927 0.00406450 1.0750e+00 -8.739e+02 138.107 0.000 
-0.00135927 0.00431334 1.0750e+00 -8.805e+02 138.480 0.000 
-0.00135927 0.00456219 1.0750e+00 -8.878e+02 138.908 0.000 
-0.00135927 0.00481104 1.0750e+00 -8.961e+02 139.383 0.000 
-0.00318415 0.00630412 1.0750e+00 -8.072e+02 135.095 0.000 
-0.00318415 0.00655296 1.0750e+00 -8.064e+02 135.032 0.000 
-0.00318415 0.00680181 1.0750e+00 -8.054e+02 134.967 0.000 
-0.00318415 0.00705066 1.0750e+00 -8.053e+02 134.963 0.000 
-0.00318415 0.00729950 1.0750e+00 -8.057e+02 134.986 0.000 
-0.00318415 0.00754835 1.0750e+00 -8.070e+02 135.067 0.000 
-0.00318415 0.00779720 1.0750e+00 -8.087e+02 135.181 0.000 
-0.00318415 0.00804604 1.0750e+00 -8.109e+02 135.325 0.000 
-0.00318415 0.00829489 1.0750e+00 -8.135e+02 135.510 0.000 
-0.00318415 0.00854374 1.0750e+00 -8.171e+02 135.747 0.000 
-0.00318415 0.00879258 1.0750e+00 -8.207e+02 135.810 0.000 
-0.00318415 0.00904143 1.0750e+00 -8.253e+02 136.110 0.000 
-0.00318415 0.00929028 1.0750e+00 -8.305e+02 136.447 0.000 
-0.00318415 0.00953912 1.0750e+00 -8.363e+02 136.819 0.000 
-0.00318415 0.00804604 1.0750e+00 -8.109e+02 135.325 0.000 
-0.00318415 0.00829489 1.0750e+00 -8.135e+02 135.510 0.000 
-0.00318415 0.00854374 1.0750e+00 -8.171e+02 135.747 0.000 
-0.00318415 0.00879258 1.0750e+00 -8.207e+02 135.810 0.000 
-0.00318415 0.00904143 1.0750e+00 -8.253e+02 136.110 0.000 
-0.00318415 0.00929028 1.0750e+00 -8.305e+02 136.447 0.000 
-0.00318415 0.00953912 1.0750e+00 -8.363e+02 136.819 0.000 
-0.00318415 0.00978797 1.0750e+00 -8.425e+02 137.215 0.000 
-0.00326710 0.00082949 1.0750e+00 -1.029e+03 147.719 0.000 
-0.00326710 0.00107834 1.0750e+00 -1.010e+03 146.734 0.000 
-0.00326710 0.00132718 1.0750e+00 -9.917e+02 145.816 0.000 
-0.00326710 0.00157603 1.0750e+00 -9.748e+02 144.938 0.000 
-0.00326710 0.00182488 1.0750e+00 -9.589e+02 143.997 0.000 
-0.00326710 0.00207372 1.0750e+00 -9.440e+02 143.195 0.000 
-0.00318415 0.00978797 1.0750e+00 -8.425e+02 137.215 0.000 
-0.00326710 0.00082949 1.0750e+00 -1.029e+03 147.719 0.000 
-0.00326710 0.00107834 1.0750e+00 -1.010e+03 146.734 0.000 
-0.00326710 0.00132718 1.0750e+00 -9.917e+02 145.816 0.000 
-0.00326710 0.00157603 1.0750e+00 -9.748e+02 144.938 0.000 
-0.00326710 0.00182488 1.0750e+00 -9.589e+02 143.997 0.000 
-0.00326710 0.00207372 1.0750e+00 -9.440e+02 143.195 0.000 
-0.00326710 0.00232257 1.0750e+00 -9.298e+02 142.406 0.000 
-0.00326710 0.00257142 1.0750e+00 -9.168e+02 141.674 0.000 
-0.00326710 0.00282026 1.0750e+00 -9.042e+02 140.976 0.000 
-0.00326710 0.00306911 1.0750e+00 -8.930e+02 140.317 0.000 
-0.00326710 0.00331796 1.0750e+00 -8.822e+02 139.692 0.000 
-0.00326710 0.00356680 1.0750e+00 -8.721e+02 139.088 0.000 
-0.00326710 0.00381565 1.0750e+00 -8.632e+02 138.537 0.000 
-0.00326710 0.00406450 1.0750e+00 -8.548e+02 137.987 0.000 
-0.00326710 0.00431334 1.0750e+00 -8.472e+02 137.543 0.000 
-0.00326710 0.00456219 1.0750e+00 -8.401e+02 137.049 0.000 
-0.00326710 0.00481104 1.0750e+00 -8.338e+02 136.650 0.000 
-0.00326710 0.00505988 1.0750e+00 -8.281e+02 136.286 0.000 
-0.00326710 0.00530873 1.0750e+00 -8.230e+02 135.955 0.000 
-0.00326710 0.00555758 1.0750e+00 -8.188e+02 135.873 0.000 
-0.00326710 0.00580642 1.0750e+00 -8.152e+02 135.629 0.000 
-0.00326710 0.00605527 1.0750e+00 -8.125e+02 135.434 0.000 
-0.00326710 0.00630412 1.0750e+00 -8.097e+02 135.252 0.000 
-0.00326710 0.00655296 1.0750e+00 -8.078e+02 135.129 0.000 
-0.00326710 0.00680181 1.0750e+00 -8.069e+02 135.065 0.000 
-0.00326710 0.00705066 1.0750e+00 -8.059e+02 135.002 0.000 
-0.00326710 0.00729950 1.0750e+00 -8.058e+02 134.998 0.000 
-0.00326710 0.00754835 1.0750e+00 -8.067e+02 135.051 0.000 
-0.00326710 0.00779720 1.0750e+00 -8.079e+02 135.132 0.000 
-0.00326710 0.00804604 1.0750e+00 -8.096e+02 135.245 0.000 
-0.00326710 0.00829489 1.0750e+00 -8.118e+02 135.400 0.000 
-0.00326710 0.00854374 1.0750e+00 -8.144e+02 135.578 0.000 
-0.00326710 0.00879258 1.0750e+00 -8.180e+02 135.817 0.000 
-0.00326710 0.00904143 1.0750e+00 -8.216e+02 135.879 0.000 
-0.00326710 0.00929028 1.0750e+00 -8.262e+02 136.183 0.000 
-0.00326710 0.00953912 1.0750e+00 -8.314e+02 136.521 0.000 
-0.00326710 0.00978797 1.0750e+00 -8.370e+02 136.878 0.000 
-0.00335004 0.00082949 1.0750e+00 -1.049e+03 148.553 0.000 
-0.00335004 0.00107834 1.0750e+00 -1.029e+03 147.689 0.000 
-0.00335004 0.00132718 1.0750e+00 -1.010e+03 146.707 0.000 
-0.00335004 0.00157603 1.0750e+00 -9.920e+02 145.789 0.000 
-0.00335004 0.00182488 1.0750e+00 -9.752e+02 144.915 0.000 
-0.00335004 0.00207372 1.0750e+00 -9.588e+02 143.955 0.000 
-0.00335004 0.00232257 1.0750e+00 -9.439e+02 143.156 0.000 
-0.00335004 0.00257142 1.0750e+00 -9.301e+02 142.391 0.000 
-0.00335004 0.00282026 1.0750e+00 -9.169e+02 141.670 0.000 
-0.00335004 0.00306911 1.0750e+00 -9.045e+02 140.961 0.000 
-0.00335004 0.00331796 1.0750e+00 -8.933e+02 140.302 0.000 
-0.00335004 0.00182488 1.0750e+00 -9.752e+02 144.915 0.000 
-0.00335004 0.00207372 1.0750e+00 -9.588e+02 143.955 0.000 
-0.00335004 0.00232257 1.0750e+00 -9.439e+02 143.156 0.000 
-0.00335004 0.00257142 1.0750e+00 -9.301e+02 142.391 0.000 
-0.00335004 0.00282026 1.0750e+00 -9.169e+02 141.670 0.000 
-0.00335004 0.00306911 1.0750e+00 -9.045e+02 140.961 0.000 
-0.00335004 0.00331796 1.0750e+00 -8.933e+02 140.302 0.000 
-0.00335004 0.00356680 1.0750e+00 -8.824e+02 139.677 0.000 
-0.00335004 0.00381565 1.0750e+00 -8.726e+02 139.089 0.000 
-0.00335004 0.00406450 1.0750e+00 -8.634e+02 138.525 0.000 
-0.00335004 0.00431334 1.0750e+00 -8.552e+02 137.989 0.000 
-0.00335004 0.00456219 1.0750e+00 -8.476e+02 137.547 0.000 
-0.00335004 0.00481104 1.0750e+00 -8.407e+02 137.067 0.000 
-0.00335004 0.00505988 1.0750e+00 -8.341e+02 136.654 0.000 
-0.00135927 0.00505988 1.0750e+00 -9.051e+02 139.888 0.000 
-0.00135927 0.00530873 1.0750e+00 -9.149e+02 140.439 0.000 
-0.00135927 0.00555758 1.0750e+00 -9.256e+02 141.038 0.000 
-0.00135927 0.00580642 1.0750e+00 -9.371e+02 141.684 0.000 
-0.00135927 0.00605527 1.0750e+00 -9.497e+02 142.371 0.000 
-0.00135927 0.00630412 1.0750e+00 -9.628e+02 143.057 0.000 
-0.00135927 0.00655296 1.0750e+00 -9.774e+02 143.835 0.000 
-0.00335004 0.00530873 1.0750e+00 -8.290e+02 136.320 0.000 
-0.00335004 0.00555758 1.0750e+00 -8.237e+02 135.989 0.000 
-0.00335004 0.00580642 1.0750e+00 -8.196e+02 135.908 0.000 
-0.00335004 0.00605527 1.0750e+00 -8.158e+02 135.662 0.000 
-0.00335004 0.00630412 1.0750e+00 -8.131e+02 135.468 0.000 
-0.00335004 0.00655296 1.0750e+00 -8.108e+02 135.317 0.000 
-0.00335004 0.00680181 1.0750e+00 -8.089e+02 135.193 0.000 
-0.00335004 0.00530873 1.0750e+00 -8.290e+02 136.320 0.000 
-0.00335004 0.00555758 1.0750e+00 -8.237e+02 135.989 0.000 
-0.00335004 0.00580642 1.0750e+00 -8.196e+02 135.908 0.000 
-0.00335004 0.00605527 1.0750e+00 -8.158e+02 135.662 0.000 
-0.00335004 0.00630412 1.0750e+00 -8.131e+02 135.468 0.000 
-0.00335004 0.00655296 1.0750e+00 -8.108e+02 135.317 0.000 
-0.00335004 0.00680181 1.0750e+00 -8.089e+02 135.193 0.000 
-0.00335004 0.00705066 1.0750e+00 -8.075e+02 135.103 0.000 
-0.00335004 0.00729950 1.0750e+00 -8.070e+02 135.067 0.000 
-0.00335004 0.00754835 1.0750e+00 -8.068e+02 135.063 0.000 
-0.00335004 0.00779720 1.0750e+00 -8.077e+02 135.116 0.000 
-0.00335004 0.00804604 1.0750e+00 -8.089e+02 135.199 0.000 
-0.00335004 0.00829489 1.0750e+00 -8.106e+02 135.316 0.000 
-0.00335004 0.00854374 1.0750e+00 -8.127e+02 135.467 0.000 
-0.00335004 0.00705066 1.0750e+00 -8.075e+02 135.103 0.000 
-0.00335004 0.00729950 1.0750e+00 -8.070e+02 135.067 0.000 
-0.00335004 0.00754835 1.0750e+00 -8.068e+02 135.063 0.000 
-0.00335004 0.00779720 1.0750e+00 -8.077e+02 135.116 0.000 
-0.00335004 0.00804604 1.0750e+00 -8.089e+02 135.199 0.000 
-0.00335004 0.00829489 1.0750e+00 -8.106e+02 135.316 0.000 
-0.00335004 0.00854374 1.0750e+00 -8.127e+02 135.467 0.000 
-0.00335004 0.00879258 1.0750e+00 -8.153e+02 135.647 0.000 
-0.00335004 0.00904143 1.0750e+00 -8.189e+02 135.886 0.000 
-0.00335004 0.00929028 1.0750e+00 -8.225e+02 135.953 0.000 
-0.00335004 0.00953912 1.0750e+00 -8.271e+02 136.256 0.000 
-0.00335004 0.00978797 1.0750e+00 -8.323e+02 136.594 0.000 
-0.00343299 0.00082949 1.0750e+00 -1.071e+03 149.585 0.000 
-0.00343299 0.00107834 1.0750e+00 -1.049e+03 148.520 0.000 
-0.00335004 0.00879258 1.0750e+00 -8.153e+02 135.647 0.000 
-0.00335004 0.00904143 1.0750e+00 -8.189e+02 135.886 0.000 
-0.00335004 0.00929028 1.0750e+00 -8.225e+02 135.953 0.000 
-0.00335004 0.00953912 1.0750e+00 -8.271e+02 136.256 0.000 
-0.00335004 0.00978797 1.0750e+00 -8.323e+02 136.594 0.000 
-0.00343299 0.00082949 1.0750e+00 -1.071e+03 149.585 0.000 
-0.00343299 0.00107834 1.0750e+00 -1.049e+03 148.520 0.000 
-0.00343299 0.00132718 1.0750e+00 -1.029e+03 147.658 0.000 
-0.00343299 0.00157603 1.0750e+00 -1.010e+03 146.680 0.000 
-0.00343299 0.00182488 1.0750e+00 -9.925e+02 145.782 0.000 
-0.00343299 0.00207372 1.0750e+00 -9.755e+02 144.891 0.000 
-0.00343299 0.00232257 1.0750e+00 -9.595e+02 143.953 0.000 
-0.00343299 0.00257142 1.0750e+00 -9.446e+02 143.156 0.000 
-0.00343299 0.00282026 1.0750e+00 -9.304e+02 142.372 0.000 
-0.00343299 0.00306911 1.0750e+00 -9.175e+02 141.673 0.000 
-0.00343299 0.00331796 1.0750e+00 -9.051e+02 140.964 0.000 
-0.00343299 0.00356680 1.0750e+00 -8.938e+02 140.304 0.000 
-0.00343299 0.00381565 1.0750e+00 -8.830e+02 139.679 0.000 
-0.00343299 0.00406450 1.0750e+00 -8.731e+02 139.091 0.000 
-0.00343299 0.00431334 1.0750e+00 -8.641e+02 138.543 0.000 
-0.00343299 0.00456219 1.0750e+00 -8.559e+02 138.007 0.000 
-0.00343299 0.00481104 1.0750e+00 -8.482e+02 137.563 0.000 
-0.00343299 0.00505988 1.0750e+00 -8.414e+02 137.086 0.000 
-0.00343299 0.00530873 1.0750e+00 -8.350e+02 136.688 0.000 
-0.00343299 0.00555758 1.0750e+00 -8.298e+02 136.352 0.000 
-0.00343299 0.00580642 1.0750e+00 -8.245e+02 136.023 0.000 
-0.00343299 0.00605527 1.0750e+00 -8.203e+02 135.750 0.000 
-0.00343299 0.00630412 1.0750e+00 -8.170e+02 135.723 0.000 
-0.00343299 0.00655296 1.0750e+00 -8.143e+02 135.541 0.000 
-0.00343299 0.00680181 1.0750e+00 -8.119e+02 135.377 0.000 
-0.00343299 0.00705066 1.0750e+00 -8.100e+02 135.258 0.000 
-0.00343299 0.00729950 1.0750e+00 -8.091e+02 135.193 0.000 
-0.00343299 0.00754835 1.0750e+00 -8.080e+02 135.132 0.000 
-0.00343299 0.00779720 1.0750e+00 -8.084e+02 135.156 0.000 
-0.00343299 0.00804604 1.0750e+00 -8.086e+02 135.181 0.000 
-0.00343299 0.00829489 1.0750e+00 -8.099e+02 135.265 0.000 
-0.00343299 0.00854374 1.0750e+00 -8.115e+02 135.390 0.000 
-0.00343299 0.00879258 1.0750e+00 -8.141e+02 135.566 0.000 
-0.00343299 0.00904143 1.0750e+00 -8.167e+02 135.746 0.000 
-0.00343299 0.00929028 1.0750e+00 -8.203e+02 135.809 0.000 
-0.00343299 0.00953912 1.0750e+00 -8.239e+02 136.051 0.000 
-0.00343299 0.00978797 1.0750e+00 -8.285e+02 136.358 0.000 
-0.00351594 0.00082949 1.0750e+00 -1.094e+03 150.632 0.000 
-0.00351594 0.00107834 1.0750e+00 -1.072e+03 149.572 0.000 
-0.00351594 0.00132718 1.0750e+00 -1.050e+03 148.529 0.000 
-0.00351594 0.00157603 1.0750e+00 -1.030e+03 147.669 0.000 
-0.00351594 0.00182488 1.0750e+00 -1.011e+03 146.672 0.000 
-0.00351594 0.00207372 1.0750e+00 -9.933e+02 145.775 0.000 
-0.00351594 0.00232257 1.0750e+00 -9.762e+02 144.887 0.000 
-0.00351594 0.00082949 1.0750e+00 -1.094e+03 150.632 0.000 
-0.00351594 0.00107834 1.0750e+00 -1.072e+03 149.572 0.000 
-0.00351594 0.00132718 1.0750e+00 -1.050e+03 148.529 0.000 
-0.00351594 0.00157603 1.0750e+00 -1.030e+03 147.669 0.000 
-0.00351594 0.00182488 1.0750e+00 -1.011e+03 146.672 0.000 
-0.00351594 0.00207372 1.0750e+00 -9.933e+02 145.775 0.000 
-0.00351594 0.00232257 1.0750e+00 -9.762e+02 144.887 0.000 
-0.00351594 0.00257142 1.0750e+00 -9.603e+02 143.948 0.000 
-0.00351594 0.00282026 1.0750e+00 -9.453e+02 143.153 0.000 
-0.00351594 0.00306911 1.0750e+00 -9.314e+02 142.388 0.000 
-0.00351594 0.00331796 1.0750e+00 -9.181e+02 141.668 0.000 
-0.00351594 0.00356680 1.0750e+00 -9.058e+02 140.966 0.000 
-0.00351594 0.00381565 1.0750e+00 -8.944e+02 140.302 0.000 
-0.00351594 0.00406450 1.0750e+00 -8.838e+02 139.694 0.000 
-0.00351594 0.00257142 1.0750e+00 -9.603e+02 143.948 0.000 
-0.00351594 0.00282026 1.0750e+00 -9.453e+02 143.153 0.000 
-0.00351594 0.00306911 1.0750e+00 -9.314e+02 142.388 0.000 
-0.00351594 0.00331796 1.0750e+00 -9.181e+02 141.668 0.000 
-0.00351594 0.00356680 1.0750e+00 -9.058e+02 140.966 0.000 
-0.00351594 0.00381565 1.0750e+00 -8.944e+02 140.302 0.000 
-0.00351594 0.00406450 1.0750e+00 -8.838e+02 139.694 0.000 
-0.00135927 0.00680181 1.0750e+00 -9.925e+02 144.631 0.000 
-0.00135927 0.00705066 1.0750e+00 -1.009e+03 145.490 0.000 
-0.00135927 0.00729950 1.0750e+00 -1.026e+03 146.352 0.000 
-0.00135927 0.00754835 1.0750e+00 -1.044e+03 147.248 0.000 
-0.00135927 0.00779720 1.0750e+00 -1.063e+03 148.156 0.000 
-0.00135927 0.00804604 1.0750e+00 -1.084e+03 149.147 0.000 
-0.00135927 0.00829489 1.0750e+00 -1.105e+03 150.137 0.000 
-0.00351594 0.00431334 1.0750e+00 -8.743e+02 139.121 0.000 
-0.00351594 0.00456219 1.0750e+00 -8.652e+02 138.573 0.000 
-0.00351594 0.00481104 1.0750e+00 -8.569e+02 138.039 0.000 
-0.00351594 0.00505988 1.0750e+00 -8.492e+02 137.597 0.000 
-0.00351594 0.00530873 1.0750e+00 -8.426e+02 137.135 0.000 
-0.00351594 0.00555758 1.0750e+00 -8.364e+02 136.750 0.000 
-0.00351594 0.00580642 1.0750e+00 -8.306e+02 136.387 0.000 
-0.00351594 0.00431334 1.0750e+00 -8.743e+02 139.121 0.000 
-0.00351594 0.00456219 1.0750e+00 -8.652e+02 138.573 0.000 
-0.00351594 0.00481104 1.0750e+00 -8.569e+02 138.039 0.000 
-0.00351594 0.00505988 1.0750e+00 -8.492e+02 137.597 0.000 
-0.00351594 0.00530873 1.0750e+00 -8.426e+02 137.135 0.000 
-0.00351594 0.00555758 1.0750e+00 -8.364e+02 136.750 0.000 
-0.00351594 0.00580642 1.0750e+00 -8.306e+02 136.387 0.000 
-0.00351594 0.00605527 1.0750e+00 -8.258e+02 136.085 0.000 
-0.00351594 0.00630412 1.0750e+00 -8.216e+02 135.813 0.000 
-0.00351594 0.00655296 1.0750e+00 -8.183e+02 135.785 0.000 
-0.00351594 0.00680181 1.0750e+00 -8.155e+02 135.603 0.000 
-0.00351594 0.00705066 1.0750e+00 -8.131e+02 135.441 0.000 
-0.00351594 0.00729950 1.0750e+00 -8.111e+02 135.319 0.000 
-0.00351594 0.00754835 1.0750e+00 -8.101e+02 135.257 0.000 
-0.00351594 0.00605527 1.0750e+00 -8.258e+02 136.085 0.000 
-0.00351594 0.00630412 1.0750e+00 -8.216e+02 135.813 0.000 
-0.00351594 0.00655296 1.0750e+00 -8.183e+02 135.785 0.000 
-0.00351594 0.00680181 1.0750e+00 -8.155e+02 135.603 0.000 
-0.00351594 0.00705066 1.0750e+00 -8.131e+02 135.441 0.000 
-0.00351594 0.00729950 1.0750e+00 -8.111e+02 135.319 0.000 
-0.00351594 0.00754835 1.0750e+00 -8.101e+02 135.257 0.000 
-0.00351594 0.00779720 1.0750e+00 -8.095e+02 135.224 0.000 
-0.00351594 0.00804604 1.0750e+00 -8.099e+02 135.249 0.000 
-0.00351594 0.00829489 1.0750e+00 -8.101e+02 135.276 0.000 
-0.00351594 0.00854374 1.0750e+00 -8.113e+02 135.362 0.000 
-0.00351594 0.00879258 1.0750e+00 -8.130e+02 135.486 0.000 
-0.00351594 0.00904143 1.0750e+00 -8.156e+02 135.662 0.000 
-0.00351594 0.00929028 1.0750e+00 -8.182e+02 135.845 0.000 
-0.00351594 0.00779720 1.0750e+00 -8.095e+02 135.224 0.000 
-0.00351594 0.00804604 1.0750e+00 -8.099e+02 135.249 0.000 
-0.00351594 0.00829489 1.0750e+00 -8.101e+02 135.276 0.000 
-0.00351594 0.00854374 1.0750e+00 -8.113e+02 135.362 0.000 
-0.00351594 0.00879258 1.0750e+00 -8.130e+02 135.486 0.000 
-0.00351594 0.00904143 1.0750e+00 -8.156e+02 135.662 0.000 
-0.00351594 0.00929028 1.0750e+00 -8.182e+02 135.845 0.000 
-0.00351594 0.00953912 1.0750e+00 -8.218e+02 135.908 0.000 
-0.00351594 0.00978797 1.0750e+00 -8.259e+02 136.182 0.000 
-0.00359889 0.00082949 1.0750e+00 -1.119e+03 151.719 0.000 
-0.00359889 0.00107834 1.0750e+00 -1.095e+03 150.641 0.000 
-0.00359889 0.00132718 1.0750e+00 -1.073e+03 149.582 0.000 
-0.00359889 0.00157603 1.0750e+00 -1.052e+03 148.540 0.000 
-0.00359889 0.00182488 1.0750e+00 -1.031e+03 147.659 0.000 
-0.00359889 0.00207372 1.0750e+00 -1.012e+03 146.685 0.000 
-0.00359889 0.00232257 1.0750e+00 -9.941e+02 145.767 0.000 
-0.00359889 0.00257142 1.0750e+00 -9.774e+02 144.899 0.000 
-0.00359889 0.00282026 1.0750e+00 -9.614e+02 143.963 0.000 
-0.00359889 0.00306911 1.0750e+00 -9.464e+02 143.167 0.000 
-0.00359889 0.00331796 1.0750e+00 -9.325e+02 142.403 0.000 
-0.00359889 0.00356680 1.0750e+00 -9.191e+02 141.686 0.000 
-0.00359889 0.00207372 1.0750e+00 -1.012e+03 146.685 0.000 
-0.00359889 0.00232257 1.0750e+00 -9.941e+02 145.767 0.000 
-0.00359889 0.00257142 1.0750e+00 -9.774e+02 144.899 0.000 
-0.00359889 0.00282026 1.0750e+00 -9.614e+02 143.963 0.000 
-0.00359889 0.00306911 1.0750e+00 -9.464e+02 143.167 0.000 
-0.00359889 0.00331796 1.0750e+00 -9.325e+02 142.403 0.000 
-0.00359889 0.00356680 1.0750e+00 -9.191e+02 141.686 0.000 
-0.00359889 0.00381565 1.0750e+00 -9.071e+02 140.997 0.000 
-0.00359889 0.00406450 1.0750e+00 -8.956e+02 140.335 0.000 
-0.00359889 0.00431334 1.0750e+00 -8.850e+02 139.727 0.000 
-0.00359889 0.00456219 1.0750e+00 -8.754e+02 139.154 0.000 
-0.00359889 0.00481104 1.0750e+00 -8.663e+02 138.607 0.000 
-0.00359889 0.00505988 1.0750e+00 -8.579e+02 138.073 0.000 
-0.00359889 0.00530873 1.0750e+00 -8.505e+02 137.619 0.000 
-0.00359889 0.00555758 1.0750e+00 -8.438e+02 137.183 0.000 
-0.00359889 0.00580642 1.0750e+00 -8.373e+02 136.782 0.000 
-0.00359889 0.00605527 1.0750e+00 -8.320e+02 136.448 0.000 
-0.00359889 0.00630412 1.0750e+00 -8.271e+02 136.146 0.000 
-0.00359889 0.00655296 1.0750e+00 -8.233e+02 135.904 0.000 
-0.00359889 0.00680181 1.0750e+00 -8.200e+02 135.876 0.000 
-0.00359889 0.00705066 1.0750e+00 -8.171e+02 135.693 0.000 
-0.00359889 0.00729950 1.0750e+00 -8.147e+02 135.542 0.000 
-0.00359889 0.00754835 1.0750e+00 -8.127e+02 135.411 0.000 
-0.00359889 0.00779720 1.0750e+00 -8.117e+02 135.349 0.000 
-0.00359889 0.00804604 1.0750e+00 -8.111e+02 135.317 0.000 
-0.00359889 0.00829489 1.0750e+00 -8.114e+02 135.345 0.000 
-0.00359889 0.00854374 1.0750e+00 -8.121e+02 135.400 0.000 
-0.00359889 0.00879258 1.0750e+00 -8.133e+02 135.493 0.000 
-0.00359889 0.00904143 1.0750e+00 -8.150e+02 135.613 0.000 
-0.00359889 0.00929028 1.0750e+00 -8.176e+02 135.791 0.000 
-0.00359889 0.00953912 1.0750e+00 -8.202e+02 135.974 0.000 
-0.00359889 0.00978797 1.0750e+00 -8.232e+02 136.009 0.000 
-0.00135927 0.00854374 1.0750e+00 -1.128e+03 151.242 0.000 
-0.00135927 0.00879258 1.0750e+00 -1.152e+03 152.320 0.000 
-0.00135927 0.00904143 1.0750e+00 -1.177e+03 153.468 0.000 
-0.00135927 0.00929028 1.0750e+00 -1.202e+03 154.506 0.000 
-0.00135927 0.00953912 1.0750e+00 -1.230e+03 155.703 0.000 
-0.00135927 0.00978797 1.0750e+00 -1.258e+03 156.854 0.000 
-0.00144222 0.00082949 1.0750e+00 -8.516e+02 137.268 0.000 
-0.00144222 0.00107834 1.0750e+00 -8.485e+02 137.095 0.000 
-0.00144222 0.00132718 1.0750e+00 -8.462e+02 136.913 0.000 
-0.00144222 0.00157603 1.0750e+00 -8.443e+02 136.764 0.000 
-0.00144222 0.00182488 1.0750e+00 -8.432e+02 136.662 0.000 
-0.00144222 0.00207372 1.0750e+00 -8.429e+02 136.556 0.000 
-0.00144222 0.00232257 1.0750e+00 -8.431e+02 136.531 0.000 
-0.00144222 0.00257142 1.0750e+00 -8.440e+02 136.617 0.000 
-0.00144222 0.00282026 1.0750e+00 -8.458e+02 136.584 0.000 
-0.00144222 0.00306911 1.0750e+00 -8.482e+02 136.715 0.000 
-0.00144222 0.00331796 1.0750e+00 -8.510e+02 136.865 0.000 
-0.00144222 0.00356680 1.0750e+00 -8.549e+02 137.080 0.000 
-0.00144222 0.00381565 1.0750e+00 -8.592e+02 137.335 0.000 
-0.00144222 0.00406450 1.0750e+00 -8.643e+02 137.615 0.000 
-0.00144222 0.00431334 1.0750e+00 -8.702e+02 137.949 0.000 
-0.00144222 0.00456219 1.0750e+00 -8.770e+02 138.340 0.000 
-0.00144222 0.00481104 1.0750e+00 -8.842e+02 138.752 0.000 
-0.00144222 0.00505988 1.0750e+00 -8.925e+02 139.259 0.000 
-0.00144222 0.00530873 1.0750e+00 -9.016e+02 139.759 0.000 
-0.00144222 0.00555758 1.0750e+00 -9.113e+02 140.306 0.000 
-0.00144222 0.00580642 1.0750e+00 -9.220e+02 140.904 0.000 
-0.00144222 0.00605527 1.0750e+00 -9.331e+02 141.504 0.000 
-0.00144222 0.00630412 1.0750e+00 -9.457e+02 142.229 0.000 
-0.00144222 0.00655296 1.0750e+00 -9.587e+02 142.911 0.000 
-0.00144222 0.00680181 1.0750e+00 -9.730e+02 143.684 0.000 
-0.00144222 0.00705066 1.0750e+00 -9.880e+02 144.477 0.000 
-0.00144222 0.00729950 1.0750e+00 -1.004e+03 145.329 0.000 
-0.00144222 0.00754835 1.0750e+00 -1.021e+03 146.186 0.000 
-0.00144222 0.00779720 1.0750e+00 -1.039e+03 147.076 0.000 
-0.00119337 0.00257142 1.0750e+00 -8.621e+02 137.376 0.000 
-0.00119337 0.00282026 1.0750e+00 -8.657e+02 137.556 0.000 
-0.00119337 0.00306911 1.0750e+00 -8.701e+02 137.791 0.000 
-0.00119337 0.00331796 1.0750e+00 -8.753e+02 138.076 0.000 
-0.00119337 0.00356680 1.0750e+00 -8.811e+02 138.417 0.000 
-0.00119337 0.00381565 1.0750e+00 -8.879e+02 138.793 0.000 
-0.00119337 0.00406450 1.0750e+00 -8.953e+02 139.209 0.000 
-0.00144222 0.00804604 1.0750e+00 -1.058e+03 148.013 0.000 
-0.00144222 0.00829489 1.0750e+00 -1.078e+03 148.960 0.000 
-0.00144222 0.00854374 1.0750e+00 -1.100e+03 150.062 0.000 
-0.00144222 0.00879258 1.0750e+00 -1.122e+03 151.043 0.000 
-0.00144222 0.00904143 1.0750e+00 -1.145e+03 152.109 0.000 
-0.00144222 0.00929028 1.0750e+00 -1.170e+03 153.263 0.000 
-0.00144222 0.00953912 1.0750e+00 -1.195e+03 154.342 0.000 
-0.00144222 0.00978797 1.0750e+00 -1.222e+03 155.450 0.000 
-0.00152517 0.00082949 1.0750e+00 -8.515e+02 137.343 0.000 
-0.00152517 0.00107834 1.0750e+00 -8.477e+02 137.122 0.000 
-0.00152517 0.00132718 1.0750e+00 -8.445e+02 136.895 0.000 
-0.00152517 0.00157603 1.0750e+00 -8.422e+02 136.713 0.000 
-0.00152517 0.00182488 1.0750e+00 -8.407e+02 136.532 0.000 
-0.00152517 0.00207372 1.0750e+00 -8.396e+02 136.430 0.000 
-0.00152517 0.00232257 1.0750e+00 -8.392e+02 136.376 0.000 
-0.00152517 0.00257142 1.0750e+00 -8.396e+02 136.366 0.000 
-0.00152517 0.00282026 1.0750e+00 -8.406e+02 136.403 0.000 
-0.00152517 0.00306911 1.0750e+00 -8.423e+02 136.420 0.000 
-0.00152517 0.00331796 1.0750e+00 -8.446e+02 136.536 0.000 
-0.00152517 0.00356680 1.0750e+00 -8.476e+02 136.714 0.000 
-0.00152517 0.00381565 1.0750e+00 -8.515e+02 136.928 0.000 
-0.00152517 0.00406450 1.0750e+00 -8.557e+02 137.186 0.000 
-0.00152517 0.00431334 1.0750e+00 -8.610e+02 137.481 0.000 
-0.00152517 0.00456219 1.0750e+00 -8.668e+02 137.812 0.000 
-0.00152517 0.00481104 1.0750e+00 -8.736e+02 138.198 0.000 
-0.00152517 0.00505988 1.0750e+00 -8.810e+02 138.627 0.000 
-0.00152517 0.00530873 1.0750e+00 -8.891e+02 139.113 0.000 
-0.00152517 0.00555758 1.0750e+00 -8.978e+02 139.612 0.000 
-0.00152517 0.00580642 1.0750e+00 -9.078e+02 140.174 0.000 
-0.00152517 0.00605527 1.0750e+00 -9.183e+02 140.767 0.000 
-0.00152517 0.00630412 1.0750e+00 -9.295e+02 141.394 0.000 
-0.00152517 0.00655296 1.0750e+00 -9.419e+02 142.085 0.000 
-0.00152517 0.00680181 1.0750e+00 -9.550e+02 142.799 0.000 
-0.00152517 0.00705066 1.0750e+00 -9.687e+02 143.533 0.000 
-0.00152517 0.00729950 1.0750e+00 -9.837e+02 144.321 0.000 
-0.00152517 0.00754835 1.0750e+00 -9.999e+02 145.170 0.000 
-0.00152517 0.00779720 1.0750e+00 -1.017e+03 146.021 0.000 
-0.00152517 0.00804604 1.0750e+00 -1.035e+03 146.925 0.000 
-0.00152517 0.00829489 1.0750e+00 -1.053e+03 147.860 0.000 
-0.00152517 0.00854374 1.0750e+00 -1.073e+03 148.778 0.000 
-0.00152517 0.00879258 1.0750e+00 -1.094e+03 149.868 0.000 
-0.00152517 0.00904143 1.0750e+00 -1.116e+03 150.841 0.000 
-0.00152517 0.00929028 1.0750e+00 -1.139e+03 151.948 0.000 
-0.00152517 0.00953912 1.0750e+00 -1.163e+03 153.043 0.000 
-0.00152517 0.00978797 1.0750e+00 -1.188e+03 154.114 0.000 
-0.00160812 0.00082949 1.0750e+00 -8.519e+02 137.447 0.000 
-0.00160812 0.00107834 1.0750e+00 -8.474e+02 137.141 0.000 
-0.00160812 0.00132718 1.0750e+00 -8.440e+02 136.935 0.000 
-0.00160812 0.00157603 1.0750e+00 -8.410e+02 136.661 0.000 
-0.00160812 0.00182488 1.0750e+00 -8.386e+02 136.482 0.000 
-0.00160812 0.00207372 1.0750e+00 -8.370e+02 136.353 0.000 
-0.00160812 0.00232257 1.0750e+00 -8.362e+02 136.267 0.000 
-0.00160812 0.00257142 1.0750e+00 -8.358e+02 136.214 0.000 
-0.00160812 0.00282026 1.0750e+00 -8.361e+02 136.203 0.000 
-0.00160812 0.00306911 1.0750e+00 -8.372e+02 136.241 0.000 
-0.00160812 0.00331796 1.0750e+00 -8.390e+02 136.271 0.000 
-0.00160812 0.00356680 1.0750e+00 -8.413e+02 136.389 0.000 
-0.00160812 0.00381565 1.0750e+00 -8.443e+02 136.550 0.000 
-0.00160812 0.00406450 1.0750e+00 -8.481e+02 136.777 0.000 
-0.00160812 0.00431334 1.0750e+00 -8.527e+02 137.038 0.000 
-0.00160812 0.00456219 1.0750e+00 -8.576e+02 137.344 0.000 
-0.00160812 0.00481104 1.0750e+00 -8.635e+02 137.674 0.000 
-0.00160812 0.00505988 1.0750e+00 -8.701e+02 138.058 0.000 
-0.00160812 0.00530873 1.0750e+00 -8.775e+02 138.483 0.000 
-0.00160812 0.00555758 1.0750e+00 -8.855e+02 138.980 0.000 
-0.00160812 0.00580642 1.0750e+00 -8.944e+02 139.482 0.000 
-0.00160812 0.00605527 1.0750e+00 -9.043e+02 140.042 0.000 
-0.00160812 0.00630412 1.0750e+00 -9.147e+02 140.632 0.000 
-0.00160812 0.00655296 1.0750e+00 -9.262e+02 141.274 0.000 
-0.00160812 0.00680181 1.0750e+00 -9.380e+02 141.943 0.000 
-0.00119337 0.00431334 1.0750e+00 -9.037e+02 139.675 0.000 
-0.00119337 0.00456219 1.0750e+00 -9.128e+02 140.182 0.000 
-0.00119337 0.00481104 1.0750e+00 -9.229e+02 140.738 0.000 
-0.00119337 0.00505988 1.0750e+00 -9.337e+02 141.317 0.000 
-0.00119337 0.00530873 1.0750e+00 -9.455e+02 141.958 0.000 
-0.00119337 0.00555758 1.0750e+00 -9.581e+02 142.643 0.000 
-0.00119337 0.00580642 1.0750e+00 -9.715e+02 143.368 0.000 
-0.00160812 0.00705066 1.0750e+00 -9.510e+02 142.654 0.000 
-0.00160812 0.00729950 1.0750e+00 -9.650e+02 143.405 0.000 
-0.00160812 0.00754835 1.0750e+00 -9.798e+02 144.186 0.000 
-0.00160812 0.00779720 1.0750e+00 -9.954e+02 145.009 0.000 
-0.00160812 0.00804604 1.0750e+00 -1.012e+03 145.860 0.000 
-0.00160812 0.00829489 1.0750e+00 -1.030e+03 146.755 0.000 
-0.00160812 0.00854374 1.0750e+00 -1.048e+03 147.685 0.000 
-0.00160812 0.00879258 1.0750e+00 -1.068e+03 148.694 0.000 
-0.00160812 0.00904143 1.0750e+00 -1.088e+03 149.666 0.000 
-0.00160812 0.00929028 1.0750e+00 -1.110e+03 150.659 0.000 
-0.00160812 0.00953912 1.0750e+00 -1.133e+03 151.678 0.000 
-0.00160812 0.00978797 1.0750e+00 -1.156e+03 152.749 0.000 
-0.00169107 0.00082949 1.0750e+00 -8.530e+02 137.636 0.000 
-0.00169107 0.00107834 1.0750e+00 -8.479e+02 137.244 0.000 
-0.00169107 0.00132718 1.0750e+00 -8.439e+02 137.009 0.000 
-0.00169107 0.00157603 1.0750e+00 -8.404e+02 136.704 0.000 
-0.00169107 0.00182488 1.0750e+00 -8.373e+02 136.480 0.000 
-0.00169107 0.00207372 1.0750e+00 -8.353e+02 136.319 0.000 
-0.00169107 0.00232257 1.0750e+00 -8.337e+02 136.189 0.000 
-0.00169107 0.00257142 1.0750e+00 -8.328e+02 136.105 0.000 
-0.00169107 0.00282026 1.0750e+00 -8.324e+02 136.051 0.000 
-0.00169107 0.00306911 1.0750e+00 -8.330e+02 136.056 0.000 
-0.00169107 0.00331796 1.0750e+00 -8.340e+02 136.092 0.000 
-0.00169107 0.00356680 1.0750e+00 -8.358e+02 136.126 0.000 
-0.00169107 0.00381565 1.0750e+00 -8.383e+02 136.256 0.000 
-0.00169107 0.00406450 1.0750e+00 -8.412e+02 136.417 0.000 
-0.00169107 0.00431334 1.0750e+00 -8.450e+02 136.628 0.000 
-0.00169107 0.00456219 1.0750e+00 -8.495e+02 136.902 0.000 
-0.00169107 0.00481104 1.0750e+00 -8.546e+02 137.199 0.000 
-0.00169107 0.00505988 1.0750e+00 -8.605e+02 137.552 0.000 
-0.00169107 0.00530873 1.0750e+00 -8.671e+02 137.937 0.000 
-0.00169107 0.00555758 1.0750e+00 -8.744e+02 138.360 0.000 
-0.00169107 0.00580642 1.0750e+00 -8.824e+02 138.826 0.000 
-0.00169107 0.00605527 1.0750e+00 -8.914e+02 139.368 0.000 
-0.00169107 0.00630412 1.0750e+00 -9.008e+02 139.909 0.000 
-0.00169107 0.00655296 1.0750e+00 -9.111e+02 140.497 0.000 
-0.00169107 0.00680181 1.0750e+00 -9.225e+02 141.135 0.000 
-0.00169107 0.00705066 1.0750e+00 -9.345e+02 141.820 0.000 
-0.00169107 0.00729950 1.0750e+00 -9.474e+02 142.527 0.000 
-0.00169107 0.00754835 1.0750e+00 -9.612e+02 143.272 0.000 
-0.00169107 0.00779720 1.0750e+00 -9.759e+02 144.051 0.000 
-0.00169107 0.00804604 1.0750e+00 -9.914e+02 144.871 0.000 
-0.00169107 0.00829489 1.0750e+00 -1.008e+03 145.715 0.000 
-0.00169107 0.00854374 1.0750e+00 -1.025e+03 146.608 0.000 
-0.00169107 0.00879258 1.0750e+00 -1.043e+03 147.628 0.000 
-0.00169107 0.00904143 1.0750e+00 -1.063e+03 148.513 0.000 
-0.00169107 0.00929028 1.0750e+00 -1.083e+03 149.499 0.000 
-0.00169107 0.00953912 1.0750e+00 -1.104e+03 150.458 0.000 
-0.00169107 0.00978797 1.0750e+00 -1.127e+03 151.495 0.000 
-0.00177401 0.00082949 1.0750e+00 -8.546e+02 137.802 0.000 
-0.00177401 0.00107834 1.0750e+00 -8.492e+02 137.393 0.000 
-0.00177401 0.00132718 1.0750e+00 -8.444e+02 137.110 0.000 
-0.00177401 0.00157603 1.0750e+00 -8.405e+02 136.775 0.000 
-0.00177401 0.00182488 1.0750e+00 -8.369e+02 136.520 0.000 
-0.00177401 0.00207372 1.0750e+00 -8.341e+02 136.314 0.000 
-0.00177401 0.00232257 1.0750e+00 -8.317e+02 136.140 0.000 
-0.00177401 0.00257142 1.0750e+00 -8.304e+02 136.025 0.000 
-0.00177401 0.00282026 1.0750e+00 -8.295e+02 135.942 0.000 
-0.00177401 0.00306911 1.0750e+00 -8.293e+02 135.903 0.000 
-0.00177401 0.00331796 1.0750e+00 -8.299e+02 135.910 0.000 
-0.00177401 0.00356680 1.0750e+00 -8.309e+02 135.949 0.000 
-0.00177401 0.00381565 1.0750e+00 -8.326e+02 136.032 0.000 
-0.00177401 0.00406450 1.0750e+00 -8.351e+02 136.109 0.000 
-0.00177401 0.00431334 1.0750e+00 -8.383e+02 136.286 0.000 
-0.00177401 0.00456219 1.0750e+00 -8.422e+02 136.508 0.000 
-0.00177401 0.00481104 1.0750e+00 -8.464e+02 136.767 0.000 
-0.00177401 0.00505988 1.0750e+00 -8.517e+02 137.078 0.000 
-0.00177401 0.00530873 1.0750e+00 -8.574e+02 137.431 0.000 
-0.00177401 0.00555758 1.0750e+00 -8.641e+02 137.815 0.000 
-0.00177401 0.00580642 1.0750e+00 -8.713e+02 138.237 0.000 
-0.00119337 0.00605527 1.0750e+00 -9.861e+02 144.137 0.000 
-0.00119337 0.00630412 1.0750e+00 -1.002e+03 144.961 0.000 
-0.00119337 0.00655296 1.0750e+00 -1.019e+03 145.805 0.000 
-0.00119337 0.00680181 1.0750e+00 -1.036e+03 146.682 0.000 
-0.00119337 0.00705066 1.0750e+00 -1.055e+03 147.613 0.000 
-0.00119337 0.00729950 1.0750e+00 -1.074e+03 148.534 0.000 
-0.00119337 0.00754835 1.0750e+00 -1.095e+03 149.515 0.000 
-0.00177401 0.00605527 1.0750e+00 -8.795e+02 138.716 0.000 
-0.00177401 0.00630412 1.0750e+00 -8.881e+02 139.239 0.000 
-0.00177401 0.00655296 1.0750e+00 -8.977e+02 139.794 0.000 
-0.00177401 0.00680181 1.0750e+00 -9.080e+02 140.379 0.000 
-0.00177401 0.00705066 1.0750e+00 -9.192e+02 141.015 0.000 
-0.00177401 0.00729950 1.0750e+00 -9.311e+02 141.686 0.000 
-0.00177401 0.00754835 1.0750e+00 -9.438e+02 142.402 0.000 
-0.00177401 0.00779720 1.0750e+00 -9.572e+02 143.127 0.000 
-0.00177401 0.00804604 1.0750e+00 -9.718e+02 143.913 0.000 
-0.00177401 0.00829489 1.0750e+00 -9.874e+02 144.732 0.000 
-0.00177401 0.00854374 1.0750e+00 -1.003e+03 145.570 0.000 
-0.00177401 0.00879258 1.0750e+00 -1.021e+03 146.455 0.000 
-0.00177401 0.00904143 1.0750e+00 -1.039e+03 147.472 0.000 
-0.00177401 0.00929028 1.0750e+00 -1.058e+03 148.329 0.000 
-0.00177401 0.00953912 1.0750e+00 -1.078e+03 149.330 0.000 
-0.00177401 0.00978797 1.0750e+00 -1.099e+03 150.276 0.000 
-0.00185696 0.00082949 1.0750e+00 -8.570e+02 138.014 0.000 
-0.00185696 0.00107834 1.0750e+00 -8.513e+02 137.627 0.000 
-0.00185696 0.00132718 1.0750e+00 -8.456e+02 137.208 0.000 
-0.00185696 0.00157603 1.0750e+00 -8.409e+02 136.926 0.000 
-0.00185696 0.00182488 1.0750e+00 -8.369e+02 136.592 0.000 
-0.00185696 0.00207372 1.0750e+00 -8.336e+02 136.355 0.000 
-0.00185696 0.00232257 1.0750e+00 -8.308e+02 136.151 0.000 
-0.00185696 0.00257142 1.0750e+00 -8.288e+02 135.991 0.000 
-0.00185696 0.00282026 1.0750e+00 -8.272e+02 135.861 0.000 
-0.00185696 0.00306911 1.0750e+00 -8.265e+02 135.795 0.000 
-0.00185696 0.00331796 1.0750e+00 -8.263e+02 135.756 0.000 
-0.00185696 0.00356680 1.0750e+00 -8.266e+02 135.749 0.000 
-0.00185696 0.00381565 1.0750e+00 -8.278e+02 135.802 0.000 
-0.00185696 0.00406450 1.0750e+00 -8.297e+02 135.900 0.000 
-0.00185696 0.00431334 1.0750e+00 -8.323e+02 136.045 0.000 
-0.00185696 0.00456219 1.0750e+00 -8.356e+02 136.168 0.000 
-0.00185696 0.00481104 1.0750e+00 -8.392e+02 136.377 0.000 
-0.00185696 0.00505988 1.0750e+00 -8.436e+02 136.633 0.000 
-0.00185696 0.00530873 1.0750e+00 -8.489e+02 136.956 0.000 
-0.00185696 0.00555758 1.0750e+00 -8.547e+02 137.302 0.000 
-0.00185696 0.00580642 1.0750e+00 -8.613e+02 137.706 0.000 
-0.00185696 0.00605527 1.0750e+00 -8.685e+02 138.126 0.000 
-0.00185696 0.00630412 1.0750e+00 -8.766e+02 138.606 0.000 
-0.00185696 0.00655296 1.0750e+00 -8.851e+02 139.141 0.000 
-0.00185696 0.00680181 1.0750e+00 -8.946e+02 139.680 0.000 
-0.00185696 0.00705066 1.0750e+00 -9.048e+02 140.264 0.000 
-0.00185696 0.00729950 1.0750e+00 -9.159e+02 140.895 0.000 
-0.00185696 0.00754835 1.0750e+00 -9.277e+02 141.561 0.000 
-0.00185696 0.00779720 1.0750e+00 -9.403e+02 142.278 0.000 
-0.00185696 0.00804604 1.0750e+00 -9.539e+02 143.016 0.000 
-0.00185696 0.00829489 1.0750e+00 -9.680e+02 143.778 0.000 
-0.00185696 0.00854374 1.0750e+00 -9.835e+02 144.595 0.000 
-0.00185696 0.00879258 1.0750e+00 -9.998e+02 145.447 0.000 
-0.00185696 0.00904143 1.0750e+00 -1.016e+03 146.405 0.000 
-0.00185696 0.00929028 1.0750e+00 -1.034e+03 147.315 0.000 
-0.00185696 0.00953912 1.0750e+00 -1.053e+03 148.167 0.000 
-0.00185696 0.00978797 1.0750e+00 -1.073e+03 149.162 0.000 
-0.00193991 0.00082949 1.0750e+00 -8.604e+02 138.274 0.000 
-0.00193991 0.00107834 1.0750e+00 -8.537e+02 137.836 0.000 
-0.00193991 0.00132718 1.0750e+00 -8.478e+02 137.401 0.000 
-0.00193991 0.00157603 1.0750e+00 -8.423e+02 137.073 0.000 
-0.00193991 0.00182488 1.0750e+00 -8.378e+02 136.707 0.000 
-0.00193991 0.00207372 1.0750e+00 -8.337e+02 136.426 0.000 
-0.00193991 0.00232257 1.0750e+00 -8.305e+02 136.189 0.000 
-0.00193991 0.00257142 1.0750e+00 -8.277e+02 135.987 0.000 
-0.00193991 0.00282026 1.0750e+00 -8.256e+02 135.828 0.000 
-0.00193991 0.00306911 1.0750e+00 -8.240e+02 135.702 0.000 
-0.00193991 0.00331796 1.0750e+00 -8.233e+02 135.634 0.000 
-0.00193991 0.00356680 1.0750e+00 -8.236e+02 135.626 0.000 
-0.00193991 0.00381565 1.0750e+00 -8.238e+02 135.618 0.000 
-0.00193991 0.00406450 1.0750e+00 -8.250e+02 135.673 0.000 
-0.00193991 0.00431334 1.0750e+00 -8.271e+02 135.784 0.000 
-0.00193991 0.00456219 1.0750e+00 -8.292e+02 135.900 0.000 
-0.00193991 0.00481104 1.0750e+00 -8.329e+02 136.051 0.000 
-0.00119337 0.00779720 1.0750e+00 -1.117e+03 150.546 0.000 
-0.00119337 0.00804604 1.0750e+00 -1.141e+03 151.662 0.000 
-0.00119337 0.00829489 1.0750e+00 -1.165e+03 152.712 0.000 
-0.00119337 0.00854374 1.0750e+00 -1.191e+03 153.852 0.000 
-0.00119337 0.00879258 1.0750e+00 -1.218e+03 155.065 0.000 
-0.00119337 0.00904143 1.0750e+00 -1.246e+03 156.210 0.000 
-0.00119337 0.00929028 1.0750e+00 -1.275e+03 157.376 0.000 
-0.00193991 0.00505988 1.0750e+00 -8.367e+02 136.274 0.000 
-0.00193991 0.00530873 1.0750e+00 -8.411e+02 136.530 0.000 
-0.00193991 0.00555758 1.0750e+00 -8.463e+02 136.851 0.000 
-0.00193991 0.00580642 1.0750e+00 -8.521e+02 137.194 0.000 
-0.00193991 0.00605527 1.0750e+00 -8.587e+02 137.600 0.000 
-0.00193991 0.00630412 1.0750e+00 -8.657e+02 138.019 0.000 
-0.00193991 0.00655296 1.0750e+00 -8.738e+02 138.495 0.000 
-0.00193991 0.00680181 1.0750e+00 -8.825e+02 139.046 0.000 
-0.00193991 0.00705066 1.0750e+00 -8.920e+02 139.582 0.000 
-0.00193991 0.00729950 1.0750e+00 -9.020e+02 140.163 0.000 
-0.00193991 0.00754835 1.0750e+00 -9.130e+02 140.791 0.000 
-0.00193991 0.00779720 1.0750e+00 -9.248e+02 141.458 0.000 
-0.00193991 0.00804604 1.0750e+00 -9.373e+02 142.166 0.000 
-0.00193991 0.00829489 1.0750e+00 -9.506e+02 142.897 0.000 
-0.00193991 0.00854374 1.0750e+00 -9.646e+02 143.663 0.000 
-0.00193991 0.00879258 1.0750e+00 -9.796e+02 144.570 0.000 
-0.00193991 0.00904143 1.0750e+00 -9.958e+02 145.401 0.000 
-0.00193991 0.00929028 1.0750e+00 -1.013e+03 146.276 0.000 
-0.00193991 0.00953912 1.0750e+00 -1.030e+03 147.202 0.000 
-0.00193991 0.00978797 1.0750e+00 -1.049e+03 148.098 0.000 
-0.00202286 0.00082949 1.0750e+00 -8.643e+02 138.565 0.000 
-0.00202286 0.00107834 1.0750e+00 -8.571e+02 138.096 0.000 
-0.00202286 0.00132718 1.0750e+00 -8.504e+02 137.664 0.000 
-0.00202286 0.00157603 1.0750e+00 -8.445e+02 137.265 0.000 
-0.00202286 0.00182488 1.0750e+00 -8.392e+02 136.853 0.000 
-0.00202286 0.00207372 1.0750e+00 -8.346e+02 136.538 0.000 
-0.00202286 0.00232257 1.0750e+00 -8.306e+02 136.261 0.000 
-0.00202286 0.00257142 1.0750e+00 -8.276e+02 136.043 0.000 
-0.00202286 0.00282026 1.0750e+00 -8.245e+02 135.826 0.000 
-0.00202286 0.00306911 1.0750e+00 -8.230e+02 135.697 0.000 
-0.00202286 0.00331796 1.0750e+00 -8.213e+02 135.571 0.000 
-0.00202286 0.00356680 1.0750e+00 -8.207e+02 135.505 0.000 
-0.00202286 0.00381565 1.0750e+00 -8.209e+02 135.493 0.000 
-0.00202286 0.00406450 1.0750e+00 -8.211e+02 135.487 0.000 
-0.00202286 0.00431334 1.0750e+00 -8.228e+02 135.569 0.000 
-0.00202286 0.00456219 1.0750e+00 -8.243e+02 135.655 0.000 
-0.00202286 0.00481104 1.0750e+00 -8.269e+02 135.797 0.000 
-0.00202286 0.00505988 1.0750e+00 -8.302e+02 135.987 0.000 
-0.00202286 0.00530873 1.0750e+00 -8.341e+02 136.157 0.000 
-0.00202286 0.00555758 1.0750e+00 -8.386e+02 136.427 0.000 
-0.00202286 0.00580642 1.0750e+00 -8.438e+02 136.733 0.000 
-0.00202286 0.00605527 1.0750e+00 -8.495e+02 137.088 0.000 
-0.00202286 0.00630412 1.0750e+00 -8.561e+02 137.489 0.000 
-0.00202286 0.00655296 1.0750e+00 -8.633e+02 137.928 0.000 
-0.00202286 0.00680181 1.0750e+00 -8.713e+02 138.402 0.000 
-0.00202286 0.00705066 1.0750e+00 -8.797e+02 138.903 0.000 
-0.00202286 0.00729950 1.0750e+00 -8.893e+02 139.483 0.000 
-0.00202286 0.00754835 1.0750e+00 -8.992e+02 140.063 0.000 
-0.00202286 0.00779720 1.0750e+00 -9.102e+02 140.690 0.000 
-0.00202286 0.00804604 1.0750e+00 -9.218e+02 141.353 0.000 
-0.00202286 0.00829489 1.0750e+00 -9.342e+02 142.059 0.000 
-0.00202286 0.00854374 1.0750e+00 -9.474e+02 142.785 0.000 
-0.00202286 0.00879258 1.0750e+00 -9.613e+02 143.584 0.000 
-0.00202286 0.00904143 1.0750e+00 -9.761e+02 144.450 0.000 
-0.00202286 0.00929028 1.0750e+00 -9.922e+02 145.277 0.000 
-0.00202286 0.00953912 1.0750e+00 -1.009e+03 146.148 0.000 
-0.00202286 0.00978797 1.0750e+00 -1.026e+03 147.066 0.000 
-0.00210581 0.00082949 1.0750e+00 -8.690e+02 138.893 0.000 
-0.00210581 0.00107834 1.0750e+00 -8.610e+02 138.385 0.000 
-0.00210581 0.00132718 1.0750e+00 -8.538e+02 137.920 0.000 
-0.00210581 0.00157603 1.0750e+00 -8.474e+02 137.453 0.000 
-0.00210581 0.00182488 1.0750e+00 -8.413e+02 137.094 0.000 
-0.00210581 0.00207372 1.0750e+00 -8.363e+02 136.700 0.000 
-0.00210581 0.00232257 1.0750e+00 -8.318e+02 136.389 0.000 
-0.00210581 0.00257142 1.0750e+00 -8.278e+02 136.111 0.000 
-0.00210581 0.00282026 1.0750e+00 -8.245e+02 135.878 0.000 
-0.00210581 0.00306911 1.0750e+00 -8.219e+02 135.693 0.000 
-0.00210581 0.00331796 1.0750e+00 -8.199e+02 135.537 0.000 
-0.00210581 0.00356680 1.0750e+00 -8.187e+02 135.440 0.000 
-0.00210581 0.00381565 1.0750e+00 -8.180e+02 135.372 0.000 
-0.00119337 0.00953912 1.0750e+00 -1.306e+03 158.639 0.000 
-0.00119337 0.00978797 1.0750e+00 -1.338e+03 159.883 0.000 
-0.00127632 0.00082949 1.0750e+00 -8.540e+02 137.243 0.000 
-0.00127632 0.00107834 1.0750e+00 -8.522e+02 137.091 0.000 
-0.00127632 0.00132718 1.0750e+00 -8.509e+02 137.026 0.000 
-0.00127632 0.00157603 1.0750e+00 -8.505e+02 136.967 0.000 
-0.00127632 0.00182488 1.0750e+00 -8.507e+02 136.942 0.000 
-0.00210581 0.00406450 1.0750e+00 -8.183e+02 135.364 0.000 
-0.00210581 0.00431334 1.0750e+00 -8.189e+02 135.387 0.000 
-0.00210581 0.00456219 1.0750e+00 -8.201e+02 135.441 0.000 
-0.00210581 0.00481104 1.0750e+00 -8.221e+02 135.554 0.000 
-0.00210581 0.00505988 1.0750e+00 -8.246e+02 135.696 0.000 
-0.00210581 0.00530873 1.0750e+00 -8.276e+02 135.871 0.000 
-0.00210581 0.00555758 1.0750e+00 -8.318e+02 136.122 0.000 
-0.00210581 0.00580642 1.0750e+00 -8.362e+02 136.324 0.000 
-0.00210581 0.00605527 1.0750e+00 -8.416e+02 136.643 0.000 
-0.00210581 0.00630412 1.0750e+00 -8.472e+02 137.000 0.000 
-0.00210581 0.00655296 1.0750e+00 -8.538e+02 137.396 0.000 
-0.00210581 0.00680181 1.0750e+00 -8.609e+02 137.836 0.000 
-0.00210581 0.00705066 1.0750e+00 -8.688e+02 138.310 0.000 
-0.00210581 0.00729950 1.0750e+00 -8.775e+02 138.824 0.000 
-0.00210581 0.00754835 1.0750e+00 -8.866e+02 139.402 0.000 
-0.00210581 0.00779720 1.0750e+00 -8.968e+02 139.978 0.000 
-0.00210581 0.00804604 1.0750e+00 -9.073e+02 140.589 0.000 
-0.00210581 0.00829489 1.0750e+00 -9.189e+02 141.246 0.000 
-0.00210581 0.00854374 1.0750e+00 -9.311e+02 141.950 0.000 
-0.00210581 0.00879258 1.0750e+00 -9.444e+02 142.719 0.000 
-0.00210581 0.00904143 1.0750e+00 -9.584e+02 143.488 0.000 
-0.00210581 0.00929028 1.0750e+00 -9.728e+02 144.346 0.000 
-0.00210581 0.00953912 1.0750e+00 -9.886e+02 145.153 0.000 
-0.00210581 0.00978797 1.0750e+00 -1.005e+03 146.020 0.000 
-0.00218876 0.00082949 1.0750e+00 -8.743e+02 139.251 0.000 
-0.00218876 0.00107834 1.0750e+00 -8.656e+02 138.709 0.000 
-0.00218876 0.00132718 1.0750e+00 -8.578e+02 138.207 0.000 
-0.00218876 0.00157603 1.0750e+00 -8.509e+02 137.758 0.000 
-0.00218876 0.00182488 1.0750e+00 -8.442e+02 137.282 0.000 
-0.00218876 0.00207372 1.0750e+00 -8.386e+02 136.888 0.000 
-0.00218876 0.00232257 1.0750e+00 -8.335e+02 136.547 0.000 
-0.00218876 0.00257142 1.0750e+00 -8.290e+02 136.239 0.000 
-0.00218876 0.00282026 1.0750e+00 -8.250e+02 135.961 0.000 
-0.00218876 0.00306911 1.0750e+00 -8.219e+02 135.745 0.000 
-0.00218876 0.00331796 1.0750e+00 -8.194e+02 135.561 0.000 
-0.00218876 0.00356680 1.0750e+00 -8.178e+02 135.435 0.000 
-0.00218876 0.00381565 1.0750e+00 -8.167e+02 135.336 0.000 
-0.00218876 0.00406450 1.0750e+00 -8.160e+02 135.270 0.000 
-0.00218876 0.00431334 1.0750e+00 -8.162e+02 135.263 0.000 
-0.00218876 0.00456219 1.0750e+00 -8.168e+02 135.287 0.000 
-0.00218876 0.00481104 1.0750e+00 -8.179e+02 135.340 0.000 
-0.00218876 0.00505988 1.0750e+00 -8.199e+02 135.452 0.000 
-0.00218876 0.00530873 1.0750e+00 -8.224e+02 135.594 0.000 
-0.00218876 0.00555758 1.0750e+00 -8.258e+02 135.796 0.000 
-0.00218876 0.00580642 1.0750e+00 -8.298e+02 136.033 0.000 
-0.00218876 0.00605527 1.0750e+00 -8.342e+02 136.304 0.000 
-0.00218876 0.00630412 1.0750e+00 -8.392e+02 136.608 0.000 
-0.00218876 0.00655296 1.0750e+00 -8.451e+02 136.989 0.000 
-0.00218876 0.00680181 1.0750e+00 -8.518e+02 137.319 0.000 
-0.00218876 0.00705066 1.0750e+00 -8.588e+02 137.760 0.000 
-0.00218876 0.00729950 1.0750e+00 -8.667e+02 138.232 0.000 
-0.00218876 0.00754835 1.0750e+00 -8.753e+02 138.745 0.000 
-0.00218876 0.00779720 1.0750e+00 -8.843e+02 139.322 0.000 
-0.00218876 0.00804604 1.0750e+00 -8.941e+02 139.879 0.000 
-0.00218876 0.00829489 1.0750e+00 -9.049e+02 140.503 0.000 
-0.00218876 0.00854374 1.0750e+00 -9.163e+02 141.216 0.000 
-0.00218876 0.00879258 1.0750e+00 -9.285e+02 141.905 0.000 
-0.00218876 0.00904143 1.0750e+00 -9.416e+02 142.627 0.000 
-0.00218876 0.00929028 1.0750e+00 -9.552e+02 143.372 0.000 
-0.00218876 0.00953912 1.0750e+00 -9.700e+02 144.236 0.000 
-0.00218876 0.00978797 1.0750e+00 -9.855e+02 145.049 0.000 
-0.00227171 0.00082949 1.0750e+00 -8.804e+02 139.638 0.000 
-0.00227171 0.00107834 1.0750e+00 -8.712e+02 139.082 0.000 
-0.00227171 0.00132718 1.0750e+00 -8.626e+02 138.543 0.000 
-0.00227171 0.00157603 1.0750e+00 -8.551e+02 138.059 0.000 
-0.00227171 0.00182488 1.0750e+00 -8.478e+02 137.547 0.000 
-0.00227171 0.00207372 1.0750e+00 -8.415e+02 137.173 0.000 
-0.00227171 0.00232257 1.0750e+00 -8.360e+02 136.750 0.000 
-0.00227171 0.00257142 1.0750e+00 -8.310e+02 136.409 0.000 
-0.00227171 0.00282026 1.0750e+00 -8.265e+02 136.101 0.000 
-0.00127632 0.00207372 1.0750e+00 -8.516e+02 136.964 0.000 
-0.00127632 0.00232257 1.0750e+00 -8.531e+02 136.932 0.000 
-0.00127632 0.00257142 1.0750e+00 -8.554e+02 137.058 0.000 
-0.00127632 0.00282026 1.0750e+00 -8.583e+02 137.208 0.000 
-0.00127632 0.00306911 1.0750e+00 -8.619e+02 137.388 0.000 
-0.00127632 0.00331796 1.0750e+00 -8.664e+02 137.639 0.000 
-0.00127632 0.00356680 1.0750e+00 -8.716e+02 137.925 0.000 
-0.00227171 0.00306911 1.0750e+00 -8.225e+02 135.827 0.000 
-0.00227171 0.00331796 1.0750e+00 -8.195e+02 135.612 0.000 
-0.00227171 0.00356680 1.0750e+00 -8.174e+02 135.456 0.000 
-0.00227171 0.00381565 1.0750e+00 -8.153e+02 135.302 0.000 
-0.00227171 0.00406450 1.0750e+00 -8.147e+02 135.432 0.000 
-0.00227171 0.00431334 1.0750e+00 -8.139e+02 135.363 0.000 
-0.00227171 0.00456219 1.0750e+00 -8.141e+02 135.356 0.000 
-0.00227171 0.00481104 1.0750e+00 -8.147e+02 135.379 0.000 
-0.00227171 0.00505988 1.0750e+00 -8.157e+02 135.239 0.000 
-0.00227171 0.00530873 1.0750e+00 -8.177e+02 135.351 0.000 
-0.00227171 0.00555758 1.0750e+00 -8.206e+02 135.519 0.000 
-0.00227171 0.00580642 1.0750e+00 -8.235e+02 135.695 0.000 
-0.00227171 0.00605527 1.0750e+00 -8.274e+02 135.930 0.000 
-0.00227171 0.00630412 1.0750e+00 -8.324e+02 136.230 0.000 
-0.00227171 0.00655296 1.0750e+00 -8.373e+02 136.533 0.000 
-0.00227171 0.00680181 1.0750e+00 -8.431e+02 136.911 0.000 
-0.00227171 0.00705066 1.0750e+00 -8.495e+02 137.330 0.000 
-0.00227171 0.00729950 1.0750e+00 -8.568e+02 137.730 0.000 
-0.00227171 0.00754835 1.0750e+00 -8.646e+02 138.202 0.000 
-0.00227171 0.00779720 1.0750e+00 -8.731e+02 138.754 0.000 
-0.00227171 0.00804604 1.0750e+00 -8.822e+02 139.299 0.000 
-0.00227171 0.00829489 1.0750e+00 -8.920e+02 139.876 0.000 
-0.00227171 0.00854374 1.0750e+00 -9.025e+02 140.492 0.000 
-0.00227171 0.00879258 1.0750e+00 -9.141e+02 141.147 0.000 
-0.00227171 0.00904143 1.0750e+00 -9.262e+02 141.833 0.000 
-0.00227171 0.00929028 1.0750e+00 -9.389e+02 142.536 0.000 
-0.00227171 0.00953912 1.0750e+00 -9.528e+02 143.296 0.000 
-0.00227171 0.00978797 1.0750e+00 -9.670e+02 144.133 0.000 
-0.00235466 0.00082949 1.0750e+00 -8.872e+02 140.070 0.000 
-0.00235466 0.00107834 1.0750e+00 -8.775e+02 139.490 0.000 
-0.00235466 0.00132718 1.0750e+00 -8.685e+02 138.929 0.000 
-0.00235466 0.00157603 1.0750e+00 -8.600e+02 138.393 0.000 
-0.00235466 0.00182488 1.0750e+00 -8.523e+02 137.897 0.000 
-0.00235466 0.00207372 1.0750e+00 -8.453e+02 137.405 0.000 
-0.00235466 0.00232257 1.0750e+00 -8.391e+02 136.981 0.000 
-0.00235466 0.00257142 1.0750e+00 -8.335e+02 136.610 0.000 
-0.00235466 0.00282026 1.0750e+00 -8.285e+02 136.272 0.000 
-0.00235466 0.00306911 1.0750e+00 -8.240e+02 135.967 0.000 
-0.00235466 0.00331796 1.0750e+00 -8.205e+02 135.721 0.000 
-0.00235466 0.00356680 1.0750e+00 -8.175e+02 135.508 0.000 
-0.00235466 0.00381565 1.0750e+00 -8.149e+02 135.325 0.000 
-0.00235466 0.00406450 1.0750e+00 -8.138e+02 135.421 0.000 
-0.00235466 0.00431334 1.0750e+00 -8.126e+02 135.310 0.000 
-0.00235466 0.00456219 1.0750e+00 -8.118e+02 135.244 0.000 
-0.00235466 0.00481104 1.0750e+00 -8.119e+02 135.236 0.000 
-0.00235466 0.00505988 1.0750e+00 -8.130e+02 135.287 0.000 
-0.00235466 0.00530873 1.0750e+00 -8.141e+02 135.354 0.000 
-0.00235466 0.00555758 1.0750e+00 -8.160e+02 135.277 0.000 
-0.00235466 0.00580642 1.0750e+00 -8.189e+02 135.446 0.000 
-0.00235466 0.00605527 1.0750e+00 -8.218e+02 135.620 0.000 
-0.00235466 0.00630412 1.0750e+00 -8.256e+02 135.854 0.000 
-0.00235466 0.00655296 1.0750e+00 -8.305e+02 136.154 0.000 
-0.00235466 0.00680181 1.0750e+00 -8.357e+02 136.473 0.000 
-0.00235466 0.00705066 1.0750e+00 -8.414e+02 136.851 0.000 
-0.00235466 0.00729950 1.0750e+00 -8.478e+02 137.244 0.000 
-0.00235466 0.00754835 1.0750e+00 -8.550e+02 137.669 0.000 
-0.00235466 0.00779720 1.0750e+00 -8.628e+02 138.139 0.000 
-0.00235466 0.00804604 1.0750e+00 -8.712e+02 138.689 0.000 
-0.00235466 0.00829489 1.0750e+00 -8.803e+02 139.233 0.000 
-0.00235466 0.00854374 1.0750e+00 -8.900e+02 139.807 0.000 
-0.00235466 0.00879258 1.0750e+00 -9.004e+02 140.430 0.000 
-0.00235466 0.00904143 1.0750e+00 -9.119e+02 141.074 0.000 
-0.00235466 0.00929028 1.0750e+00 -9.236e+02 141.742 0.000 
-0.00235466 0.00953912 1.0750e+00 -9.365e+02 142.462 0.000 
-0.00235466 0.00978797 1.0750e+00 -9.500e+02 143.200 0.000 
-0.00243761 0.00082949 1.0750e+00 -8.950e+02 140.552 0.000 
-0.00243761 0.00107834 1.0750e+00 -8.847e+02 139.928 0.000 
-0.00243761 0.00132718 1.0750e+00 -8.748e+02 139.336 0.000 
-0.00243761 0.00157603 1.0750e+00 -8.659e+02 138.777 0.000 
-0.00243761 0.00182488 1.0750e+00 -8.574e+02 138.245 0.000 
-0.00127632 0.00381565 1.0750e+00 -8.773e+02 138.247 0.000 
-0.00127632 0.00406450 1.0750e+00 -8.840e+02 138.635 0.000 
-0.00127632 0.00431334 1.0750e+00 -8.914e+02 139.067 0.000 
-0.00127632 0.00456219 1.0750e+00 -8.999e+02 139.530 0.000 
-0.00127632 0.00481104 1.0750e+00 -9.089e+02 140.035 0.000 
-0.00127632 0.00505988 1.0750e+00 -9.188e+02 140.587 0.000 
-0.00127632 0.00530873 1.0750e+00 -9.296e+02 141.190 0.000 
-0.00243761 0.00207372 1.0750e+00 -8.500e+02 137.766 0.000 
-0.00243761 0.00232257 1.0750e+00 -8.429e+02 137.309 0.000 
-0.00243761 0.00257142 1.0750e+00 -8.369e+02 136.856 0.000 
-0.00243761 0.00282026 1.0750e+00 -8.314e+02 136.486 0.000 
-0.00243761 0.00306911 1.0750e+00 -8.261e+02 136.135 0.000 
-0.00243761 0.00331796 1.0750e+00 -8.221e+02 135.860 0.000 
-0.00243761 0.00356680 1.0750e+00 -8.186e+02 135.616 0.000 
-0.00243761 0.00381565 1.0750e+00 -8.156e+02 135.402 0.000 
-0.00243761 0.00406450 1.0750e+00 -8.135e+02 135.444 0.000 
-0.00243761 0.00431334 1.0750e+00 -8.118e+02 135.302 0.000 
-0.00243761 0.00456219 1.0750e+00 -8.106e+02 135.205 0.000 
-0.00243761 0.00481104 1.0750e+00 -8.103e+02 135.168 0.000 
-0.00243761 0.00505988 1.0750e+00 -8.104e+02 135.160 0.000 
-0.00243761 0.00530873 1.0750e+00 -8.114e+02 135.211 0.000 
-0.00243761 0.00381565 1.0750e+00 -8.156e+02 135.402 0.000 
-0.00243761 0.00406450 1.0750e+00 -8.135e+02 135.444 0.000 
-0.00243761 0.00431334 1.0750e+00 -8.118e+02 135.302 0.000 
-0.00243761 0.00456219 1.0750e+00 -8.106e+02 135.205 0.000 
-0.00243761 0.00481104 1.0750e+00 -8.103e+02 135.168 0.000 
-0.00243761 0.00505988 1.0750e+00 -8.104e+02 135.160 0.000 
-0.00243761 0.00530873 1.0750e+00 -8.114e+02 135.211 0.000 
-0.00243761 0.00555758 1.0750e+00 -8.129e+02 135.295 0.000 
-0.00243761 0.00580642 1.0750e+00 -8.149e+02 135.422 0.000 
-0.00243761 0.00605527 1.0750e+00 -8.172e+02 135.374 0.000 
-0.00243761 0.00630412 1.0750e+00 -8.205e+02 135.577 0.000 
-0.00243761 0.00655296 1.0750e+00 -8.243e+02 135.810 0.000 
-0.00243761 0.00680181 1.0750e+00 -8.287e+02 136.080 0.000 
-0.00243761 0.00705066 1.0750e+00 -8.341e+02 136.414 0.000 
-0.00243761 0.00729950 1.0750e+00 -8.398e+02 136.769 0.000 
-0.00243761 0.00754835 1.0750e+00 -8.464e+02 137.198 0.000 
-0.00243761 0.00779720 1.0750e+00 -8.532e+02 137.607 0.000 
-0.00243761 0.00804604 1.0750e+00 -8.609e+02 138.076 0.000 
-0.00243761 0.00829489 1.0750e+00 -8.693e+02 138.625 0.000 
-0.00243761 0.00854374 1.0750e+00 -8.784e+02 139.167 0.000 
-0.00243761 0.00879258 1.0750e+00 -8.883e+02 139.757 0.000 
-0.00243761 0.00904143 1.0750e+00 -8.986e+02 140.379 0.000 
-0.00243761 0.00929028 1.0750e+00 -9.099e+02 141.031 0.000 
-0.00243761 0.00953912 1.0750e+00 -9.218e+02 141.687 0.000 
-0.00243761 0.00978797 1.0750e+00 -9.345e+02 142.405 0.000 
-0.00252056 0.00082949 1.0750e+00 -9.037e+02 141.076 0.000 
-0.00252056 0.00107834 1.0750e+00 -8.925e+02 140.410 0.000 
-0.00252056 0.00132718 1.0750e+00 -8.820e+02 139.770 0.000 
-0.00243761 0.00904143 1.0750e+00 -8.986e+02 140.379 0.000 
-0.00243761 0.00929028 1.0750e+00 -9.099e+02 141.031 0.000 
-0.00243761 0.00953912 1.0750e+00 -9.218e+02 141.687 0.000 
-0.00243761 0.00978797 1.0750e+00 -9.345e+02 142.405 0.000 
-0.00252056 0.00082949 1.0750e+00 -9.037e+02 141.076 0.000 
-0.00252056 0.00107834 1.0750e+00 -8.925e+02 140.410 0.000 
-0.00252056 0.00132718 1.0750e+00 -8.820e+02 139.770 0.000 
-0.00252056 0.00157603 1.0750e+00 -8.724e+02 139.197 0.000 
-0.00252056 0.00182488 1.0750e+00 -8.636e+02 138.643 0.000 
-0.00252056 0.00207372 1.0750e+00 -8.552e+02 138.113 0.000 
-0.00252056 0.00232257 1.0750e+00 -8.479e+02 137.603 0.000 
-0.00252056 0.00257142 1.0750e+00 -8.408e+02 137.135 0.000 
-0.00252056 0.00282026 1.0750e+00 -8.347e+02 136.731 0.000 
-0.00252056 0.00306911 1.0750e+00 -8.294e+02 136.378 0.000 
-0.00252056 0.00331796 1.0750e+00 -8.247e+02 136.057 0.000 
-0.00252056 0.00356680 1.0750e+00 -8.202e+02 135.756 0.000 
-0.00252056 0.00381565 1.0750e+00 -8.167e+02 135.513 0.000 
-0.00252056 0.00406450 1.0750e+00 -8.142e+02 135.523 0.000 
-0.00252056 0.00431334 1.0750e+00 -8.120e+02 135.350 0.000 
-0.00252056 0.00456219 1.0750e+00 -8.104e+02 135.224 0.000 
-0.00252056 0.00481104 1.0750e+00 -8.091e+02 135.129 0.000 
-0.00252056 0.00505988 1.0750e+00 -8.088e+02 135.092 0.000 
-0.00252056 0.00530873 1.0750e+00 -8.089e+02 135.087 0.000 
-0.00252056 0.00555758 1.0750e+00 -8.099e+02 135.140 0.000 
-0.00252056 0.00580642 1.0750e+00 -8.113e+02 135.221 0.000 
-0.00252056 0.00605527 1.0750e+00 -8.132e+02 135.344 0.000 
-0.00252056 0.00630412 1.0750e+00 -8.161e+02 135.329 0.000 
-0.00252056 0.00655296 1.0750e+00 -8.193e+02 135.531 0.000 
-0.00252056 0.00505988 1.0750e+00 -8.088e+02 135.092 0.000 
-0.00252056 0.00530873 1.0750e+00 -8.089e+02 135.087 0.000 
-0.00252056 0.00555758 1.0750e+00 -8.099e+02 135.140 0.000 
-0.00252056 0.00580642 1.0750e+00 -8.113e+02 135.221 0.000 
-0.00252056 0.00605527 1.0750e+00 -8.132e+02 135.344 0.000 
-0.00252056 0.00630412 1.0750e+00 -8.161e+02 135.329 0.000 
-0.00252056 0.00655296 1.0750e+00 -8.193e+02 135.531 0.000 
-0.00252056 0.00680181 1.0750e+00 -8.231e+02 135.766 0.000 
-0.00252056 0.00705066 1.0750e+00 -8.274e+02 136.038 0.000 
-0.00252056 0.00729950 1.0750e+00 -8.328e+02 136.371 0.000 
-0.00252056 0.00754835 1.0750e+00 -8.385e+02 136.724 0.000 
-0.00252056 0.00779720 1.0750e+00 -8.450e+02 137.151 0.000 
-0.00252056 0.00804604 1.0750e+00 -8.520e+02 137.576 0.000 
-0.00252056 0.00829489 1.0750e+00 -8.597e+02 138.045 0.000 
-0.00252056 0.00680181 1.0750e+00 -8.231e+02 135.766 0.000 
-0.00252056 0.00705066 1.0750e+00 -8.274e+02 136.038 0.000 
-0.00252056 0.00729950 1.0750e+00 -8.328e+02 136.371 0.000 
-0.00252056 0.00754835 1.0750e+00 -8.385e+02 136.724 0.000 
-0.00252056 0.00779720 1.0750e+00 -8.450e+02 137.151 0.000 
-0.00252056 0.00804604 1.0750e+00 -8.520e+02 137.576 0.000 
-0.00252056 0.00829489 1.0750e+00 -8.597e+02 138.045 0.000 
-0.00252056 0.00854374 1.0750e+00 -8.681e+02 138.591 0.000 
-0.00252056 0.00879258 1.0750e+00 -8.771e+02 139.133 0.000 
-0.00252056 0.00904143 1.0750e+00 -8.866e+02 139.705 0.000 
-0.00252056 0.00929028 1.0750e+00 -8.969e+02 140.326 0.000 
-0.00252056 0.00953912 1.0750e+00 -9.081e+02 140.978 0.000 
-0.00252056 0.00978797 1.0750e+00 -9.199e+02 141.633 0.000 
-0.00260350 0.00082949 1.0750e+00 -9.133e+02 141.619 0.000 
-0.00127632 0.00555758 1.0750e+00 -9.414e+02 141.841 0.000 
-0.00127632 0.00580642 1.0750e+00 -9.537e+02 142.511 0.000 
-0.00127632 0.00605527 1.0750e+00 -9.673e+02 143.221 0.000 
-0.00127632 0.00630412 1.0750e+00 -9.817e+02 143.986 0.000 
-0.00127632 0.00655296 1.0750e+00 -9.973e+02 144.803 0.000 
-0.00127632 0.00680181 1.0750e+00 -1.013e+03 145.628 0.000 
-0.00127632 0.00705066 1.0750e+00 -1.031e+03 146.517 0.000 
-0.00260350 0.00107834 1.0750e+00 -9.012e+02 140.930 0.000 
-0.00260350 0.00132718 1.0750e+00 -8.901e+02 140.268 0.000 
-0.00260350 0.00157603 1.0750e+00 -8.800e+02 139.670 0.000 
-0.00260350 0.00182488 1.0750e+00 -8.704e+02 139.077 0.000 
-0.00260350 0.00207372 1.0750e+00 -8.616e+02 138.524 0.000 
-0.00260350 0.00232257 1.0750e+00 -8.532e+02 137.997 0.000 
-0.00260350 0.00257142 1.0750e+00 -8.460e+02 137.492 0.000 
-0.00260350 0.00282026 1.0750e+00 -8.392e+02 137.037 0.000 
-0.00260350 0.00306911 1.0750e+00 -8.331e+02 136.636 0.000 
-0.00260350 0.00331796 1.0750e+00 -8.273e+02 136.254 0.000 
-0.00260350 0.00356680 1.0750e+00 -8.228e+02 135.951 0.000 
-0.00260350 0.00381565 1.0750e+00 -8.188e+02 135.676 0.000 
-0.00260350 0.00406450 1.0750e+00 -8.153e+02 135.631 0.000 
-0.00260350 0.00431334 1.0750e+00 -8.128e+02 135.445 0.000 
-0.00260350 0.00456219 1.0750e+00 -8.106e+02 135.272 0.000 
-0.00260350 0.00481104 1.0750e+00 -8.089e+02 135.147 0.000 
-0.00260350 0.00505988 1.0750e+00 -8.081e+02 135.081 0.000 
-0.00260350 0.00530873 1.0750e+00 -8.078e+02 135.045 0.000 
-0.00260350 0.00555758 1.0750e+00 -8.079e+02 135.039 0.000 
-0.00260350 0.00580642 1.0750e+00 -8.088e+02 135.090 0.000 
-0.00260350 0.00605527 1.0750e+00 -8.102e+02 135.172 0.000 
-0.00260350 0.00456219 1.0750e+00 -8.106e+02 135.272 0.000 
-0.00260350 0.00481104 1.0750e+00 -8.089e+02 135.147 0.000 
-0.00260350 0.00505988 1.0750e+00 -8.081e+02 135.081 0.000 
-0.00260350 0.00530873 1.0750e+00 -8.078e+02 135.045 0.000 
-0.00260350 0.00555758 1.0750e+00 -8.079e+02 135.039 0.000 
-0.00260350 0.00580642 1.0750e+00 -8.088e+02 135.090 0.000 
-0.00260350 0.00605527 1.0750e+00 -8.102e+02 135.172 0.000 
-0.00260350 0.00630412 1.0750e+00 -8.120e+02 135.284 0.000 
-0.00260350 0.00655296 1.0750e+00 -8.149e+02 135.469 0.000 
-0.00260350 0.00680181 1.0750e+00 -8.181e+02 135.486 0.000 
-0.00260350 0.00705066 1.0750e+00 -8.219e+02 135.722 0.000 
-0.00260350 0.00729950 1.0750e+00 -8.267e+02 136.019 0.000 
-0.00260350 0.00754835 1.0750e+00 -8.317e+02 136.339 0.000 
-0.00260350 0.00779720 1.0750e+00 -8.374e+02 136.694 0.000 
-0.00260350 0.00804604 1.0750e+00 -8.439e+02 137.121 0.000 
-0.00260350 0.00829489 1.0750e+00 -8.509e+02 137.545 0.000 
-0.00260350 0.00854374 1.0750e+00 -8.585e+02 138.015 0.000 
-0.00260350 0.00879258 1.0750e+00 -8.669e+02 138.561 0.000 
-0.00260350 0.00904143 1.0750e+00 -8.758e+02 139.100 0.000 
-0.00260350 0.00929028 1.0750e+00 -8.853e+02 139.670 0.000 
-0.00260350 0.00953912 1.0750e+00 -8.958e+02 140.287 0.000 
-0.00260350 0.00804604 1.0750e+00 -8.439e+02 137.121 0.000 
-0.00260350 0.00829489 1.0750e+00 -8.509e+02 137.545 0.000 
-0.00260350 0.00854374 1.0750e+00 -8.585e+02 138.015 0.000 
-0.00260350 0.00879258 1.0750e+00 -8.669e+02 138.561 0.000 
-0.00260350 0.00904143 1.0750e+00 -8.758e+02 139.100 0.000 
-0.00260350 0.00929028 1.0750e+00 -8.853e+02 139.670 0.000 
-0.00260350 0.00953912 1.0750e+00 -8.958e+02 140.287 0.000 
-0.00260350 0.00978797 1.0750e+00 -9.067e+02 140.942 0.000 
-0.00268645 0.00082949 1.0750e+00 -9.239e+02 142.222 0.000 
-0.00268645 0.00107834 1.0750e+00 -9.110e+02 141.485 0.000 
-0.00268645 0.00132718 1.0750e+00 -8.994e+02 140.816 0.000 
-0.00268645 0.00157603 1.0750e+00 -8.883e+02 140.159 0.000 
-0.00268645 0.00182488 1.0750e+00 -8.780e+02 139.547 0.000 
-0.00268645 0.00207372 1.0750e+00 -8.684e+02 138.954 0.000 
-0.00268645 0.00232257 1.0750e+00 -8.596e+02 138.404 0.000 
-0.00268645 0.00257142 1.0750e+00 -8.516e+02 137.894 0.000 
-0.00268645 0.00282026 1.0750e+00 -8.442e+02 137.422 0.000 
-0.00268645 0.00306911 1.0750e+00 -8.376e+02 136.939 0.000 
-0.00268645 0.00331796 1.0750e+00 -8.315e+02 136.541 0.000 
-0.00268645 0.00356680 1.0750e+00 -8.259e+02 136.175 0.000 
-0.00268645 0.00381565 1.0750e+00 -8.214e+02 135.870 0.000 
-0.00268645 0.00232257 1.0750e+00 -8.596e+02 138.404 0.000 
-0.00268645 0.00257142 1.0750e+00 -8.516e+02 137.894 0.000 
-0.00268645 0.00282026 1.0750e+00 -8.442e+02 137.422 0.000 
-0.00268645 0.00306911 1.0750e+00 -8.376e+02 136.939 0.000 
-0.00268645 0.00331796 1.0750e+00 -8.315e+02 136.541 0.000 
-0.00268645 0.00356680 1.0750e+00 -8.259e+02 136.175 0.000 
-0.00268645 0.00381565 1.0750e+00 -8.214e+02 135.870 0.000 
-0.00268645 0.00406450 1.0750e+00 -8.174e+02 135.599 0.000 
-0.00268645 0.00431334 1.0750e+00 -8.144e+02 135.579 0.000 
-0.00268645 0.00456219 1.0750e+00 -8.113e+02 135.352 0.000 
-0.00268645 0.00481104 1.0750e+00 -8.092e+02 135.197 0.000 
-0.00268645 0.00505988 1.0750e+00 -8.080e+02 135.100 0.000 
-0.00268645 0.00530873 1.0750e+00 -8.067e+02 135.007 0.000 
-0.00268645 0.00555758 1.0750e+00 -8.063e+02 134.969 0.000 
-0.00268645 0.00406450 1.0750e+00 -8.174e+02 135.599 0.000 
-0.00268645 0.00431334 1.0750e+00 -8.144e+02 135.579 0.000 
-0.00268645 0.00456219 1.0750e+00 -8.113e+02 135.352 0.000 
-0.00268645 0.00481104 1.0750e+00 -8.092e+02 135.197 0.000 
-0.00268645 0.00505988 1.0750e+00 -8.080e+02 135.100 0.000 
-0.00268645 0.00530873 1.0750e+00 -8.067e+02 135.007 0.000 
-0.00268645 0.00555758 1.0750e+00 -8.063e+02 134.969 0.000 
-0.00268645 0.00580642 1.0750e+00 -8.068e+02 134.992 0.000 
-0.00268645 0.00605527 1.0750e+00 -8.078e+02 135.044 0.000 
-0.00268645 0.00630412 1.0750e+00 -8.091e+02 135.125 0.000 
-0.00268645 0.00655296 1.0750e+00 -8.114e+02 135.265 0.000 
-0.00268645 0.00680181 1.0750e+00 -8.142e+02 135.450 0.000 
-0.00268645 0.00705066 1.0750e+00 -8.170e+02 135.443 0.000 
-0.00268645 0.00729950 1.0750e+00 -8.212e+02 135.706 0.000 
-0.00268645 0.00754835 1.0750e+00 -8.254e+02 135.974 0.000 
-0.00268645 0.00779720 1.0750e+00 -8.307e+02 136.308 0.000 
-0.00268645 0.00804604 1.0750e+00 -8.366e+02 136.678 0.000 
-0.00268645 0.00829489 1.0750e+00 -8.428e+02 137.090 0.000 
-0.00268645 0.00854374 1.0750e+00 -8.497e+02 137.515 0.000 
-0.00268645 0.00879258 1.0750e+00 -8.573e+02 137.982 0.000 
-0.00268645 0.00904143 1.0750e+00 -8.656e+02 138.527 0.000 
-0.00127632 0.00729950 1.0750e+00 -1.050e+03 147.440 0.000 
-0.00127632 0.00754835 1.0750e+00 -1.069e+03 148.336 0.000 
-0.00127632 0.00779720 1.0750e+00 -1.089e+03 149.332 0.000 
-0.00127632 0.00804604 1.0750e+00 -1.111e+03 150.331 0.000 
-0.00127632 0.00829489 1.0750e+00 -1.134e+03 151.409 0.000 
-0.00127632 0.00854374 1.0750e+00 -1.158e+03 152.611 0.000 
-0.00127632 0.00879258 1.0750e+00 -1.184e+03 153.694 0.000 
