-0.00202286 0.00248847 1.0750e+00 -7.605e+03 193.627 0.000 
-0.00202286 0.00273731 1.0750e+00 -7.585e+03 193.433 0.000 
-0.00202286 0.00298616 1.0750e+00 -7.578e+03 193.381 0.000 
-0.00202286 0.00323501 1.0750e+00 -7.582e+03 193.432 0.000 
-0.00202286 0.00348385 1.0750e+00 -7.598e+03 193.605 0.000 
-0.00202286 0.00373270 1.0750e+00 -7.626e+03 193.891 0.000 
-0.00202286 0.00398155 1.0750e+00 -7.665e+03 194.309 0.000 
-0.00202286 0.00423039 1.0750e+00 -7.719e+03 194.888 0.000 
-0.00202286 0.00447924 1.0750e+00 -7.785e+03 195.607 0.000 
-0.00202286 0.00472809 1.0750e+00 -7.868e+03 196.465 0.000 
-0.00202286 0.00497693 1.0750e+00 -7.966e+03 197.444 0.000 
-0.00202286 0.00522578 1.0750e+00 -8.080e+03 198.540 0.000 
-0.00202286 0.00547463 1.0750e+00 -8.207e+03 199.717 0.000 
-0.00202286 0.00572347 1.0750e+00 -8.349e+03 200.970 0.000 
-0.00202286 0.00597232 1.0750e+00 -8.505e+03 202.340 0.000 
-0.00202286 0.00622117 1.0750e+00 -8.676e+03 203.900 0.000 
-0.00202286 0.00647002 1.0750e+00 -8.868e+03 205.669 0.000 
-0.00202286 0.00671886 1.0750e+00 -9.076e+03 207.595 0.000 
-0.00202286 0.00696771 1.0750e+00 -9.310e+03 209.818 0.000 
-0.00202286 0.00721656 1.0750e+00 -9.569e+03 212.208 0.000 
-0.00210581 0.00248847 1.0750e+00 -7.601e+03 193.601 0.000 
-0.00210581 0.00273731 1.0750e+00 -7.568e+03 193.294 0.000 
-0.00210581 0.00298616 1.0750e+00 -7.551e+03 193.134 0.000 
-0.00210581 0.00323501 1.0750e+00 -7.545e+03 193.103 0.000 
-0.00210581 0.00348385 1.0750e+00 -7.551e+03 193.185 0.000 
-0.00210581 0.00373270 1.0750e+00 -7.569e+03 193.367 0.000 
-0.00210581 0.00398155 1.0750e+00 -7.597e+03 193.674 0.000 
-0.00210581 0.00423039 1.0750e+00 -7.639e+03 194.119 0.000 
-0.00210581 0.00447924 1.0750e+00 -7.693e+03 194.735 0.000 
-0.00210581 0.00472809 1.0750e+00 -7.763e+03 195.466 0.000 
-0.00210581 0.00497693 1.0750e+00 -7.845e+03 196.347 0.000 
-0.00210581 0.00522578 1.0750e+00 -7.946e+03 197.346 0.000 
-0.00210581 0.00547463 1.0750e+00 -8.059e+03 198.432 0.000 
-0.00210581 0.00572347 1.0750e+00 -8.186e+03 199.579 0.000 
-0.00210581 0.00597232 1.0750e+00 -8.328e+03 200.835 0.000 
-0.00210581 0.00622117 1.0750e+00 -8.483e+03 202.205 0.000 
-0.00210581 0.00647002 1.0750e+00 -8.656e+03 203.797 0.000 
-0.00210581 0.00671886 1.0750e+00 -8.846e+03 205.571 0.000 
-0.00210581 0.00696771 1.0750e+00 -9.058e+03 207.567 0.000 
-0.00210581 0.00721656 1.0750e+00 -9.290e+03 209.754 0.000 
-0.00218876 0.00248847 1.0750e+00 -7.608e+03 193.701 0.000 
-0.00218876 0.00273731 1.0750e+00 -7.566e+03 193.274 0.000 
-0.00218876 0.00298616 1.0750e+00 -7.536e+03 193.015 0.000 
-0.00218876 0.00323501 1.0750e+00 -7.520e+03 192.888 0.000 
-0.00218876 0.00348385 1.0750e+00 -7.517e+03 192.892 0.000 
-0.00218876 0.00373270 1.0750e+00 -7.524e+03 192.974 0.000 
-0.00218876 0.00398155 1.0750e+00 -7.543e+03 193.154 0.000 
-0.00218876 0.00423039 1.0750e+00 -7.573e+03 193.511 0.000 
-0.00218876 0.00447924 1.0750e+00 -7.616e+03 193.990 0.000 
-0.00218876 0.00472809 1.0750e+00 -7.672e+03 194.599 0.000 
-0.00218876 0.00497693 1.0750e+00 -7.743e+03 195.377 0.000 
-0.00218876 0.00522578 1.0750e+00 -7.828e+03 196.287 0.000 
-0.00218876 0.00547463 1.0750e+00 -7.927e+03 197.254 0.000 
-0.00218876 0.00572347 1.0750e+00 -8.042e+03 198.346 0.000 
-0.00218876 0.00597232 1.0750e+00 -8.171e+03 199.491 0.000 
-0.00218876 0.00622117 1.0750e+00 -8.311e+03 200.738 0.000 
-0.00218876 0.00647002 1.0750e+00 -8.468e+03 202.146 0.000 
-0.00218876 0.00671886 1.0750e+00 -8.639e+03 203.720 0.000 
-0.00218876 0.00696771 1.0750e+00 -8.830e+03 205.512 0.000 
-0.00218876 0.00721656 1.0750e+00 -9.042e+03 207.523 0.000 
-0.00227171 0.00248847 1.0750e+00 -7.628e+03 193.876 0.000 
-0.00227171 0.00273731 1.0750e+00 -7.574e+03 193.354 0.000 
-0.00227171 0.00298616 1.0750e+00 -7.534e+03 193.000 0.000 
-0.00227171 0.00323501 1.0750e+00 -7.509e+03 192.774 0.000 
-0.00227171 0.00348385 1.0750e+00 -7.496e+03 192.685 0.000 
-0.00227171 0.00373270 1.0750e+00 -7.493e+03 192.692 0.000 
-0.00227171 0.00398155 1.0750e+00 -7.502e+03 192.800 0.000 
-0.00227171 0.00423039 1.0750e+00 -7.521e+03 193.006 0.000 
-0.00227171 0.00447924 1.0750e+00 -7.553e+03 193.370 0.000 
-0.00227171 0.00472809 1.0750e+00 -7.597e+03 193.873 0.000 
-0.00227171 0.00497693 1.0750e+00 -7.656e+03 194.532 0.000 
-0.00227171 0.00522578 1.0750e+00 -7.729e+03 195.334 0.000 
-0.00227171 0.00547463 1.0750e+00 -7.815e+03 196.247 0.000 
-0.00227171 0.00572347 1.0750e+00 -7.916e+03 197.242 0.000 
-0.00227171 0.00597232 1.0750e+00 -8.030e+03 198.288 0.000 
-0.00227171 0.00622117 1.0750e+00 -8.157e+03 199.431 0.000 
-0.00227171 0.00647002 1.0750e+00 -8.300e+03 200.693 0.000 
-0.00227171 0.00671886 1.0750e+00 -8.457e+03 202.119 0.000 
-0.00227171 0.00696771 1.0750e+00 -8.629e+03 203.744 0.000 
-0.00227171 0.00721656 1.0750e+00 -8.821e+03 205.559 0.000 
-0.00235466 0.00248847 1.0750e+00 -7.664e+03 194.179 0.000 
-0.00235466 0.00273731 1.0750e+00 -7.598e+03 193.570 0.000 
-0.00235466 0.00298616 1.0750e+00 -7.546e+03 193.095 0.000 
-0.00235466 0.00323501 1.0750e+00 -7.509e+03 192.772 0.000 
-0.00235466 0.00348385 1.0750e+00 -7.484e+03 192.567 0.000 
-0.00235466 0.00373270 1.0750e+00 -7.473e+03 192.492 0.000 
-0.00235466 0.00398155 1.0750e+00 -7.473e+03 192.521 0.000 
-0.00235466 0.00423039 1.0750e+00 -7.483e+03 192.648 0.000 
-0.00235466 0.00447924 1.0750e+00 -7.504e+03 192.880 0.000 
-0.00235466 0.00472809 1.0750e+00 -7.538e+03 193.283 0.000 
-0.00235466 0.00497693 1.0750e+00 -7.584e+03 193.816 0.000 
-0.00235466 0.00522578 1.0750e+00 -7.644e+03 194.521 0.000 
-0.00235466 0.00547463 1.0750e+00 -7.719e+03 195.337 0.000 
-0.00235466 0.00572347 1.0750e+00 -7.807e+03 196.233 0.000 
-0.00235466 0.00597232 1.0750e+00 -7.908e+03 197.220 0.000 
-0.00235466 0.00622117 1.0750e+00 -8.024e+03 198.289 0.000 
-0.00235466 0.00647002 1.0750e+00 -8.151e+03 199.443 0.000 
-0.00235466 0.00671886 1.0750e+00 -8.292e+03 200.707 0.000 
-0.00235466 0.00696771 1.0750e+00 -8.449e+03 202.155 0.000 
-0.00235466 0.00721656 1.0750e+00 -8.623e+03 203.804 0.000 
-0.00243761 0.00248847 1.0750e+00 -7.711e+03 194.585 0.000 
-0.00243761 0.00273731 1.0750e+00 -7.634e+03 193.882 0.000 
-0.00243761 0.00298616 1.0750e+00 -7.570e+03 193.305 0.000 
-0.00243761 0.00323501 1.0750e+00 -7.522e+03 192.888 0.000 
-0.00243761 0.00348385 1.0750e+00 -7.487e+03 192.560 0.000 
-0.00243761 0.00373270 1.0750e+00 -7.466e+03 192.416 0.000 
-0.00243761 0.00398155 1.0750e+00 -7.456e+03 192.352 0.000 
-0.00243761 0.00423039 1.0750e+00 -7.457e+03 192.402 0.000 
-0.00243761 0.00447924 1.0750e+00 -7.468e+03 192.542 0.000 
-0.00243761 0.00472809 1.0750e+00 -7.492e+03 192.811 0.000 
-0.00243761 0.00497693 1.0750e+00 -7.528e+03 193.254 0.000 
-0.00243761 0.00522578 1.0750e+00 -7.575e+03 193.815 0.000 
-0.00243761 0.00547463 1.0750e+00 -7.638e+03 194.530 0.000 
-0.00243761 0.00572347 1.0750e+00 -7.712e+03 195.336 0.000 
-0.00243761 0.00597232 1.0750e+00 -7.802e+03 196.255 0.000 
-0.00243761 0.00622117 1.0750e+00 -7.905e+03 197.257 0.000 
-0.00243761 0.00647002 1.0750e+00 -8.021e+03 198.331 0.000 
-0.00243761 0.00671886 1.0750e+00 -8.148e+03 199.477 0.000 
-0.00243761 0.00696771 1.0750e+00 -8.293e+03 200.770 0.000 
-0.00243761 0.00721656 1.0750e+00 -8.450e+03 202.265 0.000 
-0.00252056 0.00248847 1.0750e+00 -7.775e+03 195.155 0.000 
-0.00252056 0.00273731 1.0750e+00 -7.685e+03 194.321 0.000 
-0.00252056 0.00298616 1.0750e+00 -7.609e+03 193.631 0.000 
-0.00252056 0.00323501 1.0750e+00 -7.549e+03 193.077 0.000 
-0.00252056 0.00348385 1.0750e+00 -7.503e+03 192.701 0.000 
-0.00252056 0.00373270 1.0750e+00 -7.470e+03 192.416 0.000 
-0.00252056 0.00398155 1.0750e+00 -7.451e+03 192.289 0.000 
-0.00252056 0.00423039 1.0750e+00 -7.443e+03 192.254 0.000 
-0.00252056 0.00447924 1.0750e+00 -7.445e+03 192.299 0.000 
-0.00252056 0.00472809 1.0750e+00 -7.458e+03 192.461 0.000 
-0.00252056 0.00497693 1.0750e+00 -7.484e+03 192.797 0.000 
-0.00252056 0.00522578 1.0750e+00 -7.520e+03 193.241 0.000 
-0.00252056 0.00547463 1.0750e+00 -7.571e+03 193.844 0.000 
-0.00252056 0.00572347 1.0750e+00 -7.634e+03 194.567 0.000 
-0.00252056 0.00597232 1.0750e+00 -7.710e+03 195.394 0.000 
-0.00252056 0.00622117 1.0750e+00 -7.803e+03 196.343 0.000 
-0.00252056 0.00647002 1.0750e+00 -7.905e+03 197.324 0.000 
-0.00252056 0.00671886 1.0750e+00 -8.021e+03 198.393 0.000 
-0.00252056 0.00696771 1.0750e+00 -8.151e+03 199.572 0.000 
-0.00252056 0.00721656 1.0750e+00 -8.295e+03 200.926 0.000 
-0.00260350 0.00248847 1.0750e+00 -7.856e+03 195.848 0.000 
-0.00260350 0.00273731 1.0750e+00 -7.751e+03 194.903 0.000 
-0.00260350 0.00298616 1.0750e+00 -7.663e+03 194.084 0.000 
-0.00260350 0.00323501 1.0750e+00 -7.589e+03 193.415 0.000 
-0.00260350 0.00348385 1.0750e+00 -7.530e+03 192.915 0.000 
-0.00260350 0.00373270 1.0750e+00 -7.487e+03 192.539 0.000 
-0.00260350 0.00398155 1.0750e+00 -7.457e+03 192.310 0.000 
-0.00260350 0.00423039 1.0750e+00 -7.439e+03 192.185 0.000 
-0.00260350 0.00447924 1.0750e+00 -7.431e+03 192.160 0.000 
-0.00260350 0.00472809 1.0750e+00 -7.436e+03 192.227 0.000 
-0.00260350 0.00497693 1.0750e+00 -7.451e+03 192.435 0.000 
-0.00260350 0.00522578 1.0750e+00 -7.479e+03 192.779 0.000 
-0.00260350 0.00547463 1.0750e+00 -7.518e+03 193.271 0.000 
-0.00260350 0.00572347 1.0750e+00 -7.569e+03 193.899 0.000 
-0.00260350 0.00597232 1.0750e+00 -7.635e+03 194.632 0.000 
-0.00260350 0.00622117 1.0750e+00 -7.713e+03 195.481 0.000 
-0.00260350 0.00647002 1.0750e+00 -7.807e+03 196.413 0.000 
-0.00260350 0.00671886 1.0750e+00 -7.910e+03 197.417 0.000 
-0.00260350 0.00696771 1.0750e+00 -8.026e+03 198.487 0.000 
-0.00260350 0.00721656 1.0750e+00 -8.156e+03 199.682 0.000 
-0.00268645 0.00248847 1.0750e+00 -7.954e+03 196.704 0.000 
-0.00268645 0.00273731 1.0750e+00 -7.836e+03 195.634 0.000 
-0.00268645 0.00298616 1.0750e+00 -7.733e+03 194.669 0.000 
-0.00268645 0.00323501 1.0750e+00 -7.644e+03 193.885 0.000 
-0.00268645 0.00348385 1.0750e+00 -7.574e+03 193.268 0.000 
-0.00268645 0.00373270 1.0750e+00 -7.517e+03 192.770 0.000 
-0.00268645 0.00398155 1.0750e+00 -7.476e+03 192.444 0.000 
-0.00268645 0.00423039 1.0750e+00 -7.446e+03 192.221 0.000 
-0.00268645 0.00447924 1.0750e+00 -7.430e+03 192.115 0.000 
-0.00268645 0.00472809 1.0750e+00 -7.426e+03 192.106 0.000 
-0.00268645 0.00497693 1.0750e+00 -7.432e+03 192.224 0.000 
-0.00268645 0.00522578 1.0750e+00 -7.447e+03 192.424 0.000 
-0.00268645 0.00547463 1.0750e+00 -7.477e+03 192.804 0.000 
-0.00268645 0.00572347 1.0750e+00 -7.517e+03 193.309 0.000 
-0.00268645 0.00597232 1.0750e+00 -7.571e+03 193.958 0.000 
-0.00268645 0.00622117 1.0750e+00 -7.638e+03 194.735 0.000 
-0.00268645 0.00647002 1.0750e+00 -7.719e+03 195.604 0.000 
-0.00268645 0.00671886 1.0750e+00 -7.812e+03 196.511 0.000 
-0.00268645 0.00696771 1.0750e+00 -7.917e+03 197.526 0.000 
-0.00268645 0.00721656 1.0750e+00 -8.034e+03 198.614 0.000 
-0.00276940 0.00248847 1.0750e+00 -8.071e+03 197.733 0.000 
-0.00276940 0.00273731 1.0750e+00 -7.937e+03 196.497 0.000 
-0.00276940 0.00298616 1.0750e+00 -7.819e+03 195.416 0.000 
-0.00276940 0.00323501 1.0750e+00 -7.718e+03 194.507 0.000 
-0.00276940 0.00348385 1.0750e+00 -7.630e+03 193.734 0.000 
-0.00276940 0.00373270 1.0750e+00 -7.562e+03 193.128 0.000 
-0.00276940 0.00398155 1.0750e+00 -7.507e+03 192.675 0.000 
-0.00276940 0.00423039 1.0750e+00 -7.469e+03 192.375 0.000 
-0.00276940 0.00447924 1.0750e+00 -7.441e+03 192.171 0.000 
-0.00276940 0.00472809 1.0750e+00 -7.427e+03 192.080 0.000 
-0.00276940 0.00497693 1.0750e+00 -7.423e+03 192.080 0.000 
-0.00276940 0.00522578 1.0750e+00 -7.430e+03 192.206 0.000 
-0.00276940 0.00547463 1.0750e+00 -7.448e+03 192.469 0.000 
-0.00276940 0.00572347 1.0750e+00 -7.479e+03 192.877 0.000 
-0.00276940 0.00597232 1.0750e+00 -7.522e+03 193.420 0.000 
-0.00276940 0.00622117 1.0750e+00 -7.577e+03 194.070 0.000 
-0.00276940 0.00647002 1.0750e+00 -7.646e+03 194.834 0.000 
-0.00276940 0.00671886 1.0750e+00 -7.727e+03 195.705 0.000 
-0.00276940 0.00696771 1.0750e+00 -7.823e+03 196.638 0.000 
-0.00276940 0.00721656 1.0750e+00 -7.928e+03 197.679 0.000 
-0.00285235 0.00248847 1.0750e+00 -8.209e+03 198.941 0.000 
-0.00285235 0.00273731 1.0750e+00 -8.056e+03 197.537 0.000 
-0.00285235 0.00298616 1.0750e+00 -7.923e+03 196.343 0.000 
-0.00285235 0.00323501 1.0750e+00 -7.805e+03 195.265 0.000 
-0.00285235 0.00348385 1.0750e+00 -7.706e+03 194.353 0.000 
-0.00285235 0.00373270 1.0750e+00 -7.622e+03 193.634 0.000 
-0.00285235 0.00398155 1.0750e+00 -7.555e+03 193.058 0.000 
-0.00285235 0.00423039 1.0750e+00 -7.504e+03 192.640 0.000 
-0.00285235 0.00447924 1.0750e+00 -7.465e+03 192.337 0.000 
-0.00285235 0.00472809 1.0750e+00 -7.440e+03 192.148 0.000 
-0.00285235 0.00497693 1.0750e+00 -7.427e+03 192.091 0.000 
-0.00285235 0.00522578 1.0750e+00 -7.424e+03 192.116 0.000 
-0.00285235 0.00547463 1.0750e+00 -7.431e+03 192.267 0.000 
-0.00285235 0.00572347 1.0750e+00 -7.451e+03 192.540 0.000 
-0.00285235 0.00597232 1.0750e+00 -7.485e+03 192.987 0.000 
-0.00285235 0.00622117 1.0750e+00 -7.528e+03 193.535 0.000 
-0.00285235 0.00647002 1.0750e+00 -7.586e+03 194.190 0.000 
-0.00285235 0.00671886 1.0750e+00 -7.656e+03 194.966 0.000 
-0.00285235 0.00696771 1.0750e+00 -7.739e+03 195.859 0.000 
-0.00285235 0.00721656 1.0750e+00 -7.834e+03 196.818 0.000 
-0.00293530 0.00248847 1.0750e+00 -8.365e+03 200.324 0.000 
-0.00293530 0.00273731 1.0750e+00 -8.195e+03 198.746 0.000 
-0.00293530 0.00298616 1.0750e+00 -8.043e+03 197.386 0.000 
-0.00293530 0.00323501 1.0750e+00 -7.912e+03 196.191 0.000 
-0.00293530 0.00348385 1.0750e+00 -7.798e+03 195.172 0.000 
-0.00293530 0.00373270 1.0750e+00 -7.700e+03 194.281 0.000 
-0.00293530 0.00398155 1.0750e+00 -7.619e+03 193.583 0.000 
-0.00293530 0.00423039 1.0750e+00 -7.553e+03 193.018 0.000 
-0.00293530 0.00447924 1.0750e+00 -7.504e+03 192.634 0.000 
-0.00293530 0.00472809 1.0750e+00 -7.467e+03 192.353 0.000 
-0.00293530 0.00497693 1.0750e+00 -7.443e+03 192.189 0.000 
-0.00293530 0.00522578 1.0750e+00 -7.430e+03 192.133 0.000 
-0.00293530 0.00547463 1.0750e+00 -7.429e+03 192.184 0.000 
-0.00293530 0.00572347 1.0750e+00 -7.438e+03 192.339 0.000 
-0.00293530 0.00597232 1.0750e+00 -7.460e+03 192.676 0.000 
-0.00293530 0.00622117 1.0750e+00 -7.494e+03 193.123 0.000 
-0.00293530 0.00647002 1.0750e+00 -7.541e+03 193.684 0.000 
-0.00293530 0.00671886 1.0750e+00 -7.601e+03 194.357 0.000 
-0.00293530 0.00696771 1.0750e+00 -7.672e+03 195.145 0.000 
-0.00293530 0.00721656 1.0750e+00 -7.755e+03 196.009 0.000 
-0.00301825 0.00248847 1.0750e+00 -8.542e+03 201.869 0.000 
-0.00301825 0.00273731 1.0750e+00 -8.352e+03 200.145 0.000 
-0.00301825 0.00298616 1.0750e+00 -8.185e+03 198.608 0.000 
-0.00301825 0.00323501 1.0750e+00 -8.037e+03 197.269 0.000 
-0.00301825 0.00348385 1.0750e+00 -7.908e+03 196.105 0.000 
-0.00301825 0.00373270 1.0750e+00 -7.794e+03 195.086 0.000 
-0.00301825 0.00398155 1.0750e+00 -7.698e+03 194.233 0.000 
-0.00301825 0.00423039 1.0750e+00 -7.620e+03 193.578 0.000 
-0.00301825 0.00447924 1.0750e+00 -7.556e+03 193.042 0.000 
-0.00301825 0.00472809 1.0750e+00 -7.508e+03 192.658 0.000 
-0.00301825 0.00497693 1.0750e+00 -7.473e+03 192.398 0.000 
-0.00301825 0.00522578 1.0750e+00 -7.450e+03 192.266 0.000 
-0.00301825 0.00547463 1.0750e+00 -7.440e+03 192.230 0.000 
-0.00301825 0.00572347 1.0750e+00 -7.440e+03 192.321 0.000 
-0.00301825 0.00597232 1.0750e+00 -7.449e+03 192.510 0.000 
-0.00301825 0.00622117 1.0750e+00 -7.473e+03 192.852 0.000 
-0.00301825 0.00647002 1.0750e+00 -7.508e+03 193.317 0.000 
-0.00301825 0.00671886 1.0750e+00 -7.557e+03 193.878 0.000 
-0.00301825 0.00696771 1.0750e+00 -7.618e+03 194.568 0.000 
-0.00301825 0.00721656 1.0750e+00 -7.690e+03 195.312 0.000 
-0.00310120 0.00248847 1.0750e+00 -8.742e+03 203.574 0.000 
-0.00310120 0.00273731 1.0750e+00 -8.530e+03 201.661 0.000 
-0.00310120 0.00298616 1.0750e+00 -8.345e+03 199.997 0.000 
-0.00310120 0.00323501 1.0750e+00 -8.179e+03 198.489 0.000 
-0.00310120 0.00348385 1.0750e+00 -8.033e+03 197.185 0.000 
-0.00310120 0.00373270 1.0750e+00 -7.906e+03 196.054 0.000 
-0.00310120 0.00398155 1.0750e+00 -7.795e+03 195.062 0.000 
-0.00310120 0.00423039 1.0750e+00 -7.701e+03 194.237 0.000 
-0.00310120 0.00447924 1.0750e+00 -7.624e+03 193.593 0.000 
-0.00310120 0.00472809 1.0750e+00 -7.564e+03 193.095 0.000 
-0.00310120 0.00497693 1.0750e+00 -7.518e+03 192.734 0.000 
-0.00310120 0.00522578 1.0750e+00 -7.483e+03 192.488 0.000 
-0.00310120 0.00547463 1.0750e+00 -7.461e+03 192.369 0.000 
-0.00310120 0.00572347 1.0750e+00 -7.451e+03 192.351 0.000 
-0.00310120 0.00597232 1.0750e+00 -7.452e+03 192.467 0.000 
-0.00310120 0.00622117 1.0750e+00 -7.465e+03 192.698 0.000 
-0.00310120 0.00647002 1.0750e+00 -7.490e+03 193.065 0.000 
-0.00310120 0.00671886 1.0750e+00 -7.528e+03 193.546 0.000 
-0.00310120 0.00696771 1.0750e+00 -7.577e+03 194.094 0.000 
-0.00310120 0.00721656 1.0750e+00 -7.639e+03 194.771 0.000 
-0.00318415 0.00248847 1.0750e+00 -8.967e+03 205.505 0.000 
-0.00318415 0.00273731 1.0750e+00 -8.733e+03 203.359 0.000 
-0.00318415 0.00298616 1.0750e+00 -8.525e+03 201.497 0.000 
-0.00318415 0.00323501 1.0750e+00 -8.340e+03 199.871 0.000 
-0.00318415 0.00348385 1.0750e+00 -8.179e+03 198.428 0.000 
-0.00318415 0.00373270 1.0750e+00 -8.033e+03 197.149 0.000 
-0.00318415 0.00398155 1.0750e+00 -7.908e+03 196.017 0.000 
-0.00318415 0.00423039 1.0750e+00 -7.800e+03 195.062 0.000 
-0.00318415 0.00447924 1.0750e+00 -7.709e+03 194.277 0.000 
-0.00318415 0.00472809 1.0750e+00 -7.635e+03 193.668 0.000 
-0.00318415 0.00497693 1.0750e+00 -7.576e+03 193.186 0.000 
-0.00318415 0.00522578 1.0750e+00 -7.530e+03 192.833 0.000 
-0.00318415 0.00547463 1.0750e+00 -7.499e+03 192.632 0.000 
-0.00318415 0.00572347 1.0750e+00 -7.478e+03 192.524 0.000 
-0.00318415 0.00597232 1.0750e+00 -7.468e+03 192.541 0.000 
-0.00318415 0.00622117 1.0750e+00 -7.471e+03 192.680 0.000 
-0.00318415 0.00647002 1.0750e+00 -7.485e+03 192.917 0.000 
-0.00318415 0.00671886 1.0750e+00 -7.512e+03 193.285 0.000 
-0.00318415 0.00696771 1.0750e+00 -7.550e+03 193.758 0.000 
-0.00318415 0.00721656 1.0750e+00 -7.601e+03 194.349 0.000 
-0.00326710 0.00248847 1.0750e+00 -9.221e+03 207.634 0.000 
-0.00326710 0.00273731 1.0750e+00 -8.958e+03 205.264 0.000 
-0.00326710 0.00298616 1.0750e+00 -8.726e+03 203.161 0.000 
-0.00326710 0.00323501 1.0750e+00 -8.521e+03 201.387 0.000 
-0.00326710 0.00348385 1.0750e+00 -8.340e+03 199.791 0.000 
-0.00326710 0.00373270 1.0750e+00 -8.179e+03 198.362 0.000 
-0.00326710 0.00398155 1.0750e+00 -8.037e+03 197.092 0.000 
-0.00326710 0.00423039 1.0750e+00 -7.915e+03 196.025 0.000 
-0.00326710 0.00447924 1.0750e+00 -7.810e+03 195.108 0.000 
-0.00326710 0.00472809 1.0750e+00 -7.721e+03 194.341 0.000 
-0.00326710 0.00497693 1.0750e+00 -7.649e+03 193.763 0.000 
-0.00326710 0.00522578 1.0750e+00 -7.591e+03 193.301 0.000 
-0.00326710 0.00547463 1.0750e+00 -7.546e+03 192.972 0.000 
-0.00326710 0.00572347 1.0750e+00 -7.516e+03 192.779 0.000 
-0.00326710 0.00597232 1.0750e+00 -7.497e+03 192.732 0.000 
-0.00326710 0.00622117 1.0750e+00 -7.489e+03 192.753 0.000 
-0.00326710 0.00647002 1.0750e+00 -7.492e+03 192.899 0.000 
-0.00326710 0.00671886 1.0750e+00 -7.508e+03 193.181 0.000 
-0.00326710 0.00696771 1.0750e+00 -7.538e+03 193.554 0.000 
-0.00326710 0.00721656 1.0750e+00 -7.578e+03 194.076 0.000 
-0.00335004 0.00248847 1.0750e+00 -9.507e+03 210.019 0.000 
-0.00335004 0.00273731 1.0750e+00 -9.212e+03 207.361 0.000 
-0.00335004 0.00298616 1.0750e+00 -8.951e+03 205.056 0.000 
-0.00335004 0.00323501 1.0750e+00 -8.725e+03 203.050 0.000 
-0.00335004 0.00348385 1.0750e+00 -8.523e+03 201.301 0.000 
-0.00335004 0.00373270 1.0750e+00 -8.344e+03 199.758 0.000 
-0.00335004 0.00398155 1.0750e+00 -8.185e+03 198.358 0.000 
-0.00335004 0.00423039 1.0750e+00 -8.045e+03 197.119 0.000 
-0.00335004 0.00447924 1.0750e+00 -7.926e+03 196.067 0.000 
-0.00335004 0.00472809 1.0750e+00 -7.823e+03 195.186 0.000 
-0.00335004 0.00497693 1.0750e+00 -7.736e+03 194.470 0.000 
-0.00335004 0.00522578 1.0750e+00 -7.666e+03 193.879 0.000 
-0.00335004 0.00547463 1.0750e+00 -7.611e+03 193.458 0.000 
-0.00335004 0.00572347 1.0750e+00 -7.568e+03 193.142 0.000 
-0.00335004 0.00597232 1.0750e+00 -7.538e+03 192.977 0.000 
-0.00335004 0.00622117 1.0750e+00 -7.519e+03 192.933 0.000 
-0.00335004 0.00647002 1.0750e+00 -7.512e+03 192.982 0.000 
-0.00335004 0.00671886 1.0750e+00 -7.518e+03 193.177 0.000 
-0.00335004 0.00696771 1.0750e+00 -7.536e+03 193.467 0.000 
-0.00335004 0.00721656 1.0750e+00 -7.567e+03 193.889 0.000 
-0.00343299 0.00248847 1.0750e+00 -9.832e+03 212.744 0.000 
-0.00343299 0.00273731 1.0750e+00 -9.497e+03 209.704 0.000 
-0.00343299 0.00298616 1.0750e+00 -9.207e+03 207.153 0.000 
-0.00343299 0.00323501 1.0750e+00 -8.951e+03 204.897 0.000 
-0.00343299 0.00348385 1.0750e+00 -8.725e+03 202.933 0.000 
-0.00343299 0.00373270 1.0750e+00 -8.525e+03 201.225 0.000 
-0.00343299 0.00398155 1.0750e+00 -8.351e+03 199.723 0.000 
-0.00343299 0.00423039 1.0750e+00 -8.194e+03 198.357 0.000 
-0.00343299 0.00447924 1.0750e+00 -8.057e+03 197.172 0.000 
-0.00343299 0.00472809 1.0750e+00 -7.940e+03 196.165 0.000 
-0.00343299 0.00497693 1.0750e+00 -7.840e+03 195.286 0.000 
-0.00343299 0.00522578 1.0750e+00 -7.757e+03 194.600 0.000 
-0.00343299 0.00547463 1.0750e+00 -7.687e+03 194.015 0.000 
-0.00343299 0.00572347 1.0750e+00 -7.633e+03 193.616 0.000 
-0.00343299 0.00597232 1.0750e+00 -7.593e+03 193.361 0.000 
-0.00343299 0.00622117 1.0750e+00 -7.564e+03 193.219 0.000 
-0.00343299 0.00647002 1.0750e+00 -7.546e+03 193.178 0.000 
-0.00343299 0.00671886 1.0750e+00 -7.541e+03 193.278 0.000 
-0.00343299 0.00696771 1.0750e+00 -7.548e+03 193.484 0.000 
-0.00343299 0.00721656 1.0750e+00 -7.568e+03 193.816 0.000 
-0.00351594 0.00248847 1.0750e+00 -1.020e+04 215.779 0.000 
-0.00351594 0.00273731 1.0750e+00 -9.824e+03 212.393 0.000 
-0.00351594 0.00298616 1.0750e+00 -9.493e+03 209.451 0.000 
-0.00351594 0.00323501 1.0750e+00 -9.206e+03 206.948 0.000 
-0.00351594 0.00348385 1.0750e+00 -8.953e+03 204.779 0.000 
-0.00351594 0.00373270 1.0750e+00 -8.730e+03 202.879 0.000 
-0.00351594 0.00398155 1.0750e+00 -8.535e+03 201.209 0.000 
-0.00351594 0.00423039 1.0750e+00 -8.361e+03 199.737 0.000 
-0.00351594 0.00447924 1.0750e+00 -8.208e+03 198.415 0.000 
-0.00351594 0.00472809 1.0750e+00 -8.074e+03 197.240 0.000 
-0.00351594 0.00497693 1.0750e+00 -7.959e+03 196.284 0.000 
-0.00351594 0.00522578 1.0750e+00 -7.860e+03 195.396 0.000 
-0.00351594 0.00547463 1.0750e+00 -7.779e+03 194.754 0.000 
-0.00351594 0.00572347 1.0750e+00 -7.713e+03 194.203 0.000 
-0.00351594 0.00597232 1.0750e+00 -7.661e+03 193.818 0.000 
-0.00351594 0.00622117 1.0750e+00 -7.621e+03 193.548 0.000 
-0.00351594 0.00647002 1.0750e+00 -7.592e+03 193.450 0.000 
-0.00351594 0.00671886 1.0750e+00 -7.576e+03 193.453 0.000 
-0.00351594 0.00696771 1.0750e+00 -7.574e+03 193.616 0.000 
-0.00351594 0.00721656 1.0750e+00 -7.583e+03 193.862 0.000 
-0.00359889 0.00248847 1.0750e+00 -1.063e+04 219.192 0.000 
-0.00359889 0.00273731 1.0750e+00 -1.019e+04 215.378 0.000 
-0.00359889 0.00298616 1.0750e+00 -9.820e+03 212.097 0.000 
-0.00359889 0.00323501 1.0750e+00 -9.496e+03 209.265 0.000 
-0.00359889 0.00348385 1.0750e+00 -9.210e+03 206.839 0.000 
-0.00359889 0.00373270 1.0750e+00 -8.961e+03 204.714 0.000 
-0.00359889 0.00398155 1.0750e+00 -8.741e+03 202.871 0.000 
-0.00359889 0.00423039 1.0750e+00 -8.547e+03 201.223 0.000 
-0.00359889 0.00447924 1.0750e+00 -8.376e+03 199.791 0.000 
-0.00359889 0.00472809 1.0750e+00 -8.225e+03 198.488 0.000 
-0.00359889 0.00497693 1.0750e+00 -8.095e+03 197.374 0.000 
-0.00359889 0.00522578 1.0750e+00 -7.982e+03 196.393 0.000 
-0.00359889 0.00547463 1.0750e+00 -7.886e+03 195.579 0.000 
-0.00359889 0.00572347 1.0750e+00 -7.807e+03 194.933 0.000 
-0.00359889 0.00597232 1.0750e+00 -7.742e+03 194.420 0.000 
-0.00359889 0.00622117 1.0750e+00 -7.692e+03 194.031 0.000 
-0.00359889 0.00647002 1.0750e+00 -7.652e+03 193.820 0.000 
-0.00359889 0.00671886 1.0750e+00 -7.626e+03 193.762 0.000 
-0.00359889 0.00696771 1.0750e+00 -7.612e+03 193.826 0.000 
-0.00359889 0.00721656 1.0750e+00 -7.610e+03 193.991 0.000 
