-0.00189844 0.00207372 1.0191e+00 -9.177e+01 0.1698011 0.000 0.0949278 0.0748733 
-0.00189844 0.00257142 1.0194e+00 -9.183e+01 0.1698127 0.000 0.0949315 0.0748814 
-0.00189844 0.00306911 1.0198e+00 -9.190e+01 0.1698468 0.000 0.0949501 0.0748967 
-0.00189844 0.00356680 1.0205e+00 -9.195e+01 0.1698488 0.000 0.0950323 0.0748163 
-0.00189844 0.00406450 1.0217e+00 -9.197e+01 0.1698705 0.000 0.0949792 0.0748913 
-0.00189844 0.00456219 1.0230e+00 -9.202e+01 0.1699238 0.000 0.0949696 0.0749543 
-0.00189844 0.00505988 1.0244e+00 -9.211e+01 0.1699718 0.000 0.0950359 0.0749359 
-0.00189844 0.00555758 1.0262e+00 -9.215e+01 0.1699645 0.000 0.0950284 0.0749361 
-0.00587999 0.00207372 1.0815e+00 -9.179e+01 0.1699729 0.000 0.0948703 0.0751027 
-0.00587999 0.00257142 1.0775e+00 -9.177e+01 0.1699489 0.000 0.0948449 0.0751040 
-0.00587999 0.00306911 1.0732e+00 -9.181e+01 0.1699676 0.000 0.0949073 0.0750603 
-0.00587999 0.00356680 1.0686e+00 -9.188e+01 0.1699700 0.000 0.0950185 0.0749515 
-0.00587999 0.00406450 1.0646e+00 -9.186e+01 0.1699382 0.000 0.0951696 0.0747687 
-0.00587999 0.00456219 1.0605e+00 -9.187e+01 0.1699694 0.000 0.0948962 0.0750730 
-0.00587999 0.00505988 1.0566e+00 -9.187e+01 0.1699765 0.000 0.0950019 0.0749747 
-0.00587999 0.00555758 1.0530e+00 -9.184e+01 0.1699602 0.000 0.0948698 0.0750904 
-0.00587999 0.00605527 1.0493e+00 -9.182e+01 0.1699643 0.000 0.0947716 0.0751930 
-0.00587999 0.00655296 1.0456e+00 -9.184e+01 0.1699581 0.000 0.0948961 0.0750621 
-0.00587999 0.00705066 1.0420e+00 -9.186e+01 0.1699772 0.000 0.0949290 0.0750483 
-0.00587999 0.00754835 1.0395e+00 -9.174e+01 0.1698732 0.000 0.0949158 0.0749574 
-0.00587999 0.00804604 1.0358e+00 -9.187e+01 0.1699706 0.000 0.0947897 0.0751809 
-0.00587999 0.00854374 1.0330e+00 -9.184e+01 0.1699568 0.000 0.0947735 0.0751829 
-0.00587999 0.00904143 1.0304e+00 -9.184e+01 0.1699686 0.000 0.0947760 0.0751928 
-0.00587999 0.00953912 1.0282e+00 -9.181e+01 0.1699550 0.000 0.0948569 0.0750979 
-0.00587999 0.01003682 1.0262e+00 -9.178e+01 0.1699487 0.000 0.0947850 0.0751637 
-0.00587999 0.01053451 1.0245e+00 -9.175e+01 0.1699273 0.000 0.0949764 0.0749509 
-0.00587999 0.01103221 1.0230e+00 -9.173e+01 0.1699567 0.000 0.0949334 0.0750232 
-0.00587999 0.01152990 1.0220e+00 -9.166e+01 0.1699180 0.000 0.0950036 0.0749142 
-0.00587999 0.01202759 1.0210e+00 -9.166e+01 0.1699539 0.000 0.0950018 0.0749521 
-0.00587999 0.01252529 1.0210e+00 -9.150e+01 0.1698629 0.000 0.0949725 0.0748903 
-0.00587999 0.01302298 1.0207e+00 -9.145e+01 0.1698433 0.000 0.0949598 0.0748836 
-0.00587999 0.01352067 1.0205e+00 -9.143e+01 0.1698301 0.000 0.0950283 0.0748019 
-0.00587999 0.01401837 1.0204e+00 -9.142e+01 0.1698551 0.000 0.0950040 0.0748511 
-0.00600441 0.00207372 1.0876e+00 -9.172e+01 0.1699462 0.000 0.0948161 0.0751302 
-0.00600441 0.00257142 1.0831e+00 -9.178e+01 0.1699617 0.000 0.0949955 0.0749662 
-0.00600441 0.00306911 1.0789e+00 -9.179e+01 0.1699567 0.000 0.0949037 0.0750530 
-0.00600441 0.00356680 1.0745e+00 -9.182e+01 0.1699632 0.000 0.0948977 0.0750654 
-0.00600441 0.00406450 1.0703e+00 -9.184e+01 0.1699632 0.000 0.0949641 0.0749990 
-0.00600441 0.00456219 1.0659e+00 -9.189e+01 0.1699579 0.000 0.0949531 0.0750046 
-0.00600441 0.00505988 1.0619e+00 -9.188e+01 0.1699511 0.000 0.0950531 0.0748981 
-0.00600441 0.00555758 1.0581e+00 -9.185e+01 0.1699577 0.000 0.0949175 0.0750400 
-0.00600441 0.00605527 1.0540e+00 -9.188e+01 0.1699690 0.000 0.0950666 0.0749023 
-0.00600441 0.00655296 1.0507e+00 -9.183e+01 0.1699663 0.000 0.0947736 0.0751929 
-0.00600441 0.00705066 1.0468e+00 -9.186e+01 0.1699897 0.000 0.0949292 0.0750605 
-0.00600441 0.00754835 1.0436e+00 -9.183e+01 0.1699721 0.000 0.0948915 0.0750805 
-0.00600441 0.00804604 1.0407e+00 -9.178e+01 0.1699359 0.000 0.0948855 0.0750506 
-0.00600441 0.00854374 1.0370e+00 -9.189e+01 0.1699685 0.000 0.0950741 0.0748943 
-0.00600441 0.00904143 1.0346e+00 -9.184e+01 0.1699529 0.000 0.0948102 0.0751427 
-0.00600441 0.00953912 1.0323e+00 -9.179e+01 0.1699165 0.000 0.0949383 0.0749779 
-0.00600441 0.01003682 1.0299e+00 -9.180e+01 0.1699539 0.000 0.0949142 0.0750397 
-0.00600441 0.01053451 1.0281e+00 -9.175e+01 0.1699573 0.000 0.0947410 0.0752164 
-0.00600441 0.01103221 1.0262e+00 -9.177e+01 0.1699734 0.000 0.0949495 0.0750237 
-0.00600441 0.01152990 1.0249e+00 -9.170e+01 0.1699465 0.000 0.0949978 0.0749487 
-0.00600441 0.01202759 1.0238e+00 -9.167e+01 0.1699531 0.000 0.0949860 0.0749672 
-0.00600441 0.01252529 1.0230e+00 -9.163e+01 0.1699381 0.000 0.0950352 0.0749029 
-0.00600441 0.01302298 1.0223e+00 -9.160e+01 0.1699604 0.000 0.0950236 0.0749365 
-0.00600441 0.01352067 1.0226e+00 -9.147e+01 0.1698758 0.000 0.0950024 0.0748734 
-0.00600441 0.01401837 1.0225e+00 -9.144e+01 0.1698743 0.000 0.0949889 0.0748852 
-0.00612883 0.00207372 1.0936e+00 -9.171e+01 0.1699613 0.000 0.0947818 0.0751795 
-0.00612883 0.00257142 1.0891e+00 -9.175e+01 0.1699643 0.000 0.0949540 0.0750101 
-0.00612883 0.00306911 1.0848e+00 -9.177e+01 0.1699579 0.000 0.0948409 0.0751171 
-0.00612883 0.00356680 1.0803e+00 -9.180e+01 0.1699519 0.000 0.0948952 0.0750568 
-0.00612883 0.00406450 1.0759e+00 -9.185e+01 0.1699678 0.000 0.0948803 0.0750874 
-0.00612883 0.00456219 1.0716e+00 -9.186e+01 0.1699671 0.000 0.0949805 0.0749867 
-0.00612883 0.00505988 1.0672e+00 -9.190e+01 0.1699564 0.000 0.0950389 0.0749176 
-0.00612883 0.00555758 1.0632e+00 -9.190e+01 0.1699656 0.000 0.0950533 0.0749126 
-0.00612883 0.00605527 1.0595e+00 -9.185e+01 0.1699580 0.000 0.0949311 0.0750269 
-0.00612883 0.00655296 1.0554e+00 -9.189e+01 0.1699626 0.000 0.0950447 0.0749182 
-0.00612883 0.00705066 1.0519e+00 -9.186e+01 0.1699693 0.000 0.0949020 0.0750672 
-0.00612883 0.00754835 1.0489e+00 -9.175e+01 0.1699035 0.000 0.0948977 0.0750056 
-0.00612883 0.00804604 1.0453e+00 -9.181e+01 0.1699594 0.000 0.0949021 0.0750573 
-0.00612883 0.00854374 1.0425e+00 -9.174e+01 0.1698960 0.000 0.0949493 0.0749468 
-0.00612883 0.00904143 1.0393e+00 -9.177e+01 0.1699450 0.000 0.0948926 0.0750522 
-0.00612883 0.00953912 1.0363e+00 -9.181e+01 0.1699524 0.000 0.0947820 0.0751702 
-0.00612883 0.01003682 1.0342e+00 -9.174e+01 0.1698980 0.000 0.0949490 0.0749490 
-0.00612883 0.01053451 1.0320e+00 -9.173e+01 0.1698988 0.000 0.0949756 0.0749232 
-0.00612883 0.01103221 1.0302e+00 -9.169e+01 0.1698993 0.000 0.0949365 0.0749630 
-0.00612883 0.01152990 1.0283e+00 -9.172e+01 0.1699512 0.000 0.0949711 0.0749804 
-0.00612883 0.01202759 1.0270e+00 -9.167e+01 0.1699479 0.000 0.0949617 0.0749864 
-0.00612883 0.01252529 1.0258e+00 -9.165e+01 0.1699585 0.000 0.0949917 0.0749668 
-0.00612883 0.01302298 1.0251e+00 -9.161e+01 0.1699618 0.000 0.0949889 0.0749731 
-0.00612883 0.01352067 1.0246e+00 -9.157e+01 0.1699563 0.000 0.0950486 0.0749077 
-0.00612883 0.01401837 1.0245e+00 -9.151e+01 0.1699429 0.000 0.0949984 0.0749445 
-0.00227171 0.00456219 1.0140e+00 -9.197e+01 0.1698600 0.000 0.0949844 0.0748757 
-0.00227171 0.00505988 1.0149e+00 -9.203e+01 0.1698975 0.000 0.0950361 0.0748615 
-0.00227171 0.00555758 1.0175e+00 -9.184e+01 0.1698236 0.000 0.0947482 0.0750757 
-0.00227171 0.00605527 1.0191e+00 -9.185e+01 0.1698276 0.000 0.0947502 0.0750775 
-0.00227171 0.00655296 1.0203e+00 -9.199e+01 0.1698641 0.000 0.0950157 0.0748484 
-0.00227171 0.00705066 1.0224e+00 -9.201e+01 0.1698793 0.000 0.0950028 0.0748763 
-0.00227171 0.00754835 1.0242e+00 -9.214e+01 0.1699760 0.000 0.0950835 0.0748926 
-0.00227171 0.00804604 1.0269e+00 -9.213e+01 0.1699594 0.000 0.0950358 0.0749234 
-0.00227171 0.00854374 1.0297e+00 -9.214e+01 0.1699699 0.000 0.0949324 0.0750376 
-0.00227171 0.00904143 1.0328e+00 -9.213e+01 0.1699702 0.000 0.0950724 0.0748977 
-0.00227171 0.00953912 1.0358e+00 -9.216e+01 0.1699592 0.000 0.0950808 0.0748785 
-0.00227171 0.01003682 1.0390e+00 -9.219e+01 0.1699672 0.000 0.0950455 0.0749218 
-0.00227171 0.01053451 1.0424e+00 -9.220e+01 0.1699698 0.000 0.0950553 0.0749144 
-0.00227171 0.01103221 1.0462e+00 -9.217e+01 0.1699608 0.000 0.0950456 0.0749151 
-0.00227171 0.01152990 1.0503e+00 -9.211e+01 0.1699488 0.000 0.0950449 0.0749038 
-0.00227171 0.01202759 1.0539e+00 -9.213e+01 0.1699547 0.000 0.0950818 0.0748729 
-0.00227171 0.01252529 1.0577e+00 -9.214e+01 0.1699534 0.000 0.0950820 0.0748714 
-0.00227171 0.01302298 1.0616e+00 -9.213e+01 0.1699591 0.000 0.0950678 0.0748914 
-0.00227171 0.01352067 1.0656e+00 -9.210e+01 0.1699545 0.000 0.0950747 0.0748799 
-0.00227171 0.01401837 1.0697e+00 -9.208e+01 0.1699700 0.000 0.0950965 0.0748737 
-0.00239613 0.00207372 1.0118e+00 -9.174e+01 0.1698838 0.000 0.0946534 0.0752305 
-0.00239613 0.00257142 1.0113e+00 -9.176e+01 0.1698065 0.000 0.0948973 0.0749093 
-0.00239613 0.00306911 1.0109e+00 -9.182e+01 0.1698298 0.000 0.0949023 0.0749276 
-0.00239613 0.00356680 1.0109e+00 -9.187e+01 0.1698276 0.000 0.0948975 0.0749299 
-0.00239613 0.00406450 1.0111e+00 -9.191e+01 0.1698395 0.000 0.0949112 0.0749282 
-0.00239613 0.00456219 1.0119e+00 -9.190e+01 0.1698053 0.000 0.0949523 0.0748528 
-0.00239613 0.00505988 1.0129e+00 -9.189e+01 0.1697959 0.000 0.0948952 0.0749009 
-0.00239613 0.00555758 1.0136e+00 -9.201e+01 0.1699069 0.000 0.0949491 0.0749579 
-0.00239613 0.00605527 1.0151e+00 -9.199e+01 0.1698818 0.000 0.0949833 0.0748985 
-0.00239613 0.00655296 1.0179e+00 -9.184e+01 0.1698078 0.000 0.0947507 0.0750571 
-0.00239613 0.00705066 1.0196e+00 -9.190e+01 0.1698558 0.000 0.0947721 0.0750835 
-0.00239613 0.00754835 1.0216e+00 -9.193e+01 0.1698989 0.000 0.0946772 0.0752221 
-0.00239613 0.00804604 1.0234e+00 -9.204e+01 0.1699211 0.000 0.0950292 0.0748918 
-0.00239613 0.00854374 1.0258e+00 -9.210e+01 0.1699639 0.000 0.0950701 0.0748939 
-0.00239613 0.00904143 1.0286e+00 -9.211e+01 0.1699565 0.000 0.0950375 0.0749190 
-0.00239613 0.00953912 1.0320e+00 -9.206e+01 0.1699387 0.000 0.0950259 0.0749127 
-0.00239613 0.01003682 1.0350e+00 -9.211e+01 0.1699427 0.000 0.0950351 0.0749074 
-0.00239613 0.01053451 1.0381e+00 -9.214e+01 0.1699636 0.000 0.0950363 0.0749273 
-0.00239613 0.01103221 1.0416e+00 -9.215e+01 0.1699705 0.000 0.0950513 0.0749190 
-0.00239613 0.01152990 1.0453e+00 -9.213e+01 0.1699592 0.000 0.0950665 0.0748926 
-0.00239613 0.01202759 1.0491e+00 -9.211e+01 0.1699514 0.000 0.0950148 0.0749369 
-0.00239613 0.01252529 1.0529e+00 -9.211e+01 0.1699755 0.000 0.0951263 0.0748492 
-0.00239613 0.01302298 1.0568e+00 -9.210e+01 0.1699625 0.000 0.0950688 0.0748938 
-0.00239613 0.01352067 1.0607e+00 -9.207e+01 0.1699556 0.000 0.0950650 0.0748907 
-0.00239613 0.01401837 1.0647e+00 -9.206e+01 0.1699712 0.000 0.0950174 0.0749537 
-0.00252056 0.00207372 1.0106e+00 -9.173e+01 0.1698372 0.000 0.0948711 0.0749660 
-0.00252056 0.00257142 1.0100e+00 -9.174e+01 0.1698117 0.000 0.0948827 0.0749290 
-0.00252056 0.00306911 1.0096e+00 -9.177e+01 0.1698091 0.000 0.0949002 0.0749090 
-0.00252056 0.00356680 1.0093e+00 -9.182e+01 0.1698240 0.000 0.0949282 0.0748959 
-0.00252056 0.00406450 1.0093e+00 -9.187e+01 0.1698343 0.000 0.0948632 0.0749708 
-0.00252056 0.00456219 1.0098e+00 -9.188e+01 0.1698222 0.000 0.0948757 0.0749467 
-0.00252056 0.00505988 1.0104e+00 -9.191e+01 0.1698297 0.000 0.0949100 0.0749197 
-0.00252056 0.00555758 1.0116e+00 -9.188e+01 0.1697912 0.000 0.0948992 0.0748920 
-0.00252056 0.00605527 1.0128e+00 -9.190e+01 0.1698080 0.000 0.0949069 0.0749012 
-0.00252056 0.00655296 1.0138e+00 -9.201e+01 0.1699090 0.000 0.0949492 0.0749598 
-0.00252056 0.00705066 1.0167e+00 -9.183e+01 0.1698172 0.000 0.0947393 0.0750777 
-0.00252056 0.00754835 1.0185e+00 -9.187e+01 0.1698421 0.000 0.0947640 0.0750781 
-0.00252056 0.00804604 1.0206e+00 -9.191e+01 0.1698717 0.000 0.0947833 0.0750883 
-0.00252056 0.00854374 1.0227e+00 -9.198e+01 0.1698948 0.000 0.0950033 0.0748916 
-0.00252056 0.00904143 1.0249e+00 -9.206e+01 0.1699588 0.000 0.0950614 0.0748977 
-0.00252056 0.00953912 1.0278e+00 -9.208e+01 0.1699443 0.000 0.0950750 0.0748694 
-0.00252056 0.01003682 1.0314e+00 -9.198e+01 0.1699377 0.000 0.0948325 0.0751053 
-0.00252056 0.01053451 1.0341e+00 -9.207e+01 0.1699567 0.000 0.0950274 0.0749290 
-0.00252056 0.01103221 1.0374e+00 -9.210e+01 0.1699625 0.000 0.0950680 0.0748946 
-0.00252056 0.01152990 1.0408e+00 -9.211e+01 0.1699824 0.000 0.0950691 0.0749133 
-0.00252056 0.01202759 1.0447e+00 -9.206e+01 0.1699538 0.000 0.0950119 0.0749419 
-0.00252056 0.01252529 1.0484e+00 -9.207e+01 0.1699707 0.000 0.0949538 0.0750167 
-0.00252056 0.01302298 1.0523e+00 -9.202e+01 0.1699459 0.000 0.0950789 0.0748669 
-0.00252056 0.01352067 1.0561e+00 -9.202e+01 0.1699543 0.000 0.0951001 0.0748543 
-0.00252056 0.01401837 1.0601e+00 -9.199e+01 0.1699518 0.000 0.0950109 0.0749412 
-0.00264498 0.00207372 1.0103e+00 -9.162e+01 0.1698145 0.000 0.0945882 0.0752259 
-0.00264498 0.00257142 1.0090e+00 -9.171e+01 0.1698243 0.000 0.0948104 0.0750138 
-0.00264498 0.00306911 1.0084e+00 -9.174e+01 0.1698180 0.000 0.0948374 0.0749807 
-0.00264498 0.00356680 1.0079e+00 -9.180e+01 0.1698432 0.000 0.0948755 0.0749678 
-0.00264498 0.00406450 1.0078e+00 -9.181e+01 0.1698165 0.000 0.0948646 0.0749516 
-0.00264498 0.00456219 1.0079e+00 -9.186e+01 0.1698146 0.000 0.0949059 0.0749086 
-0.00264498 0.00505988 1.0084e+00 -9.187e+01 0.1698100 0.000 0.0948825 0.0749276 
-0.00264498 0.00555758 1.0091e+00 -9.189e+01 0.1698157 0.000 0.0948878 0.0749277 
-0.00264498 0.00605527 1.0100e+00 -9.193e+01 0.1698338 0.000 0.0949213 0.0749124 
-0.00264498 0.00655296 1.0115e+00 -9.192e+01 0.1698108 0.000 0.0949468 0.0748639 
-0.00189844 0.00605527 1.0283e+00 -9.219e+01 0.1699599 0.000 0.0950633 0.0748968 
-0.00189844 0.00655296 1.0317e+00 -9.205e+01 0.1699136 0.000 0.0948114 0.0751021 
-0.00189844 0.00705066 1.0337e+00 -9.216e+01 0.1699438 0.000 0.0950221 0.0749218 
-0.00189844 0.00754835 1.0364e+00 -9.221e+01 0.1699589 0.000 0.0950431 0.0749158 
-0.00189844 0.00804604 1.0393e+00 -9.226e+01 0.1699673 0.000 0.0950744 0.0748927 
-0.00189844 0.00854374 1.0423e+00 -9.231e+01 0.1699779 0.000 0.0950631 0.0749149 
-0.00189844 0.00904143 1.0459e+00 -9.229e+01 0.1699472 0.000 0.0950585 0.0748888 
-0.00189844 0.00953912 1.0496e+00 -9.228e+01 0.1699605 0.000 0.0951196 0.0748410 
-0.00264498 0.00705066 1.0129e+00 -9.196e+01 0.1698418 0.000 0.0949483 0.0748935 
-0.00264498 0.00754835 1.0145e+00 -9.200e+01 0.1698666 0.000 0.0949781 0.0748888 
-0.00264498 0.00804604 1.0176e+00 -9.185e+01 0.1698200 0.000 0.0947521 0.0750677 
-0.00264498 0.00854374 1.0198e+00 -9.187e+01 0.1698523 0.000 0.0947701 0.0750822 
-0.00264498 0.00904143 1.0218e+00 -9.195e+01 0.1698735 0.000 0.0950158 0.0748577 
-0.00264498 0.00953912 1.0240e+00 -9.206e+01 0.1699678 0.000 0.0950486 0.0749194 
-0.00264498 0.01003682 1.0269e+00 -9.208e+01 0.1699644 0.000 0.0950274 0.0749372 
-0.00264498 0.01053451 1.0299e+00 -9.210e+01 0.1699554 0.000 0.0950205 0.0749350 
-0.00264498 0.01103221 1.0334e+00 -9.203e+01 0.1699473 0.000 0.0950519 0.0748954 
-0.00264498 0.01152990 1.0366e+00 -9.206e+01 0.1699676 0.000 0.0950540 0.0749138 
-0.00264498 0.01202759 1.0403e+00 -9.204e+01 0.1699617 0.000 0.0950702 0.0748916 
-0.00264498 0.01252529 1.0441e+00 -9.202e+01 0.1699507 0.000 0.0950552 0.0748955 
-0.00264498 0.01302298 1.0476e+00 -9.203e+01 0.1699717 0.000 0.0950252 0.0749464 
-0.00264498 0.01352067 1.0517e+00 -9.196e+01 0.1699478 0.000 0.0950432 0.0749046 
-0.00264498 0.01401837 1.0554e+00 -9.197e+01 0.1699722 0.000 0.0951140 0.0748585 
-0.00276940 0.00207372 1.0094e+00 -9.167e+01 0.1698218 0.000 0.0947495 0.0750724 
-0.00276940 0.00257142 1.0081e+00 -9.173e+01 0.1698260 0.000 0.0948974 0.0749285 
-0.00276940 0.00306911 1.0080e+00 -9.165e+01 0.1698203 0.000 0.0946014 0.0752191 
-0.00276940 0.00356680 1.0069e+00 -9.174e+01 0.1698142 0.000 0.0948471 0.0749672 
-0.00276940 0.00406450 1.0067e+00 -9.177e+01 0.1698142 0.000 0.0948289 0.0749851 
-0.00276940 0.00456219 1.0064e+00 -9.182e+01 0.1698091 0.000 0.0948715 0.0749377 
-0.00276940 0.00505988 1.0066e+00 -9.186e+01 0.1698225 0.000 0.0949028 0.0749196 
-0.00276940 0.00555758 1.0072e+00 -9.186e+01 0.1698124 0.000 0.0948819 0.0749306 
-0.00276940 0.00605527 1.0083e+00 -9.183e+01 0.1698136 0.000 0.0947238 0.0750900 
-0.00276940 0.00655296 1.0094e+00 -9.186e+01 0.1698287 0.000 0.0947362 0.0750924 
-0.00276940 0.00705066 1.0104e+00 -9.193e+01 0.1698464 0.000 0.0948917 0.0749544 
-0.00276940 0.00754835 1.0121e+00 -9.191e+01 0.1698050 0.000 0.0949229 0.0748817 
-0.00276940 0.00804604 1.0135e+00 -9.200e+01 0.1698849 0.000 0.0949632 0.0749218 
-0.00276940 0.00854374 1.0165e+00 -9.186e+01 0.1698315 0.000 0.0948073 0.0750241 
-0.00276940 0.00904143 1.0192e+00 -9.182e+01 0.1698187 0.000 0.0947545 0.0750640 
-0.00276940 0.00953912 1.0210e+00 -9.195e+01 0.1698881 0.000 0.0950076 0.0748805 
-0.00276940 0.01003682 1.0235e+00 -9.199e+01 0.1699248 0.000 0.0950238 0.0749009 
-0.00276940 0.01053451 1.0261e+00 -9.207e+01 0.1699504 0.000 0.0950915 0.0748588 
-0.00276940 0.01103221 1.0292e+00 -9.208e+01 0.1699576 0.000 0.0950710 0.0748866 
-0.00276940 0.01152990 1.0328e+00 -9.202e+01 0.1699583 0.000 0.0950730 0.0748853 
-0.00276940 0.01202759 1.0362e+00 -9.202e+01 0.1699677 0.000 0.0950372 0.0749307 
-0.00276940 0.01252529 1.0397e+00 -9.200e+01 0.1699652 0.000 0.0950353 0.0749299 
-0.00276940 0.01302298 1.0432e+00 -9.201e+01 0.1699830 0.000 0.0950539 0.0749292 
-0.00276940 0.01352067 1.0472e+00 -9.196e+01 0.1699510 0.000 0.0949292 0.0750217 
-0.00276940 0.01401837 1.0511e+00 -9.191e+01 0.1699526 0.000 0.0950891 0.0748637 
-0.00289383 0.00207372 1.0092e+00 -9.164e+01 0.1698238 0.000 0.0947272 0.0750965 
-0.00289383 0.00257142 1.0083e+00 -9.160e+01 0.1698158 0.000 0.0945804 0.0752352 
-0.00289383 0.00306911 1.0069e+00 -9.170e+01 0.1698136 0.000 0.0948596 0.0749544 
-0.00289383 0.00356680 1.0061e+00 -9.173e+01 0.1698262 0.000 0.0948417 0.0749843 
-0.00289383 0.00406450 1.0056e+00 -9.175e+01 0.1698240 0.000 0.0948388 0.0749852 
-0.00289383 0.00456219 1.0055e+00 -9.176e+01 0.1698241 0.000 0.0947638 0.0750605 
-0.00289383 0.00505988 1.0053e+00 -9.182e+01 0.1698240 0.000 0.0948697 0.0749543 
-0.00289383 0.00555758 1.0058e+00 -9.181e+01 0.1698273 0.000 0.0947774 0.0750500 
-0.00289383 0.00605527 1.0065e+00 -9.179e+01 0.1698126 0.000 0.0947284 0.0750845 
-0.00289383 0.00655296 1.0074e+00 -9.182e+01 0.1698186 0.000 0.0947231 0.0750954 
-0.00289383 0.00705066 1.0086e+00 -9.182e+01 0.1697965 0.000 0.0947824 0.0750141 
-0.00289383 0.00754835 1.0099e+00 -9.186e+01 0.1698262 0.000 0.0947442 0.0750822 
-0.00289383 0.00804604 1.0114e+00 -9.189e+01 0.1697977 0.000 0.0949085 0.0748892 
-0.00289383 0.00854374 1.0130e+00 -9.195e+01 0.1698512 0.000 0.0949582 0.0748930 
-0.00289383 0.00904143 1.0151e+00 -9.197e+01 0.1698849 0.000 0.0949774 0.0749074 
-0.00289383 0.00953912 1.0184e+00 -9.182e+01 0.1698421 0.000 0.0947672 0.0750749 
-0.00289383 0.01003682 1.0210e+00 -9.184e+01 0.1698576 0.000 0.0947760 0.0750813 
-0.00289383 0.01053451 1.0230e+00 -9.196e+01 0.1699114 0.000 0.0949955 0.0749158 
-0.00289383 0.01103221 1.0255e+00 -9.206e+01 0.1699583 0.000 0.0950546 0.0749037 
-0.00289383 0.01152990 1.0287e+00 -9.205e+01 0.1699554 0.000 0.0950325 0.0749229 
-0.00289383 0.01202759 1.0323e+00 -9.199e+01 0.1699552 0.000 0.0950529 0.0749023 
-0.00289383 0.01252529 1.0355e+00 -9.201e+01 0.1699769 0.000 0.0950526 0.0749242 
-0.00289383 0.01302298 1.0393e+00 -9.197e+01 0.1699493 0.000 0.0950263 0.0749230 
-0.00289383 0.01352067 1.0428e+00 -9.197e+01 0.1699686 0.000 0.0950515 0.0749170 
-0.00289383 0.01401837 1.0467e+00 -9.194e+01 0.1699671 0.000 0.0949755 0.0749918 
-0.00301825 0.00207372 1.0093e+00 -9.162e+01 0.1698282 0.000 0.0947228 0.0751053 
-0.00301825 0.00257142 1.0077e+00 -9.167e+01 0.1698316 0.000 0.0948445 0.0749872 
-0.00301825 0.00306911 1.0067e+00 -9.166e+01 0.1698326 0.000 0.0947404 0.0750924 
-0.00301825 0.00356680 1.0057e+00 -9.168e+01 0.1698048 0.000 0.0948340 0.0749706 
-0.00301825 0.00406450 1.0037e+00 -9.192e+01 0.1698293 0.000 0.0953875 0.0744416 
-0.00301825 0.00456219 1.0043e+00 -9.177e+01 0.1698295 0.000 0.0948626 0.0749669 
-0.00301825 0.00505988 1.0043e+00 -9.176e+01 0.1698194 0.000 0.0947556 0.0750639 
-0.00301825 0.00555758 1.0045e+00 -9.177e+01 0.1698121 0.000 0.0947616 0.0750502 
-0.00301825 0.00605527 1.0049e+00 -9.179e+01 0.1698341 0.000 0.0947223 0.0751120 
-0.00301825 0.00655296 1.0057e+00 -9.179e+01 0.1698190 0.000 0.0947213 0.0750976 
-0.00301825 0.00705066 1.0065e+00 -9.182e+01 0.1698197 0.000 0.0947777 0.0750420 
-0.00301825 0.00754835 1.0077e+00 -9.182e+01 0.1698216 0.000 0.0947311 0.0750904 
-0.00301825 0.00804604 1.0089e+00 -9.189e+01 0.1698225 0.000 0.0949157 0.0749066 
-0.00301825 0.00854374 1.0106e+00 -9.190e+01 0.1698206 0.000 0.0949291 0.0748914 
-0.00301825 0.00904143 1.0129e+00 -9.186e+01 0.1698067 0.000 0.0948851 0.0749214 
-0.00189844 0.01003682 1.0533e+00 -9.228e+01 0.1699840 0.000 0.0951059 0.0748779 
-0.00189844 0.01053451 1.0576e+00 -9.221e+01 0.1699458 0.000 0.0950287 0.0749172 
-0.00189844 0.01103221 1.0614e+00 -9.223e+01 0.1699684 0.000 0.0949951 0.0749733 
-0.00189844 0.01152990 1.0652e+00 -9.225e+01 0.1699673 0.000 0.0950516 0.0749157 
-0.00189844 0.01202759 1.0694e+00 -9.220e+01 0.1699452 0.000 0.0950724 0.0748727 
-0.00189844 0.01252529 1.0737e+00 -9.217e+01 0.1699671 0.000 0.0950234 0.0749437 
-0.00189844 0.01302298 1.0778e+00 -9.215e+01 0.1699657 0.000 0.0950406 0.0749250 
-0.00189844 0.01352067 1.0820e+00 -9.212e+01 0.1699514 0.000 0.0950250 0.0749268 
-0.00301825 0.00953912 1.0146e+00 -9.195e+01 0.1698880 0.000 0.0949899 0.0748980 
-0.00301825 0.01003682 1.0181e+00 -9.179e+01 0.1698356 0.000 0.0947540 0.0750815 
-0.00301825 0.01053451 1.0206e+00 -9.181e+01 0.1698465 0.000 0.0947702 0.0750762 
-0.00301825 0.01103221 1.0227e+00 -9.193e+01 0.1698902 0.000 0.0949967 0.0748937 
-0.00301825 0.01152990 1.0253e+00 -9.201e+01 0.1699441 0.000 0.0950315 0.0749123 
-0.00301825 0.01202759 1.0282e+00 -9.204e+01 0.1699660 0.000 0.0950342 0.0749315 
-0.00301825 0.01252529 1.0318e+00 -9.198e+01 0.1699603 0.000 0.0951066 0.0748537 
-0.00301825 0.01302298 1.0352e+00 -9.198e+01 0.1699600 0.000 0.0950858 0.0748742 
-0.00301825 0.01352067 1.0388e+00 -9.196e+01 0.1699648 0.000 0.0950288 0.0749359 
-0.00301825 0.01401837 1.0424e+00 -9.193e+01 0.1699511 0.000 0.0950554 0.0748957 
-0.00314267 0.00207372 1.0097e+00 -9.160e+01 0.1698187 0.000 0.0947107 0.0751079 
-0.00314267 0.00257142 1.0083e+00 -9.159e+01 0.1698348 0.000 0.0945686 0.0752661 
-0.00314267 0.00306911 1.0072e+00 -9.156e+01 0.1698022 0.000 0.0945558 0.0752463 
-0.00314267 0.00356680 1.0055e+00 -9.166e+01 0.1698048 0.000 0.0948370 0.0749678 
-0.00314267 0.00406450 1.0033e+00 -9.190e+01 0.1698243 0.000 0.0953983 0.0744260 
-0.00314267 0.00456219 1.0038e+00 -9.172e+01 0.1698180 0.000 0.0948433 0.0749745 
-0.00314267 0.00505988 1.0033e+00 -9.176e+01 0.1698338 0.000 0.0948237 0.0750102 
-0.00314267 0.00555758 1.0034e+00 -9.176e+01 0.1698242 0.000 0.0947585 0.0750656 
-0.00314267 0.00605527 1.0033e+00 -9.181e+01 0.1698343 0.000 0.0948357 0.0749987 
-0.00314267 0.00655296 1.0039e+00 -9.180e+01 0.1698299 0.000 0.0947790 0.0750511 
-0.00314267 0.00705066 1.0047e+00 -9.181e+01 0.1698319 0.000 0.0947801 0.0750519 
-0.00314267 0.00754835 1.0058e+00 -9.181e+01 0.1698118 0.000 0.0947753 0.0750367 
-0.00314267 0.00804604 1.0070e+00 -9.183e+01 0.1698356 0.000 0.0947382 0.0750975 
-0.00314267 0.00854374 1.0081e+00 -9.191e+01 0.1698277 0.000 0.0949663 0.0748613 
-0.00314267 0.00904143 1.0102e+00 -9.187e+01 0.1698130 0.000 0.0948988 0.0749142 
-0.00314267 0.00953912 1.0123e+00 -9.187e+01 0.1698260 0.000 0.0949219 0.0749041 
-0.00314267 0.01003682 1.0142e+00 -9.193e+01 0.1698735 0.000 0.0950146 0.0748588 
-0.00314267 0.01053451 1.0177e+00 -9.176e+01 0.1698274 0.000 0.0947406 0.0750869 
-0.00314267 0.01103221 1.0200e+00 -9.184e+01 0.1698801 0.000 0.0947815 0.0750988 
-0.00314267 0.01152990 1.0223e+00 -9.193e+01 0.1698963 0.000 0.0950051 0.0748911 
-0.00314267 0.01202759 1.0249e+00 -9.200e+01 0.1699554 0.000 0.0950424 0.0749131 
-0.00314267 0.01252529 1.0280e+00 -9.201e+01 0.1699529 0.000 0.0950521 0.0749009 
-0.00314267 0.01302298 1.0315e+00 -9.195e+01 0.1699500 0.000 0.0950986 0.0748514 
-0.00314267 0.01352067 1.0350e+00 -9.194e+01 0.1699491 0.000 0.0950805 0.0748685 
-0.00314267 0.01401837 1.0384e+00 -9.194e+01 0.1699662 0.000 0.0950623 0.0749040 
-0.00326710 0.00207372 1.0103e+00 -9.159e+01 0.1698010 0.000 0.0946845 0.0751166 
-0.00326710 0.00257142 1.0085e+00 -9.162e+01 0.1698315 0.000 0.0946893 0.0751420 
-0.00326710 0.00306911 1.0067e+00 -9.165e+01 0.1698073 0.000 0.0948587 0.0749488 
-0.00326710 0.00356680 1.0055e+00 -9.165e+01 0.1698037 0.000 0.0948487 0.0749549 
-0.00326710 0.00406450 1.0035e+00 -9.183e+01 0.1698152 0.000 0.0952812 0.0745341 
-0.00326710 0.00456219 1.0037e+00 -9.167e+01 0.1698110 0.000 0.0947933 0.0750176 
-0.00326710 0.00505988 1.0031e+00 -9.170e+01 0.1697931 0.000 0.0948553 0.0749379 
-0.00326710 0.00555758 1.0026e+00 -9.174e+01 0.1698108 0.000 0.0948090 0.0750018 
-0.00326710 0.00605527 1.0025e+00 -9.177e+01 0.1698318 0.000 0.0948150 0.0750165 
-0.00326710 0.00655296 1.0031e+00 -9.171e+01 0.1698017 0.000 0.0946925 0.0751090 
-0.00326710 0.00705066 1.0034e+00 -9.178e+01 0.1698324 0.000 0.0947702 0.0750621 
-0.00326710 0.00754835 1.0044e+00 -9.176e+01 0.1698088 0.000 0.0947140 0.0750948 
-0.00326710 0.00804604 1.0054e+00 -9.178e+01 0.1698121 0.000 0.0947154 0.0750967 
-0.00326710 0.00854374 1.0066e+00 -9.182e+01 0.1698264 0.000 0.0947340 0.0750923 
-0.00326710 0.00904143 1.0082e+00 -9.182e+01 0.1698235 0.000 0.0947303 0.0750930 
-0.00326710 0.00953912 1.0103e+00 -9.180e+01 0.1698003 0.000 0.0947289 0.0750713 
-0.00326710 0.01003682 1.0121e+00 -9.185e+01 0.1698221 0.000 0.0949010 0.0749211 
-0.00326710 0.01053451 1.0139e+00 -9.193e+01 0.1699032 0.000 0.0949488 0.0749543 
-0.00326710 0.01103221 1.0175e+00 -9.176e+01 0.1698316 0.000 0.0947485 0.0750832 
-0.00326710 0.01152990 1.0197e+00 -9.183e+01 0.1698149 0.000 0.0949691 0.0748459 
-0.00326710 0.01202759 1.0222e+00 -9.190e+01 0.1698702 0.000 0.0950081 0.0748621 
-0.00326710 0.01252529 1.0248e+00 -9.197e+01 0.1699366 0.000 0.0950181 0.0749186 
-0.00326710 0.01302298 1.0278e+00 -9.200e+01 0.1699545 0.000 0.0950696 0.0748848 
-0.00326710 0.01352067 1.0315e+00 -9.191e+01 0.1699471 0.000 0.0950144 0.0749325 
-0.00326710 0.01401837 1.0347e+00 -9.194e+01 0.1699704 0.000 0.0950528 0.0749176 
-0.00339152 0.00207372 1.0109e+00 -9.163e+01 0.1698299 0.000 0.0946976 0.0751320 
-0.00339152 0.00257142 1.0090e+00 -9.163e+01 0.1698378 0.000 0.0946837 0.0751542 
-0.00339152 0.00306911 1.0074e+00 -9.163e+01 0.1698390 0.000 0.0946951 0.0751439 
-0.00339152 0.00356680 1.0049e+00 -9.181e+01 0.1698318 0.000 0.0952470 0.0745849 
-0.00339152 0.00406450 1.0032e+00 -9.189e+01 0.1698273 0.000 0.0954681 0.0743592 
-0.00339152 0.00456219 1.0032e+00 -9.172e+01 0.1698213 0.000 0.0949385 0.0748828 
-0.00339152 0.00505988 1.0022e+00 -9.178e+01 0.1698286 0.000 0.0950515 0.0747772 
-0.00339152 0.00555758 1.0020e+00 -9.175e+01 0.1698172 0.000 0.0949009 0.0749162 
-0.00339152 0.00605527 1.0019e+00 -9.174e+01 0.1698252 0.000 0.0948021 0.0750230 
-0.00339152 0.00655296 1.0021e+00 -9.174e+01 0.1698192 0.000 0.0947599 0.0750593 
-0.00339152 0.00705066 1.0023e+00 -9.176e+01 0.1698305 0.000 0.0947699 0.0750607 
-0.00339152 0.00754835 1.0031e+00 -9.173e+01 0.1698178 0.000 0.0947027 0.0751150 
-0.00339152 0.00804604 1.0039e+00 -9.176e+01 0.1698161 0.000 0.0947662 0.0750498 
-0.00339152 0.00854374 1.0050e+00 -9.178e+01 0.1698149 0.000 0.0947765 0.0750385 
-0.00339152 0.00904143 1.0063e+00 -9.181e+01 0.1698299 0.000 0.0947869 0.0750430 
-0.00339152 0.00953912 1.0080e+00 -9.180e+01 0.1698310 0.000 0.0947343 0.0750967 
-0.00339152 0.01003682 1.0102e+00 -9.177e+01 0.1698195 0.000 0.0947357 0.0750839 
-0.00339152 0.01053451 1.0119e+00 -9.183e+01 0.1698122 0.000 0.0949786 0.0748335 
-0.00339152 0.01103221 1.0140e+00 -9.187e+01 0.1698627 0.000 0.0949770 0.0748856 
-0.00339152 0.01152990 1.0175e+00 -9.173e+01 0.1698139 0.000 0.0947398 0.0750740 
-0.00189844 0.01401837 1.0860e+00 -9.210e+01 0.1699621 0.000 0.0950638 0.0748982 
-0.00202286 0.00207372 1.0168e+00 -9.178e+01 0.1698333 0.000 0.0949231 0.0749104 
-0.00202286 0.00257142 1.0170e+00 -9.180e+01 0.1698240 0.000 0.0949178 0.0749061 
-0.00202286 0.00306911 1.0175e+00 -9.182e+01 0.1698041 0.000 0.0949042 0.0748998 
-0.00202286 0.00356680 1.0183e+00 -9.183e+01 0.1697929 0.000 0.0949160 0.0748769 
-0.00202286 0.00406450 1.0192e+00 -9.187e+01 0.1697946 0.000 0.0949544 0.0748403 
-0.00202286 0.00456219 1.0202e+00 -9.193e+01 0.1698326 0.000 0.0949984 0.0748342 
-0.00202286 0.00505988 1.0215e+00 -9.198e+01 0.1698764 0.000 0.0950111 0.0748655 
-0.00339152 0.01202759 1.0196e+00 -9.183e+01 0.1698177 0.000 0.0950098 0.0748079 
-0.00339152 0.01252529 1.0220e+00 -9.190e+01 0.1698772 0.000 0.0950354 0.0748418 
-0.00339152 0.01302298 1.0247e+00 -9.197e+01 0.1699495 0.000 0.0950470 0.0749024 
-0.00339152 0.01352067 1.0278e+00 -9.196e+01 0.1699475 0.000 0.0950337 0.0749139 
-0.00339152 0.01401837 1.0314e+00 -9.190e+01 0.1699532 0.000 0.0950704 0.0748826 
-0.00351594 0.00207372 1.0108e+00 -9.185e+01 0.1699401 0.000 0.0947818 0.0751584 
-0.00351594 0.00257142 1.0099e+00 -9.165e+01 0.1698270 0.000 0.0946825 0.0751443 
-0.00351594 0.00306911 1.0082e+00 -9.163e+01 0.1698137 0.000 0.0946896 0.0751243 
-0.00351594 0.00356680 1.0064e+00 -9.165e+01 0.1698207 0.000 0.0947690 0.0750518 
-0.00351594 0.00406450 1.0052e+00 -9.162e+01 0.1698195 0.000 0.0947002 0.0751193 
-0.00351594 0.00456219 1.0039e+00 -9.165e+01 0.1698058 0.000 0.0947729 0.0750328 
-0.00351594 0.00505988 1.0029e+00 -9.168e+01 0.1698159 0.000 0.0948191 0.0749967 
-0.00351594 0.00555758 1.0021e+00 -9.169e+01 0.1698157 0.000 0.0948040 0.0750118 
-0.00351594 0.00605527 1.0015e+00 -9.173e+01 0.1698318 0.000 0.0948022 0.0750297 
-0.00351594 0.00655296 1.0014e+00 -9.174e+01 0.1698384 0.000 0.0947594 0.0750791 
-0.00351594 0.00705066 1.0016e+00 -9.173e+01 0.1698269 0.000 0.0947531 0.0750738 
-0.00351594 0.00754835 1.0012e+00 -9.187e+01 0.1698244 0.000 0.0951096 0.0747150 
-0.00351594 0.00804604 1.0027e+00 -9.174e+01 0.1698176 0.000 0.0947661 0.0750516 
-0.00351594 0.00854374 1.0035e+00 -9.178e+01 0.1698364 0.000 0.0947943 0.0750421 
-0.00351594 0.00904143 1.0049e+00 -9.175e+01 0.1698145 0.000 0.0947183 0.0750962 
-0.00351594 0.00953912 1.0064e+00 -9.175e+01 0.1698140 0.000 0.0947183 0.0750958 
-0.00351594 0.01003682 1.0078e+00 -9.181e+01 0.1698283 0.000 0.0948916 0.0749367 
-0.00351594 0.01053451 1.0102e+00 -9.174e+01 0.1698327 0.000 0.0947410 0.0750918 
-0.00351594 0.01103221 1.0120e+00 -9.180e+01 0.1698256 0.000 0.0949654 0.0748602 
-0.00351594 0.01152990 1.0140e+00 -9.188e+01 0.1698960 0.000 0.0949849 0.0749110 
-0.00351594 0.01202759 1.0174e+00 -9.173e+01 0.1698348 0.000 0.0947405 0.0750943 
-0.00351594 0.01252529 1.0197e+00 -9.180e+01 0.1698122 0.000 0.0949946 0.0748176 
-0.00351594 0.01302298 1.0223e+00 -9.186e+01 0.1698699 0.000 0.0949978 0.0748719 
-0.00351594 0.01352067 1.0247e+00 -9.196e+01 0.1699688 0.000 0.0950585 0.0749102 
-0.00351594 0.01401837 1.0278e+00 -9.196e+01 0.1699640 0.000 0.0950793 0.0748848 
-0.00364037 0.00207372 1.0118e+00 -9.192e+01 0.1699729 0.000 0.0948500 0.0751230 
-0.00364037 0.00257142 1.0097e+00 -9.190e+01 0.1699643 0.000 0.0947910 0.0751732 
-0.00364037 0.00306911 1.0090e+00 -9.168e+01 0.1698303 0.000 0.0947009 0.0751294 
-0.00364037 0.00356680 1.0072e+00 -9.167e+01 0.1698394 0.000 0.0946831 0.0751565 
-0.00364037 0.00406450 1.0057e+00 -9.165e+01 0.1698254 0.000 0.0947022 0.0751230 
-0.00364037 0.00456219 1.0033e+00 -9.182e+01 0.1698107 0.000 0.0952439 0.0745668 
-0.00364037 0.00505988 1.0030e+00 -9.169e+01 0.1698259 0.000 0.0948267 0.0749992 
-0.00364037 0.00555758 1.0018e+00 -9.175e+01 0.1698368 0.000 0.0949587 0.0748780 
-0.00364037 0.00605527 1.0015e+00 -9.170e+01 0.1698157 0.000 0.0948029 0.0750130 
-0.00364037 0.00655296 1.0007e+00 -9.179e+01 0.1698280 0.000 0.0948781 0.0749497 
-0.00364037 0.00705066 1.0005e+00 -9.182e+01 0.1698426 0.000 0.0949094 0.0749334 
-0.00364037 0.00754835 1.0014e+00 -9.172e+01 0.1698248 0.000 0.0947586 0.0750661 
-0.00364037 0.00804604 1.0019e+00 -9.172e+01 0.1698106 0.000 0.0947527 0.0750579 
-0.00364037 0.00854374 1.0025e+00 -9.174e+01 0.1698173 0.000 0.0947787 0.0750382 
-0.00364037 0.00904143 1.0036e+00 -9.174e+01 0.1698155 0.000 0.0947782 0.0750371 
-0.00364037 0.00953912 1.0049e+00 -9.174e+01 0.1698218 0.000 0.0947234 0.0750985 
-0.00364037 0.01003682 1.0065e+00 -9.173e+01 0.1698211 0.000 0.0947291 0.0750920 
-0.00364037 0.01053451 1.0085e+00 -9.170e+01 0.1698164 0.000 0.0947251 0.0750913 
-0.00364037 0.01103221 1.0101e+00 -9.175e+01 0.1698264 0.000 0.0949263 0.0749000 
-0.00364037 0.01152990 1.0125e+00 -9.173e+01 0.1698161 0.000 0.0949112 0.0749047 
-0.00364037 0.01202759 1.0145e+00 -9.181e+01 0.1698719 0.000 0.0949563 0.0749155 
-0.00364037 0.01252529 1.0177e+00 -9.170e+01 0.1698401 0.000 0.0947466 0.0750937 
-0.00364037 0.01302298 1.0199e+00 -9.180e+01 0.1698497 0.000 0.0949810 0.0748687 
-0.00364037 0.01352067 1.0224e+00 -9.186e+01 0.1698991 0.000 0.0950027 0.0748964 
-0.00364037 0.01401837 1.0251e+00 -9.192e+01 0.1699469 0.000 0.0950430 0.0749039 
-0.00376479 0.00207372 1.0141e+00 -9.182e+01 0.1699447 0.000 0.0947648 0.0751797 
-0.00376479 0.00257142 1.0111e+00 -9.191e+01 0.1699637 0.000 0.0948375 0.0751261 
-0.00376479 0.00306911 1.0091e+00 -9.189e+01 0.1699621 0.000 0.0947861 0.0751762 
-0.00376479 0.00356680 1.0084e+00 -9.166e+01 0.1698250 0.000 0.0946697 0.0751552 
-0.00376479 0.00406450 1.0066e+00 -9.166e+01 0.1698337 0.000 0.0946945 0.0751391 
-0.00376479 0.00456219 1.0053e+00 -9.163e+01 0.1698124 0.000 0.0946848 0.0751277 
-0.00376479 0.00505988 1.0037e+00 -9.168e+01 0.1698323 0.000 0.0947704 0.0750618 
-0.00376479 0.00555758 1.0024e+00 -9.172e+01 0.1698131 0.000 0.0949526 0.0748605 
-0.00376479 0.00605527 1.0018e+00 -9.169e+01 0.1698304 0.000 0.0947864 0.0750441 
-0.00376479 0.00655296 1.0012e+00 -9.170e+01 0.1698276 0.000 0.0947972 0.0750302 
-0.00376479 0.00705066 1.0006e+00 -9.176e+01 0.1698048 0.000 0.0949183 0.0748867 
-0.00376479 0.00754835 1.0004e+00 -9.179e+01 0.1698215 0.000 0.0949509 0.0748709 
-0.00376479 0.00804604 1.0014e+00 -9.169e+01 0.1698143 0.000 0.0947459 0.0750684 
-0.00376479 0.00854374 1.0020e+00 -9.169e+01 0.1698015 0.000 0.0947556 0.0750461 
-0.00376479 0.00904143 1.0027e+00 -9.172e+01 0.1698224 0.000 0.0947745 0.0750481 
-0.00376479 0.00953912 1.0037e+00 -9.173e+01 0.1698262 0.000 0.0947756 0.0750504 
-0.00376479 0.01003682 1.0053e+00 -9.169e+01 0.1698040 0.000 0.0947262 0.0750779 
-0.00376479 0.01053451 1.0067e+00 -9.172e+01 0.1698380 0.000 0.0947847 0.0750532 
-0.00376479 0.01103221 1.0090e+00 -9.165e+01 0.1698146 0.000 0.0947245 0.0750904 
-0.00376479 0.01152990 1.0111e+00 -9.164e+01 0.1698245 0.000 0.0947321 0.0750925 
-0.00376479 0.01202759 1.0127e+00 -9.174e+01 0.1698530 0.000 0.0949865 0.0748662 
-0.00376479 0.01252529 1.0158e+00 -9.163e+01 0.1698317 0.000 0.0947266 0.0751049 
-0.00376479 0.01302298 1.0182e+00 -9.167e+01 0.1698566 0.000 0.0947560 0.0751006 
-0.00376479 0.01352067 1.0205e+00 -9.173e+01 0.1698278 0.000 0.0949921 0.0748357 
-0.00376479 0.01401837 1.0229e+00 -9.182e+01 0.1699070 0.000 0.0950223 0.0748847 
-0.00202286 0.00555758 1.0230e+00 -9.205e+01 0.1699274 0.000 0.0950425 0.0748850 
-0.00202286 0.00605527 1.0247e+00 -9.212e+01 0.1699650 0.000 0.0950442 0.0749209 
-0.00202286 0.00655296 1.0269e+00 -9.216e+01 0.1699528 0.000 0.0950624 0.0748904 
-0.00202286 0.00705066 1.0292e+00 -9.219e+01 0.1699684 0.000 0.0950323 0.0749362 
-0.00202286 0.00754835 1.0323e+00 -9.215e+01 0.1699663 0.000 0.0950811 0.0748852 
-0.00202286 0.00804604 1.0353e+00 -9.214e+01 0.1699427 0.000 0.0950360 0.0749066 
-0.00202286 0.00854374 1.0381e+00 -9.222e+01 0.1699572 0.000 0.0950695 0.0748877 
-0.00202286 0.00904143 1.0411e+00 -9.226e+01 0.1699777 0.000 0.0950583 0.0749194 
-0.00388921 0.00207372 1.0160e+00 -9.184e+01 0.1699599 0.000 0.0947540 0.0752059 
-0.00388921 0.00257142 1.0130e+00 -9.191e+01 0.1699692 0.000 0.0947884 0.0751808 
-0.00388921 0.00306911 1.0106e+00 -9.191e+01 0.1699689 0.000 0.0947787 0.0751901 
-0.00388921 0.00356680 1.0087e+00 -9.188e+01 0.1699658 0.000 0.0947465 0.0752195 
-0.00388921 0.00406450 1.0080e+00 -9.166e+01 0.1698170 0.000 0.0946848 0.0751324 
-0.00388921 0.00456219 1.0063e+00 -9.166e+01 0.1698266 0.000 0.0947050 0.0751216 
-0.00388921 0.00505988 1.0046e+00 -9.169e+01 0.1698199 0.000 0.0948371 0.0749831 
-0.00388921 0.00555758 1.0029e+00 -9.176e+01 0.1698287 0.000 0.0950111 0.0748176 
-0.00388921 0.00605527 1.0027e+00 -9.163e+01 0.1698117 0.000 0.0947076 0.0751042 
-0.00388921 0.00655296 1.0016e+00 -9.168e+01 0.1698093 0.000 0.0948179 0.0749915 
-0.00388921 0.00705066 1.0011e+00 -9.169e+01 0.1698112 0.000 0.0948086 0.0750023 
-0.00388921 0.00754835 1.0007e+00 -9.173e+01 0.1697981 0.000 0.0948620 0.0749359 
-0.00388921 0.00804604 1.0009e+00 -9.171e+01 0.1698283 0.000 0.0948152 0.0750130 
-0.00388921 0.00854374 1.0008e+00 -9.178e+01 0.1698119 0.000 0.0950307 0.0747812 
-0.00388921 0.00904143 1.0021e+00 -9.167e+01 0.1698011 0.000 0.0947676 0.0750334 
-0.00388921 0.00953912 1.0028e+00 -9.171e+01 0.1698294 0.000 0.0947849 0.0750444 
-0.00388921 0.01003682 1.0040e+00 -9.171e+01 0.1698344 0.000 0.0947774 0.0750571 
-0.00388921 0.01053451 1.0057e+00 -9.166e+01 0.1698183 0.000 0.0947173 0.0751009 
-0.00388921 0.01103221 1.0074e+00 -9.164e+01 0.1698086 0.000 0.0947736 0.0750349 
-0.00388921 0.01152990 1.0098e+00 -9.156e+01 0.1697880 0.000 0.0946990 0.0750892 
-0.00388921 0.01202759 1.0114e+00 -9.164e+01 0.1698155 0.000 0.0949213 0.0748943 
-0.00388921 0.01252529 1.0131e+00 -9.174e+01 0.1699024 0.000 0.0949704 0.0749320 
-0.00388921 0.01302298 1.0167e+00 -9.154e+01 0.1697995 0.000 0.0947158 0.0750835 
-0.00388921 0.01352067 1.0187e+00 -9.164e+01 0.1698071 0.000 0.0949762 0.0748311 
-0.00388921 0.01401837 1.0211e+00 -9.170e+01 0.1698588 0.000 0.0949824 0.0748765 
-0.00401364 0.00207372 1.0183e+00 -9.183e+01 0.1699421 0.000 0.0947554 0.0751868 
-0.00401364 0.00257142 1.0154e+00 -9.186e+01 0.1699745 0.000 0.0947567 0.0752176 
-0.00401364 0.00306911 1.0126e+00 -9.191e+01 0.1699555 0.000 0.0947743 0.0751811 
-0.00401364 0.00356680 1.0102e+00 -9.192e+01 0.1699688 0.000 0.0947881 0.0751807 
-0.00401364 0.00406450 1.0083e+00 -9.188e+01 0.1699570 0.000 0.0947810 0.0751761 
-0.00401364 0.00456219 1.0077e+00 -9.165e+01 0.1698156 0.000 0.0946627 0.0751533 
-0.00401364 0.00505988 1.0059e+00 -9.168e+01 0.1698222 0.000 0.0947746 0.0750475 
-0.00401364 0.00555758 1.0047e+00 -9.164e+01 0.1698147 0.000 0.0946877 0.0751267 
-0.00401364 0.00605527 1.0023e+00 -9.182e+01 0.1698184 0.000 0.0952393 0.0745793 
-0.00401364 0.00655296 1.0020e+00 -9.171e+01 0.1698135 0.000 0.0949551 0.0748580 
-0.00401364 0.00705066 1.0016e+00 -9.168e+01 0.1698306 0.000 0.0947767 0.0750538 
-0.00401364 0.00754835 1.0011e+00 -9.169e+01 0.1698282 0.000 0.0948077 0.0750205 
-0.00401364 0.00804604 1.0010e+00 -9.168e+01 0.1698155 0.000 0.0948023 0.0750133 
-0.00401364 0.00854374 1.0007e+00 -9.177e+01 0.1698251 0.000 0.0950070 0.0748181 
-0.00401364 0.00904143 1.0012e+00 -9.176e+01 0.1698075 0.000 0.0949881 0.0748194 
-0.00401364 0.00953912 1.0024e+00 -9.168e+01 0.1698256 0.000 0.0947291 0.0750966 
-0.00401364 0.01003682 1.0032e+00 -9.169e+01 0.1698246 0.000 0.0947767 0.0750478 
-0.00401364 0.01053451 1.0044e+00 -9.169e+01 0.1698358 0.000 0.0947753 0.0750605 
-0.00401364 0.01103221 1.0064e+00 -9.162e+01 0.1698052 0.000 0.0947115 0.0750937 
-0.00401364 0.01152990 1.0081e+00 -9.161e+01 0.1698334 0.000 0.0947132 0.0751201 
-0.00401364 0.01202759 1.0102e+00 -9.157e+01 0.1698291 0.000 0.0947285 0.0751008 
-0.00401364 0.01252529 1.0121e+00 -9.161e+01 0.1698279 0.000 0.0948941 0.0749340 
-0.00401364 0.01302298 1.0139e+00 -9.169e+01 0.1698688 0.000 0.0950255 0.0748431 
-0.00401364 0.01352067 1.0174e+00 -9.151e+01 0.1698116 0.000 0.0947131 0.0750986 
-0.00401364 0.01401837 1.0197e+00 -9.157e+01 0.1698534 0.000 0.0947515 0.0751020 
-0.00413806 0.00207372 1.0210e+00 -9.180e+01 0.1699911 0.000 0.0947341 0.0752570 
-0.00413806 0.00257142 1.0179e+00 -9.185e+01 0.1699707 0.000 0.0947574 0.0752130 
-0.00413806 0.00306911 1.0152e+00 -9.186e+01 0.1699574 0.000 0.0948172 0.0751401 
-0.00413806 0.00356680 1.0122e+00 -9.194e+01 0.1699843 0.000 0.0947712 0.0752129 
-0.00413806 0.00406450 1.0102e+00 -9.188e+01 0.1699509 0.000 0.0947742 0.0751767 
-0.00413806 0.00456219 1.0082e+00 -9.188e+01 0.1699637 0.000 0.0947940 0.0751698 
-0.00413806 0.00505988 1.0076e+00 -9.164e+01 0.1698230 0.000 0.0946807 0.0751422 
-0.00413806 0.00555758 1.0060e+00 -9.164e+01 0.1698220 0.000 0.0947039 0.0751180 
-0.00413806 0.00605527 1.0044e+00 -9.165e+01 0.1698035 0.000 0.0948433 0.0749601 
-0.00413806 0.00655296 1.0036e+00 -9.161e+01 0.1698073 0.000 0.0947011 0.0751062 
-0.00413806 0.00705066 1.0021e+00 -9.171e+01 0.1698161 0.000 0.0950015 0.0748148 
-0.00413806 0.00754835 1.0018e+00 -9.166e+01 0.1698282 0.000 0.0948246 0.0750037 
-0.00413806 0.00804604 1.0015e+00 -9.166e+01 0.1698325 0.000 0.0947868 0.0750459 
-0.00413806 0.00854374 1.0014e+00 -9.165e+01 0.1698090 0.000 0.0948076 0.0750013 
-0.00413806 0.00904143 1.0016e+00 -9.166e+01 0.1698240 0.000 0.0947445 0.0750796 
-0.00413806 0.00953912 1.0020e+00 -9.167e+01 0.1698271 0.000 0.0947682 0.0750588 
-0.00413806 0.01003682 1.0028e+00 -9.168e+01 0.1698269 0.000 0.0947721 0.0750548 
-0.00413806 0.01053451 1.0038e+00 -9.168e+01 0.1698329 0.000 0.0947641 0.0750691 
-0.00413806 0.01103221 1.0054e+00 -9.163e+01 0.1698190 0.000 0.0946757 0.0751434 
-0.00413806 0.01152990 1.0067e+00 -9.166e+01 0.1698206 0.000 0.0948951 0.0749254 
-0.00413806 0.01202759 1.0086e+00 -9.162e+01 0.1698217 0.000 0.0949134 0.0749083 
-0.00413806 0.01252529 1.0108e+00 -9.157e+01 0.1697992 0.000 0.0949412 0.0748581 
-0.00413806 0.01302298 1.0128e+00 -9.159e+01 0.1698064 0.000 0.0949915 0.0748151 
-0.00413806 0.01352067 1.0148e+00 -9.165e+01 0.1698817 0.000 0.0949731 0.0749086 
-0.00413806 0.01401837 1.0181e+00 -9.151e+01 0.1698407 0.000 0.0947250 0.0751159 
-0.00426248 0.00207372 1.0241e+00 -9.175e+01 0.1699619 0.000 0.0947159 0.0752458 
-0.00426248 0.00257142 1.0207e+00 -9.183e+01 0.1699566 0.000 0.0948014 0.0751552 
-0.00426248 0.00306911 1.0179e+00 -9.182e+01 0.1699415 0.000 0.0947596 0.0751819 
-0.00426248 0.00356680 1.0151e+00 -9.184e+01 0.1699438 0.000 0.0947435 0.0752001 
-0.00426248 0.00406450 1.0123e+00 -9.191e+01 0.1699577 0.000 0.0947833 0.0751741 
-0.00202286 0.00953912 1.0445e+00 -9.229e+01 0.1699665 0.000 0.0950539 0.0749127 
-0.00202286 0.01003682 1.0481e+00 -9.229e+01 0.1699665 0.000 0.0950599 0.0749065 
-0.00202286 0.01053451 1.0523e+00 -9.221e+01 0.1699447 0.000 0.0951225 0.0748223 
-0.00202286 0.01103221 1.0561e+00 -9.222e+01 0.1699609 0.000 0.0950907 0.0748702 
-0.00202286 0.01152990 1.0598e+00 -9.225e+01 0.1699900 0.000 0.0950927 0.0748974 
-0.00202286 0.01202759 1.0639e+00 -9.221e+01 0.1699616 0.000 0.0950068 0.0749549 
-0.00202286 0.01252529 1.0679e+00 -9.220e+01 0.1699668 0.000 0.0950718 0.0748953 
-0.00202286 0.01302298 1.0722e+00 -9.215e+01 0.1699618 0.000 0.0950793 0.0748823 
-0.00426248 0.00456219 1.0100e+00 -9.190e+01 0.1699605 0.000 0.0948378 0.0751225 
-0.00426248 0.00505988 1.0081e+00 -9.187e+01 0.1699665 0.000 0.0948001 0.0751662 
-0.00426248 0.00555758 1.0076e+00 -9.163e+01 0.1698257 0.000 0.0946780 0.0751477 
-0.00426248 0.00605527 1.0059e+00 -9.165e+01 0.1698087 0.000 0.0948228 0.0749859 
-0.00426248 0.00655296 1.0049e+00 -9.161e+01 0.1698175 0.000 0.0946922 0.0751253 
-0.00426248 0.00705066 1.0035e+00 -9.165e+01 0.1698305 0.000 0.0948219 0.0750083 
-0.00426248 0.00754835 1.0028e+00 -9.163e+01 0.1698182 0.000 0.0948308 0.0749875 
-0.00426248 0.00804604 1.0018e+00 -9.170e+01 0.1698235 0.000 0.0950385 0.0747851 
-0.00426248 0.00854374 1.0019e+00 -9.164e+01 0.1698171 0.000 0.0948346 0.0749823 
-0.00426248 0.00904143 1.0018e+00 -9.165e+01 0.1698222 0.000 0.0948216 0.0750009 
-0.00426248 0.00953912 1.0022e+00 -9.164e+01 0.1698347 0.000 0.0947435 0.0750913 
-0.00426248 0.01003682 1.0022e+00 -9.173e+01 0.1698296 0.000 0.0949913 0.0748385 
-0.00426248 0.01053451 1.0036e+00 -9.163e+01 0.1698094 0.000 0.0947467 0.0750626 
-0.00426248 0.01103221 1.0048e+00 -9.162e+01 0.1698258 0.000 0.0947048 0.0751209 
-0.00426248 0.01152990 1.0060e+00 -9.162e+01 0.1698279 0.000 0.0947631 0.0750647 
-0.00426248 0.01202759 1.0081e+00 -9.154e+01 0.1698036 0.000 0.0947047 0.0750989 
-0.00426248 0.01252529 1.0097e+00 -9.156e+01 0.1698034 0.000 0.0948824 0.0749212 
-0.00426248 0.01302298 1.0117e+00 -9.155e+01 0.1697904 0.000 0.0949657 0.0748245 
-0.00426248 0.01352067 1.0134e+00 -9.162e+01 0.1698710 0.000 0.0949649 0.0749057 
-0.00426248 0.01401837 1.0166e+00 -9.147e+01 0.1698382 0.000 0.0947220 0.0751163 
-0.00438691 0.00207372 1.0271e+00 -9.176e+01 0.1699612 0.000 0.0947167 0.0752444 
-0.00438691 0.00257142 1.0239e+00 -9.178e+01 0.1699753 0.000 0.0947175 0.0752578 
-0.00438691 0.00306911 1.0206e+00 -9.185e+01 0.1699608 0.000 0.0947380 0.0752230 
-0.00438691 0.00356680 1.0177e+00 -9.186e+01 0.1699613 0.000 0.0947432 0.0752181 
-0.00438691 0.00406450 1.0150e+00 -9.186e+01 0.1699623 0.000 0.0947191 0.0752431 
-0.00438691 0.00456219 1.0124e+00 -9.191e+01 0.1699575 0.000 0.0947699 0.0751873 
-0.00438691 0.00505988 1.0103e+00 -9.187e+01 0.1699531 0.000 0.0947269 0.0752262 
-0.00438691 0.00555758 1.0083e+00 -9.187e+01 0.1699521 0.000 0.0948038 0.0751485 
-0.00438691 0.00605527 1.0077e+00 -9.165e+01 0.1698360 0.000 0.0947051 0.0751308 
-0.00438691 0.00655296 1.0064e+00 -9.162e+01 0.1698159 0.000 0.0947018 0.0751142 
-0.00438691 0.00705066 1.0050e+00 -9.163e+01 0.1697960 0.000 0.0948214 0.0749749 
-0.00438691 0.00754835 1.0038e+00 -9.166e+01 0.1698432 0.000 0.0948267 0.0750165 
-0.00438691 0.00804604 1.0033e+00 -9.161e+01 0.1698155 0.000 0.0948082 0.0750072 
-0.00438691 0.00854374 1.0028e+00 -9.161e+01 0.1698251 0.000 0.0948273 0.0749977 
-0.00438691 0.00904143 1.0025e+00 -9.163e+01 0.1698294 0.000 0.0948235 0.0750058 
-0.00438691 0.00953912 1.0024e+00 -9.165e+01 0.1698292 0.000 0.0948398 0.0749895 
-0.00438691 0.01003682 1.0018e+00 -9.180e+01 0.1698214 0.000 0.0952585 0.0745628 
-0.00438691 0.01053451 1.0033e+00 -9.167e+01 0.1698278 0.000 0.0948571 0.0749708 
-0.00438691 0.01103221 1.0043e+00 -9.164e+01 0.1698041 0.000 0.0948652 0.0749392 
-0.00438691 0.01152990 1.0055e+00 -9.163e+01 0.1698055 0.000 0.0948792 0.0749265 
-0.00438691 0.01202759 1.0071e+00 -9.160e+01 0.1698062 0.000 0.0948401 0.0749661 
-0.00438691 0.01252529 1.0086e+00 -9.159e+01 0.1698125 0.000 0.0949498 0.0748626 
-0.00438691 0.01302298 1.0105e+00 -9.157e+01 0.1698286 0.000 0.0949202 0.0749082 
-0.00438691 0.01352067 1.0124e+00 -9.158e+01 0.1698498 0.000 0.0949438 0.0749059 
-0.00438691 0.01401837 1.0146e+00 -9.159e+01 0.1698677 0.000 0.0949678 0.0748999 
-0.00451133 0.00207372 1.0302e+00 -9.181e+01 0.1699779 0.000 0.0947033 0.0752750 
-0.00451133 0.00257142 1.0270e+00 -9.180e+01 0.1699679 0.000 0.0947316 0.0752364 
-0.00451133 0.00306911 1.0239e+00 -9.180e+01 0.1699550 0.000 0.0947180 0.0752369 
-0.00451133 0.00356680 1.0205e+00 -9.188e+01 0.1699623 0.000 0.0947476 0.0752149 
-0.00451133 0.00406450 1.0178e+00 -9.186e+01 0.1699398 0.000 0.0947226 0.0752170 
-0.00451133 0.00456219 1.0151e+00 -9.187e+01 0.1699477 0.000 0.0947584 0.0751893 
-0.00451133 0.00505988 1.0123e+00 -9.193e+01 0.1699647 0.000 0.0947826 0.0751821 
-0.00451133 0.00555758 1.0103e+00 -9.190e+01 0.1699517 0.000 0.0947980 0.0751532 
-0.00451133 0.00605527 1.0084e+00 -9.189e+01 0.1699611 0.000 0.0948086 0.0751525 
-0.00451133 0.00655296 1.0081e+00 -9.164e+01 0.1698249 0.000 0.0946747 0.0751502 
-0.00451133 0.00705066 1.0063e+00 -9.168e+01 0.1698343 0.000 0.0948395 0.0749947 
-0.00451133 0.00754835 1.0053e+00 -9.164e+01 0.1698075 0.000 0.0948121 0.0749954 
-0.00451133 0.00804604 1.0032e+00 -9.182e+01 0.1698359 0.000 0.0953232 0.0745127 
-0.00451133 0.00854374 1.0039e+00 -9.161e+01 0.1698267 0.000 0.0948078 0.0750189 
-0.00451133 0.00904143 1.0034e+00 -9.161e+01 0.1698256 0.000 0.0948135 0.0750123 
-0.00451133 0.00953912 1.0030e+00 -9.166e+01 0.1698411 0.000 0.0948908 0.0749505 
-0.00451133 0.01003682 1.0033e+00 -9.164e+01 0.1698338 0.000 0.0948035 0.0750301 
-0.00451133 0.01053451 1.0035e+00 -9.165e+01 0.1698190 0.000 0.0948505 0.0749684 
-0.00451133 0.01103221 1.0042e+00 -9.166e+01 0.1698098 0.000 0.0948737 0.0749362 
-0.00451133 0.01152990 1.0052e+00 -9.163e+01 0.1698003 0.000 0.0948768 0.0749236 
-0.00451133 0.01202759 1.0064e+00 -9.163e+01 0.1698115 0.000 0.0948889 0.0749225 
-0.00451133 0.01252529 1.0079e+00 -9.160e+01 0.1698343 0.000 0.0948648 0.0749694 
-0.00451133 0.01302298 1.0098e+00 -9.156e+01 0.1698285 0.000 0.0948685 0.0749600 
-0.00451133 0.01352067 1.0117e+00 -9.154e+01 0.1698239 0.000 0.0948889 0.0749352 
-0.00451133 0.01401837 1.0134e+00 -9.159e+01 0.1698626 0.000 0.0950066 0.0748562 
-0.00463575 0.00207372 1.0338e+00 -9.180e+01 0.1699390 0.000 0.0948437 0.0750955 
-0.00463575 0.00257142 1.0304e+00 -9.182e+01 0.1699576 0.000 0.0948239 0.0751338 
-0.00463575 0.00306911 1.0271e+00 -9.184e+01 0.1699872 0.000 0.0947343 0.0752529 
-0.00463575 0.00356680 1.0240e+00 -9.183e+01 0.1699646 0.000 0.0947236 0.0752410 
-0.00463575 0.00406450 1.0211e+00 -9.182e+01 0.1699250 0.000 0.0947722 0.0751529 
-0.00463575 0.00456219 1.0179e+00 -9.190e+01 0.1699518 0.000 0.0947482 0.0752036 
-0.00463575 0.00505988 1.0152e+00 -9.190e+01 0.1699679 0.000 0.0947801 0.0751878 
-0.00463575 0.00555758 1.0126e+00 -9.194e+01 0.1699605 0.000 0.0947908 0.0751703 
-0.00463575 0.00605527 1.0105e+00 -9.193e+01 0.1699712 0.000 0.0948060 0.0751652 
-0.00463575 0.00655296 1.0088e+00 -9.189e+01 0.1699510 0.000 0.0948007 0.0751502 
-0.00202286 0.01352067 1.0763e+00 -9.212e+01 0.1699607 0.000 0.0950386 0.0749221 
-0.00202286 0.01401837 1.0802e+00 -9.212e+01 0.1699716 0.000 0.0951295 0.0748419 
-0.00214728 0.00207372 1.0144e+00 -9.184e+01 0.1698713 0.000 0.0949471 0.0749241 
-0.00214728 0.00257142 1.0143e+00 -9.187e+01 0.1698657 0.000 0.0949479 0.0749177 
-0.00214728 0.00306911 1.0144e+00 -9.192e+01 0.1698763 0.000 0.0949552 0.0749209 
-0.00214728 0.00356680 1.0148e+00 -9.197e+01 0.1698900 0.000 0.0949643 0.0749258 
-0.00214728 0.00406450 1.0155e+00 -9.200e+01 0.1699096 0.000 0.0949828 0.0749266 
-0.00214728 0.00456219 1.0175e+00 -9.186e+01 0.1698497 0.000 0.0947573 0.0750925 
-0.00463575 0.00705066 1.0082e+00 -9.169e+01 0.1698240 0.000 0.0948380 0.0749859 
-0.00463575 0.00754835 1.0071e+00 -9.164e+01 0.1698033 0.000 0.0947941 0.0750091 
-0.00463575 0.00804604 1.0058e+00 -9.165e+01 0.1698170 0.000 0.0948514 0.0749657 
-0.00463575 0.00854374 1.0050e+00 -9.165e+01 0.1698432 0.000 0.0948561 0.0749871 
-0.00463575 0.00904143 1.0048e+00 -9.158e+01 0.1698145 0.000 0.0947817 0.0750329 
-0.00463575 0.00953912 1.0042e+00 -9.160e+01 0.1698209 0.000 0.0948217 0.0749991 
-0.00463575 0.01003682 1.0041e+00 -9.162e+01 0.1698261 0.000 0.0947980 0.0750283 
-0.00463575 0.01053451 1.0041e+00 -9.164e+01 0.1698152 0.000 0.0948624 0.0749525 
-0.00463575 0.01103221 1.0046e+00 -9.164e+01 0.1698144 0.000 0.0948177 0.0749970 
-0.00463575 0.01152990 1.0053e+00 -9.164e+01 0.1698116 0.000 0.0948317 0.0749798 
-0.00463575 0.01202759 1.0062e+00 -9.165e+01 0.1698211 0.000 0.0948862 0.0749349 
-0.00463575 0.01252529 1.0075e+00 -9.163e+01 0.1698252 0.000 0.0949202 0.0749049 
-0.00463575 0.01302298 1.0091e+00 -9.159e+01 0.1698311 0.000 0.0948962 0.0749349 
-0.00463575 0.01352067 1.0110e+00 -9.154e+01 0.1698123 0.000 0.0949084 0.0749038 
-0.00463575 0.01401837 1.0126e+00 -9.159e+01 0.1698521 0.000 0.0949896 0.0748623 
-0.00476018 0.00207372 1.0381e+00 -9.174e+01 0.1699521 0.000 0.0946865 0.0752655 
-0.00476018 0.00257142 1.0339e+00 -9.185e+01 0.1699734 0.000 0.0948959 0.0750774 
-0.00476018 0.00306911 1.0312e+00 -9.174e+01 0.1698698 0.000 0.0948541 0.0750156 
-0.00476018 0.00356680 1.0275e+00 -9.182e+01 0.1699476 0.000 0.0947385 0.0752094 
-0.00476018 0.00406450 1.0241e+00 -9.187e+01 0.1699669 0.000 0.0947985 0.0751683 
-0.00476018 0.00456219 1.0211e+00 -9.189e+01 0.1699799 0.000 0.0947471 0.0752331 
-0.00476018 0.00505988 1.0181e+00 -9.193e+01 0.1699769 0.000 0.0947761 0.0752008 
-0.00476018 0.00555758 1.0158e+00 -9.187e+01 0.1699445 0.000 0.0947522 0.0751923 
-0.00476018 0.00605527 1.0134e+00 -9.188e+01 0.1699503 0.000 0.0947753 0.0751749 
-0.00476018 0.00655296 1.0111e+00 -9.192e+01 0.1699664 0.000 0.0948082 0.0751582 
-0.00476018 0.00705066 1.0095e+00 -9.188e+01 0.1699606 0.000 0.0947558 0.0752047 
-0.00476018 0.00754835 1.0090e+00 -9.166e+01 0.1698386 0.000 0.0947184 0.0751204 
-0.00476018 0.00804604 1.0075e+00 -9.169e+01 0.1698384 0.000 0.0948970 0.0749413 
-0.00476018 0.00854374 1.0067e+00 -9.162e+01 0.1698231 0.000 0.0948294 0.0749939 
-0.00476018 0.00904143 1.0062e+00 -9.157e+01 0.1698035 0.000 0.0948253 0.0749784 
-0.00476018 0.00953912 1.0057e+00 -9.157e+01 0.1698184 0.000 0.0948052 0.0750132 
-0.00476018 0.01003682 1.0053e+00 -9.157e+01 0.1698148 0.000 0.0948177 0.0749973 
-0.00476018 0.01053451 1.0052e+00 -9.160e+01 0.1698093 0.000 0.0948670 0.0749422 
-0.00476018 0.01103221 1.0054e+00 -9.160e+01 0.1698124 0.000 0.0948180 0.0749943 
-0.00476018 0.01152990 1.0056e+00 -9.165e+01 0.1698211 0.000 0.0948945 0.0749267 
-0.00476018 0.01202759 1.0065e+00 -9.163e+01 0.1698216 0.000 0.0948616 0.0749602 
-0.00476018 0.01252529 1.0074e+00 -9.163e+01 0.1698304 0.000 0.0949176 0.0749128 
-0.00476018 0.01302298 1.0089e+00 -9.160e+01 0.1698134 0.000 0.0949686 0.0748447 
-0.00476018 0.01352067 1.0105e+00 -9.158e+01 0.1698320 0.000 0.0949619 0.0748700 
-0.00476018 0.01401837 1.0123e+00 -9.155e+01 0.1698370 0.000 0.0949333 0.0749039 
-0.00488460 0.00207372 1.0417e+00 -9.180e+01 0.1699805 0.000 0.0948662 0.0751143 
-0.00488460 0.00257142 1.0383e+00 -9.178e+01 0.1699644 0.000 0.0947103 0.0752541 
-0.00488460 0.00306911 1.0346e+00 -9.183e+01 0.1699539 0.000 0.0947792 0.0751746 
-0.00488460 0.00356680 1.0312e+00 -9.182e+01 0.1699305 0.000 0.0948677 0.0750627 
-0.00488460 0.00406450 1.0278e+00 -9.185e+01 0.1699661 0.000 0.0947283 0.0752377 
-0.00488460 0.00456219 1.0246e+00 -9.188e+01 0.1699622 0.000 0.0947329 0.0752291 
-0.00488460 0.00505988 1.0217e+00 -9.187e+01 0.1699465 0.000 0.0947336 0.0752130 
-0.00488460 0.00555758 1.0185e+00 -9.194e+01 0.1699771 0.000 0.0947840 0.0751931 
-0.00488460 0.00605527 1.0163e+00 -9.190e+01 0.1699597 0.000 0.0947710 0.0751890 
-0.00488460 0.00655296 1.0139e+00 -9.190e+01 0.1699538 0.000 0.0948290 0.0751247 
-0.00488460 0.00705066 1.0116e+00 -9.195e+01 0.1699795 0.000 0.0948080 0.0751713 
-0.00488460 0.00754835 1.0102e+00 -9.187e+01 0.1699458 0.000 0.0947904 0.0751553 
-0.00488460 0.00804604 1.0096e+00 -9.169e+01 0.1698355 0.000 0.0948702 0.0749654 
-0.00488460 0.00854374 1.0084e+00 -9.167e+01 0.1698332 0.000 0.0949077 0.0749255 
-0.00488460 0.00904143 1.0080e+00 -9.156e+01 0.1698182 0.000 0.0947137 0.0751044 
-0.00488460 0.00953912 1.0070e+00 -9.158e+01 0.1698222 0.000 0.0948995 0.0749227 
-0.00488460 0.01003682 1.0067e+00 -9.156e+01 0.1698302 0.000 0.0948180 0.0750123 
-0.00488460 0.01053451 1.0063e+00 -9.158e+01 0.1698275 0.000 0.0948732 0.0749544 
-0.00488460 0.01103221 1.0064e+00 -9.159e+01 0.1698247 0.000 0.0948553 0.0749697 
-0.00488460 0.01152990 1.0064e+00 -9.162e+01 0.1698360 0.000 0.0948950 0.0749408 
-0.00488460 0.01202759 1.0072e+00 -9.160e+01 0.1698174 0.000 0.0948530 0.0749646 
-0.00488460 0.01252529 1.0078e+00 -9.162e+01 0.1698378 0.000 0.0948922 0.0749456 
-0.00488460 0.01302298 1.0090e+00 -9.158e+01 0.1698228 0.000 0.0949131 0.0749096 
-0.00488460 0.01352067 1.0107e+00 -9.151e+01 0.1697865 0.000 0.0948762 0.0749105 
-0.00488460 0.01401837 1.0121e+00 -9.152e+01 0.1698209 0.000 0.0949059 0.0749148 
-0.00500902 0.00207372 1.0460e+00 -9.179e+01 0.1699497 0.000 0.0948690 0.0750807 
-0.00500902 0.00257142 1.0423e+00 -9.181e+01 0.1699537 0.000 0.0949094 0.0750444 
-0.00500902 0.00306911 1.0389e+00 -9.179e+01 0.1699538 0.000 0.0946966 0.0752573 
-0.00500902 0.00356680 1.0348e+00 -9.189e+01 0.1699770 0.000 0.0949064 0.0750704 
-0.00500902 0.00406450 1.0318e+00 -9.181e+01 0.1699005 0.000 0.0949061 0.0749946 
-0.00500902 0.00456219 1.0284e+00 -9.187e+01 0.1699556 0.000 0.0947310 0.0752244 
-0.00500902 0.00505988 1.0250e+00 -9.191e+01 0.1699629 0.000 0.0947855 0.0751773 
-0.00500902 0.00555758 1.0222e+00 -9.189e+01 0.1699723 0.000 0.0947384 0.0752340 
-0.00500902 0.00605527 1.0193e+00 -9.193e+01 0.1699614 0.000 0.0948191 0.0751423 
-0.00500902 0.00655296 1.0169e+00 -9.190e+01 0.1699554 0.000 0.0947739 0.0751814 
-0.00500902 0.00705066 1.0148e+00 -9.189e+01 0.1699463 0.000 0.0948196 0.0751267 
-0.00500902 0.00754835 1.0125e+00 -9.192e+01 0.1699511 0.000 0.0947996 0.0751512 
-0.00500902 0.00804604 1.0109e+00 -9.189e+01 0.1699705 0.000 0.0947844 0.0751860 
-0.00500902 0.00854374 1.0106e+00 -9.168e+01 0.1698305 0.000 0.0948439 0.0749866 
-0.00500902 0.00904143 1.0096e+00 -9.162e+01 0.1698135 0.000 0.0948639 0.0749496 
-0.00214728 0.00505988 1.0191e+00 -9.183e+01 0.1698157 0.000 0.0947430 0.0750727 
-0.00214728 0.00555758 1.0205e+00 -9.188e+01 0.1698529 0.000 0.0947625 0.0750903 
-0.00214728 0.00605527 1.0217e+00 -9.200e+01 0.1698934 0.000 0.0949944 0.0748991 
-0.00214728 0.00655296 1.0235e+00 -9.207e+01 0.1699279 0.000 0.0950210 0.0749070 
-0.00214728 0.00705066 1.0255e+00 -9.213e+01 0.1699650 0.000 0.0950542 0.0749109 
-0.00214728 0.00754835 1.0280e+00 -9.216e+01 0.1699589 0.000 0.0950604 0.0748985 
-0.00214728 0.00804604 1.0316e+00 -9.204e+01 0.1699493 0.000 0.0948326 0.0751168 
-0.00214728 0.00854374 1.0339e+00 -9.214e+01 0.1699607 0.000 0.0950582 0.0749024 
-0.00500902 0.00953912 1.0088e+00 -9.159e+01 0.1698333 0.000 0.0948856 0.0749475 
-0.00500902 0.01003682 1.0084e+00 -9.156e+01 0.1698191 0.000 0.0948912 0.0749278 
-0.00500902 0.01053451 1.0080e+00 -9.153e+01 0.1698159 0.000 0.0948543 0.0749615 
-0.00500902 0.01103221 1.0075e+00 -9.159e+01 0.1698383 0.000 0.0949370 0.0749013 
-0.00500902 0.01152990 1.0078e+00 -9.156e+01 0.1698150 0.000 0.0948921 0.0749226 
-0.00500902 0.01202759 1.0081e+00 -9.156e+01 0.1698123 0.000 0.0948494 0.0749630 
-0.00500902 0.01252529 1.0085e+00 -9.159e+01 0.1698281 0.000 0.0949013 0.0749268 
-0.00500902 0.01302298 1.0096e+00 -9.155e+01 0.1698169 0.000 0.0948775 0.0749393 
-0.00500902 0.01352067 1.0107e+00 -9.155e+01 0.1698211 0.000 0.0949130 0.0749081 
-0.00500902 0.01401837 1.0123e+00 -9.150e+01 0.1697880 0.000 0.0949564 0.0748317 
-0.00513345 0.00207372 1.0507e+00 -9.176e+01 0.1699427 0.000 0.0948305 0.0751121 
-0.00513345 0.00257142 1.0467e+00 -9.180e+01 0.1699588 0.000 0.0949421 0.0750169 
-0.00513345 0.00306911 1.0430e+00 -9.181e+01 0.1699504 0.000 0.0948716 0.0750789 
-0.00513345 0.00356680 1.0397e+00 -9.177e+01 0.1699422 0.000 0.0947128 0.0752295 
-0.00513345 0.00406450 1.0356e+00 -9.187e+01 0.1699561 0.000 0.0949144 0.0750417 
-0.00513345 0.00456219 1.0324e+00 -9.185e+01 0.1699638 0.000 0.0947174 0.0752464 
-0.00513345 0.00505988 1.0289e+00 -9.190e+01 0.1699632 0.000 0.0948157 0.0751474 
-0.00513345 0.00555758 1.0259e+00 -9.189e+01 0.1699600 0.000 0.0947390 0.0752211 
-0.00513345 0.00605527 1.0231e+00 -9.187e+01 0.1699502 0.000 0.0947457 0.0752044 
-0.00513345 0.00655296 1.0202e+00 -9.192e+01 0.1699557 0.000 0.0947725 0.0751831 
-0.00513345 0.00705066 1.0176e+00 -9.193e+01 0.1699698 0.000 0.0948497 0.0751200 
-0.00513345 0.00754835 1.0157e+00 -9.189e+01 0.1699619 0.000 0.0947475 0.0752143 
-0.00513345 0.00804604 1.0136e+00 -9.191e+01 0.1699965 0.000 0.0948088 0.0751876 
-0.00513345 0.00854374 1.0120e+00 -9.187e+01 0.1699525 0.000 0.0947996 0.0751530 
-0.00513345 0.00904143 1.0117e+00 -9.168e+01 0.1698868 0.000 0.0947269 0.0751598 
-0.00513345 0.00953912 1.0110e+00 -9.157e+01 0.1697935 0.000 0.0948706 0.0749228 
-0.00513345 0.01003682 1.0101e+00 -9.157e+01 0.1698265 0.000 0.0949261 0.0749003 
-0.00513345 0.01053451 1.0096e+00 -9.155e+01 0.1698383 0.000 0.0949021 0.0749362 
-0.00513345 0.01103221 1.0093e+00 -9.154e+01 0.1698381 0.000 0.0948851 0.0749529 
-0.00513345 0.01152990 1.0091e+00 -9.155e+01 0.1698321 0.000 0.0949465 0.0748857 
-0.00513345 0.01202759 1.0092e+00 -9.155e+01 0.1698336 0.000 0.0948986 0.0749352 
-0.00513345 0.01252529 1.0096e+00 -9.155e+01 0.1698295 0.000 0.0949068 0.0749230 
-0.00513345 0.01302298 1.0103e+00 -9.155e+01 0.1698248 0.000 0.0949423 0.0748824 
-0.00513345 0.01352067 1.0114e+00 -9.151e+01 0.1698130 0.000 0.0949199 0.0748930 
-0.00513345 0.01401837 1.0122e+00 -9.155e+01 0.1698741 0.000 0.0949304 0.0749435 
-0.00525787 0.00207372 1.0554e+00 -9.176e+01 0.1699403 0.000 0.0949633 0.0749768 
-0.00525787 0.00257142 1.0511e+00 -9.184e+01 0.1699606 0.000 0.0951321 0.0748285 
-0.00525787 0.00306911 1.0474e+00 -9.184e+01 0.1699725 0.000 0.0949678 0.0750047 
-0.00525787 0.00356680 1.0437e+00 -9.182e+01 0.1699540 0.000 0.0949806 0.0749732 
-0.00525787 0.00406450 1.0403e+00 -9.180e+01 0.1699793 0.000 0.0947531 0.0752262 
-0.00525787 0.00456219 1.0367e+00 -9.182e+01 0.1699453 0.000 0.0947788 0.0751666 
-0.00525787 0.00505988 1.0330e+00 -9.188e+01 0.1699560 0.000 0.0949635 0.0749924 
-0.00525787 0.00555758 1.0298e+00 -9.188e+01 0.1699613 0.000 0.0947413 0.0752199 
-0.00525787 0.00605527 1.0269e+00 -9.186e+01 0.1699509 0.000 0.0947265 0.0752244 
-0.00525787 0.00655296 1.0240e+00 -9.187e+01 0.1699614 0.000 0.0947593 0.0752021 
-0.00525787 0.00705066 1.0214e+00 -9.187e+01 0.1699757 0.000 0.0947572 0.0752186 
-0.00525787 0.00754835 1.0188e+00 -9.190e+01 0.1699593 0.000 0.0947867 0.0751726 
-0.00525787 0.00804604 1.0167e+00 -9.188e+01 0.1699688 0.000 0.0947375 0.0752314 
-0.00525787 0.00854374 1.0150e+00 -9.184e+01 0.1699428 0.000 0.0948019 0.0751405 
-0.00525787 0.00904143 1.0143e+00 -9.167e+01 0.1698338 0.000 0.0949191 0.0749149 
-0.00525787 0.00953912 1.0124e+00 -9.175e+01 0.1699026 0.000 0.0949844 0.0749185 
-0.00525787 0.01003682 1.0122e+00 -9.159e+01 0.1698138 0.000 0.0949264 0.0748873 
-0.00525787 0.01053451 1.0118e+00 -9.151e+01 0.1697941 0.000 0.0948930 0.0749007 
-0.00525787 0.01103221 1.0113e+00 -9.150e+01 0.1698041 0.000 0.0948961 0.0749080 
-0.00525787 0.01152990 1.0111e+00 -9.148e+01 0.1697978 0.000 0.0948904 0.0749072 
-0.00525787 0.01202759 1.0110e+00 -9.149e+01 0.1698034 0.000 0.0948960 0.0749074 
-0.00525787 0.01252529 1.0109e+00 -9.155e+01 0.1698422 0.000 0.0949649 0.0748773 
-0.00525787 0.01302298 1.0114e+00 -9.152e+01 0.1698120 0.000 0.0949716 0.0748405 
-0.00525787 0.01352067 1.0124e+00 -9.147e+01 0.1698004 0.000 0.0949140 0.0748863 
-0.00525787 0.01401837 1.0130e+00 -9.152e+01 0.1698579 0.000 0.0949639 0.0748941 
-0.00538229 0.00207372 1.0603e+00 -9.176e+01 0.1699551 0.000 0.0948521 0.0751032 
-0.00538229 0.00257142 1.0563e+00 -9.178e+01 0.1699557 0.000 0.0948908 0.0750648 
-0.00538229 0.00306911 1.0522e+00 -9.182e+01 0.1699575 0.000 0.0950248 0.0749329 
-0.00538229 0.00356680 1.0487e+00 -9.178e+01 0.1699532 0.000 0.0947288 0.0752243 
-0.00538229 0.00406450 1.0448e+00 -9.180e+01 0.1699495 0.000 0.0949633 0.0749860 
-0.00538229 0.00456219 1.0415e+00 -9.175e+01 0.1699488 0.000 0.0947068 0.0752419 
-0.00538229 0.00505988 1.0374e+00 -9.185e+01 0.1699620 0.000 0.0948660 0.0750958 
-0.00538229 0.00555758 1.0339e+00 -9.188e+01 0.1699683 0.000 0.0948771 0.0750911 
-0.00538229 0.00605527 1.0309e+00 -9.185e+01 0.1699572 0.000 0.0947455 0.0752116 
-0.00538229 0.00655296 1.0280e+00 -9.184e+01 0.1699423 0.000 0.0947500 0.0751923 
-0.00538229 0.00705066 1.0252e+00 -9.184e+01 0.1699593 0.000 0.0947577 0.0752014 
-0.00538229 0.00754835 1.0226e+00 -9.184e+01 0.1699603 0.000 0.0948126 0.0751478 
-0.00538229 0.00804604 1.0199e+00 -9.190e+01 0.1699587 0.000 0.0948666 0.0750918 
-0.00538229 0.00854374 1.0179e+00 -9.188e+01 0.1699728 0.000 0.0948132 0.0751595 
-0.00538229 0.00904143 1.0163e+00 -9.184e+01 0.1699331 0.000 0.0949510 0.0749824 
-0.00538229 0.00953912 1.0157e+00 -9.166e+01 0.1698383 0.000 0.0949604 0.0748782 
-0.00538229 0.01003682 1.0148e+00 -9.156e+01 0.1698145 0.000 0.0949086 0.0749057 
-0.00538229 0.01053451 1.0135e+00 -9.162e+01 0.1698656 0.000 0.0949962 0.0748695 
-0.00538229 0.01103221 1.0129e+00 -9.158e+01 0.1698631 0.000 0.0949640 0.0748992 
-0.00538229 0.01152990 1.0126e+00 -9.153e+01 0.1698471 0.000 0.0949287 0.0749182 
-0.00214728 0.00904143 1.0368e+00 -9.220e+01 0.1699729 0.000 0.0950926 0.0748802 
-0.00214728 0.00953912 1.0402e+00 -9.220e+01 0.1699523 0.000 0.0950375 0.0749149 
-0.00214728 0.01003682 1.0434e+00 -9.224e+01 0.1699755 0.000 0.0950443 0.0749314 
-0.00214728 0.01053451 1.0472e+00 -9.222e+01 0.1699561 0.000 0.0950362 0.0749200 
-0.00214728 0.01103221 1.0511e+00 -9.217e+01 0.1699540 0.000 0.0951166 0.0748374 
-0.00214728 0.01152990 1.0550e+00 -9.218e+01 0.1699649 0.000 0.0950603 0.0749044 
-0.00214728 0.01202759 1.0586e+00 -9.220e+01 0.1699735 0.000 0.0951053 0.0748684 
-0.00214728 0.01252529 1.0628e+00 -9.217e+01 0.1699575 0.000 0.0950190 0.0749385 
-0.00538229 0.01202759 1.0125e+00 -9.151e+01 0.1698321 0.000 0.0949714 0.0748605 
-0.00538229 0.01252529 1.0125e+00 -9.151e+01 0.1698524 0.000 0.0949009 0.0749518 
-0.00538229 0.01302298 1.0127e+00 -9.151e+01 0.1698310 0.000 0.0950016 0.0748292 
-0.00538229 0.01352067 1.0129e+00 -9.156e+01 0.1699039 0.000 0.0949592 0.0749447 
-0.00538229 0.01401837 1.0138e+00 -9.152e+01 0.1698797 0.000 0.0949845 0.0748953 
-0.00550672 0.00207372 1.0652e+00 -9.179e+01 0.1699730 0.000 0.0949641 0.0750088 
-0.00550672 0.00257142 1.0614e+00 -9.176e+01 0.1699399 0.000 0.0949314 0.0750083 
-0.00550672 0.00306911 1.0574e+00 -9.178e+01 0.1699465 0.000 0.0949539 0.0749925 
-0.00550672 0.00356680 1.0532e+00 -9.183e+01 0.1699567 0.000 0.0950054 0.0749513 
-0.00550672 0.00406450 1.0496e+00 -9.180e+01 0.1699500 0.000 0.0948723 0.0750777 
-0.00550672 0.00456219 1.0462e+00 -9.174e+01 0.1699129 0.000 0.0949164 0.0749962 
-0.00550672 0.00505988 1.0426e+00 -9.174e+01 0.1699134 0.000 0.0948727 0.0750409 
-0.00550672 0.00555758 1.0388e+00 -9.179e+01 0.1699715 0.000 0.0947320 0.0752396 
-0.00550672 0.00605527 1.0350e+00 -9.187e+01 0.1699346 0.000 0.0950078 0.0749267 
-0.00550672 0.00655296 1.0320e+00 -9.186e+01 0.1699765 0.000 0.0947580 0.0752185 
-0.00550672 0.00705066 1.0291e+00 -9.184e+01 0.1699622 0.000 0.0947617 0.0752006 
-0.00550672 0.00754835 1.0264e+00 -9.183e+01 0.1699695 0.000 0.0947753 0.0751938 
-0.00550672 0.00804604 1.0240e+00 -9.181e+01 0.1699584 0.000 0.0947515 0.0752070 
-0.00550672 0.00854374 1.0216e+00 -9.183e+01 0.1699758 0.000 0.0948343 0.0751414 
-0.00550672 0.00904143 1.0194e+00 -9.185e+01 0.1699665 0.000 0.0948273 0.0751394 
-0.00550672 0.00953912 1.0177e+00 -9.181e+01 0.1699588 0.000 0.0948664 0.0750925 
-0.00550672 0.01003682 1.0175e+00 -9.157e+01 0.1698042 0.000 0.0949086 0.0748953 
-0.00550672 0.01053451 1.0164e+00 -9.154e+01 0.1698255 0.000 0.0949347 0.0748907 
-0.00550672 0.01103221 1.0159e+00 -9.147e+01 0.1698189 0.000 0.0948789 0.0749400 
-0.00550672 0.01152990 1.0150e+00 -9.149e+01 0.1698456 0.000 0.0949681 0.0748773 
-0.00550672 0.01202759 1.0148e+00 -9.144e+01 0.1698257 0.000 0.0949107 0.0749148 
-0.00550672 0.01252529 1.0147e+00 -9.142e+01 0.1698207 0.000 0.0949025 0.0749181 
-0.00550672 0.01302298 1.0148e+00 -9.141e+01 0.1698225 0.000 0.0949122 0.0749104 
-0.00550672 0.01352067 1.0151e+00 -9.141e+01 0.1698148 0.000 0.0949553 0.0748594 
-0.00550672 0.01401837 1.0157e+00 -9.140e+01 0.1698249 0.000 0.0949534 0.0748715 
-0.00563114 0.00207372 1.0709e+00 -9.171e+01 0.1699390 0.000 0.0949371 0.0750019 
-0.00563114 0.00257142 1.0664e+00 -9.180e+01 0.1699734 0.000 0.0949272 0.0750463 
-0.00563114 0.00306911 1.0623e+00 -9.182e+01 0.1699594 0.000 0.0950202 0.0749391 
-0.00563114 0.00356680 1.0584e+00 -9.180e+01 0.1699516 0.000 0.0949677 0.0749837 
-0.00563114 0.00406450 1.0543e+00 -9.184e+01 0.1699553 0.000 0.0950245 0.0749312 
-0.00563114 0.00456219 1.0507e+00 -9.180e+01 0.1699475 0.000 0.0949425 0.0750049 
-0.00563114 0.00505988 1.0471e+00 -9.178e+01 0.1699467 0.000 0.0949051 0.0750415 
-0.00563114 0.00555758 1.0435e+00 -9.177e+01 0.1699561 0.000 0.0947286 0.0752276 
-0.00563114 0.00605527 1.0399e+00 -9.180e+01 0.1699669 0.000 0.0947421 0.0752250 
-0.00563114 0.00655296 1.0361e+00 -9.187e+01 0.1699617 0.000 0.0949876 0.0749741 
-0.00563114 0.00705066 1.0333e+00 -9.183e+01 0.1699595 0.000 0.0947549 0.0752047 
-0.00563114 0.00754835 1.0303e+00 -9.184e+01 0.1699692 0.000 0.0947772 0.0751918 
-0.00563114 0.00804604 1.0277e+00 -9.181e+01 0.1699531 0.000 0.0947834 0.0751699 
-0.00563114 0.00854374 1.0251e+00 -9.183e+01 0.1699712 0.000 0.0948337 0.0751376 
-0.00563114 0.00904143 1.0232e+00 -9.178e+01 0.1699618 0.000 0.0947816 0.0751801 
-0.00563114 0.00953912 1.0212e+00 -9.176e+01 0.1699202 0.000 0.0949491 0.0749712 
-0.00563114 0.01003682 1.0192e+00 -9.181e+01 0.1699869 0.000 0.0948244 0.0751625 
-0.00563114 0.01053451 1.0190e+00 -9.158e+01 0.1698210 0.000 0.0949770 0.0748443 
-0.00563114 0.01103221 1.0182e+00 -9.151e+01 0.1698194 0.000 0.0949460 0.0748733 
-0.00563114 0.01152990 1.0175e+00 -9.148e+01 0.1698202 0.000 0.0949719 0.0748484 
-0.00563114 0.01202759 1.0169e+00 -9.145e+01 0.1698419 0.000 0.0949112 0.0749309 
-0.00563114 0.01252529 1.0166e+00 -9.144e+01 0.1698254 0.000 0.0949797 0.0748456 
-0.00563114 0.01302298 1.0166e+00 -9.141e+01 0.1698178 0.000 0.0949683 0.0748494 
-0.00563114 0.01352067 1.0167e+00 -9.141e+01 0.1698270 0.000 0.0949631 0.0748642 
-0.00563114 0.01401837 1.0173e+00 -9.136e+01 0.1698113 0.000 0.0949006 0.0749106 
-0.00575556 0.00207372 1.0761e+00 -9.175e+01 0.1699568 0.000 0.0949039 0.0750529 
-0.00575556 0.00257142 1.0720e+00 -9.175e+01 0.1699464 0.000 0.0949415 0.0750049 
-0.00575556 0.00306911 1.0676e+00 -9.182e+01 0.1699591 0.000 0.0949106 0.0750486 
-0.00575556 0.00356680 1.0634e+00 -9.184e+01 0.1699612 0.000 0.0949600 0.0750015 
-0.00575556 0.00406450 1.0594e+00 -9.185e+01 0.1699605 0.000 0.0949769 0.0749837 
-0.00575556 0.00456219 1.0554e+00 -9.187e+01 0.1699888 0.000 0.0949909 0.0749979 
-0.00575556 0.00505988 1.0518e+00 -9.182e+01 0.1699503 0.000 0.0949526 0.0749977 
-0.00575556 0.00555758 1.0482e+00 -9.180e+01 0.1699564 0.000 0.0948944 0.0750620 
-0.00575556 0.00605527 1.0444e+00 -9.182e+01 0.1699614 0.000 0.0949110 0.0750504 
-0.00575556 0.00655296 1.0409e+00 -9.182e+01 0.1699535 0.000 0.0949124 0.0750408 
-0.00575556 0.00705066 1.0379e+00 -9.178e+01 0.1699224 0.000 0.0948963 0.0750261 
-0.00575556 0.00754835 1.0345e+00 -9.184e+01 0.1699567 0.000 0.0947591 0.0751978 
-0.00575556 0.00804604 1.0317e+00 -9.183e+01 0.1699610 0.000 0.0947728 0.0751886 
-0.00575556 0.00854374 1.0290e+00 -9.183e+01 0.1699701 0.000 0.0947891 0.0751812 
-0.00575556 0.00904143 1.0268e+00 -9.179e+01 0.1699523 0.000 0.0947766 0.0751759 
-0.00575556 0.00953912 1.0247e+00 -9.178e+01 0.1699605 0.000 0.0947847 0.0751759 
-0.00575556 0.01003682 1.0226e+00 -9.179e+01 0.1699668 0.000 0.0949418 0.0750251 
-0.00575556 0.01053451 1.0214e+00 -9.171e+01 0.1699274 0.000 0.0949512 0.0749760 
-0.00575556 0.01103221 1.0204e+00 -9.164e+01 0.1699130 0.000 0.0948905 0.0750227 
-0.00575556 0.01152990 1.0197e+00 -9.155e+01 0.1698651 0.000 0.0949644 0.0749007 
-0.00575556 0.01202759 1.0192e+00 -9.148e+01 0.1698227 0.000 0.0950094 0.0748130 
-0.00575556 0.01252529 1.0187e+00 -9.146e+01 0.1698302 0.000 0.0950219 0.0748084 
-0.00575556 0.01302298 1.0183e+00 -9.146e+01 0.1698442 0.000 0.0950572 0.0747867 
-0.00575556 0.01352067 1.0186e+00 -9.139e+01 0.1698318 0.000 0.0949185 0.0749133 
-0.00575556 0.01401837 1.0189e+00 -9.136e+01 0.1698092 0.000 0.0949228 0.0748863 
-0.00214728 0.01302298 1.0667e+00 -9.217e+01 0.1699717 0.000 0.0950771 0.0748946 
-0.00214728 0.01352067 1.0710e+00 -9.210e+01 0.1699626 0.000 0.0950270 0.0749354 
-0.00214728 0.01401837 1.0750e+00 -9.208e+01 0.1699468 0.000 0.0950511 0.0748958 
-0.00227171 0.00207372 1.0128e+00 -9.182e+01 0.1698617 0.000 0.0948996 0.0749620 
-0.00227171 0.00257142 1.0127e+00 -9.182e+01 0.1698272 0.000 0.0949128 0.0749142 
-0.00227171 0.00306911 1.0127e+00 -9.184e+01 0.1698131 0.000 0.0949141 0.0748991 
-0.00227171 0.00356680 1.0127e+00 -9.192e+01 0.1698509 0.000 0.0949068 0.0749438 
-0.00227171 0.00406450 1.0132e+00 -9.193e+01 0.1698409 0.000 0.0949700 0.0748710 
