0.00005086 -0.00207372 1.1094e+00 -3.364e+03 144.970 0.000 
0.00005086 -0.00141013 1.1098e+00 -3.368e+03 144.976 0.000 
0.00005086 -0.00074654 1.1105e+00 -3.371e+03 144.977 0.000 
-0.00210581 0.00721656 1.1096e+00 -3.272e+03 144.996 0.000 
-0.00210581 0.00788015 1.1114e+00 -3.261e+03 144.989 0.000 
-0.00210581 0.00854374 1.1134e+00 -3.247e+03 144.994 0.000 
-0.00210581 0.00920733 1.1156e+00 -3.233e+03 144.983 0.000 
-0.00210581 0.00987092 1.1179e+00 -3.219e+03 144.965 0.000 
-0.00210581 0.01053451 1.1204e+00 -3.206e+03 144.982 0.000 
-0.00210581 0.01119810 1.1230e+00 -3.191e+03 144.960 0.000 
-0.00210581 0.01186169 1.1257e+00 -3.176e+03 144.957 0.000 
-0.00227171 -0.00207372 1.1163e+00 -3.185e+03 144.975 0.000 
-0.00227171 -0.00141013 1.1140e+00 -3.208e+03 144.983 0.000 
-0.00227171 -0.00074654 1.1119e+00 -3.229e+03 144.966 0.000 
-0.00227171 -0.00008295 1.1102e+00 -3.240e+03 144.974 0.000 
-0.00227171 0.00058064 1.1086e+00 -3.254e+03 144.957 0.000 
-0.00227171 0.00124423 1.1072e+00 -3.267e+03 144.960 0.000 
-0.00227171 0.00190782 1.1061e+00 -3.279e+03 144.984 0.000 
-0.00227171 0.00257142 1.1053e+00 -3.286e+03 144.983 0.000 
-0.00227171 0.00323501 1.1049e+00 -3.291e+03 144.977 0.000 
-0.00227171 0.00389860 1.1047e+00 -3.294e+03 144.979 0.000 
-0.00227171 0.00456219 1.1049e+00 -3.294e+03 144.976 0.000 
-0.00227171 0.00522578 1.1053e+00 -3.291e+03 144.967 0.000 
-0.00227171 0.00588937 1.1061e+00 -3.286e+03 144.970 0.000 
-0.00227171 0.00655296 1.1071e+00 -3.280e+03 144.970 0.000 
-0.00227171 0.00721656 1.1085e+00 -3.272e+03 144.984 0.000 
-0.00227171 0.00788015 1.1100e+00 -3.263e+03 144.996 0.000 
-0.00227171 0.00854374 1.1119e+00 -3.247e+03 144.967 0.000 
-0.00227171 0.00920733 1.1139e+00 -3.236e+03 144.982 0.000 
-0.00227171 0.00987092 1.1161e+00 -3.222e+03 144.969 0.000 
-0.00227171 0.01053451 1.1185e+00 -3.209e+03 144.971 0.000 
-0.00227171 0.01119810 1.1210e+00 -3.194e+03 144.971 0.000 
-0.00227171 0.01186169 1.1236e+00 -3.180e+03 144.970 0.000 
-0.00011504 0.00323501 1.1185e+00 -3.331e+03 144.968 0.000 
-0.00011504 0.00389860 1.1209e+00 -3.320e+03 144.979 0.000 
-0.00011504 0.00456219 1.1235e+00 -3.308e+03 144.956 0.000 
-0.00243761 -0.00207372 1.1181e+00 -3.170e+03 144.971 0.000 
-0.00243761 -0.00141013 1.1156e+00 -3.194e+03 144.980 0.000 
-0.00243761 -0.00074654 1.1135e+00 -3.211e+03 144.976 0.000 
-0.00243761 -0.00008295 1.1115e+00 -3.226e+03 144.982 0.000 
-0.00243761 0.00058064 1.1097e+00 -3.244e+03 144.965 0.000 
-0.00243761 0.00124423 1.1081e+00 -3.259e+03 144.977 0.000 
-0.00243761 0.00190782 1.1068e+00 -3.271e+03 144.988 0.000 
-0.00243761 0.00257142 1.1059e+00 -3.279e+03 144.976 0.000 
-0.00243761 0.00323501 1.1052e+00 -3.284e+03 144.963 0.000 
-0.00243761 0.00389860 1.1048e+00 -3.288e+03 144.973 0.000 
-0.00243761 0.00456219 1.1047e+00 -3.290e+03 144.971 0.000 
-0.00243761 0.00522578 1.1050e+00 -3.290e+03 144.987 0.000 
-0.00243761 0.00588937 1.1055e+00 -3.286e+03 144.980 0.000 
-0.00243761 0.00655296 1.1063e+00 -3.281e+03 144.988 0.000 
-0.00243761 0.00721656 1.1075e+00 -3.273e+03 144.983 0.000 
-0.00243761 0.00788015 1.1089e+00 -3.263e+03 144.979 0.000 
-0.00243761 0.00854374 1.1106e+00 -3.250e+03 144.971 0.000 
-0.00243761 0.00920733 1.1124e+00 -3.239e+03 144.987 0.000 
-0.00243761 0.00987092 1.1145e+00 -3.226e+03 144.984 0.000 
-0.00243761 0.01053451 1.1167e+00 -3.211e+03 144.972 0.000 
-0.00243761 0.01119810 1.1191e+00 -3.198e+03 144.990 0.000 
-0.00243761 0.01186169 1.1216e+00 -3.183e+03 144.976 0.000 
-0.00260350 -0.00207372 1.1200e+00 -3.155e+03 144.961 0.000 
-0.00260350 -0.00141013 1.1175e+00 -3.175e+03 144.963 0.000 
-0.00260350 -0.00074654 1.1152e+00 -3.195e+03 144.964 0.000 
-0.00260350 -0.00008295 1.1129e+00 -3.218e+03 144.981 0.000 
-0.00260350 0.00058064 1.1111e+00 -3.229e+03 144.954 0.000 
-0.00260350 0.00124423 1.1093e+00 -3.247e+03 144.963 0.000 
-0.00260350 0.00190782 1.1078e+00 -3.261e+03 144.980 0.000 
-0.00260350 0.00257142 1.1066e+00 -3.271e+03 144.976 0.000 
-0.00011504 0.00522578 1.1263e+00 -3.296e+03 144.978 0.000 
-0.00011504 0.00588937 1.1293e+00 -3.281e+03 144.969 0.000 
-0.00011504 0.00655296 1.1323e+00 -3.267e+03 144.973 0.000 
-0.00260350 0.00323501 1.1057e+00 -3.278e+03 144.967 0.000 
-0.00260350 0.00389860 1.1051e+00 -3.283e+03 144.971 0.000 
-0.00260350 0.00456219 1.1048e+00 -3.286e+03 144.980 0.000 
-0.00260350 0.00522578 1.1048e+00 -3.285e+03 144.966 0.000 
-0.00260350 0.00588937 1.1051e+00 -3.284e+03 144.985 0.000 
-0.00260350 0.00655296 1.1058e+00 -3.280e+03 144.986 0.000 
-0.00260350 0.00721656 1.1067e+00 -3.273e+03 144.977 0.000 
-0.00260350 0.00788015 1.1079e+00 -3.264e+03 144.979 0.000 
-0.00260350 0.00854374 1.1094e+00 -3.254e+03 144.979 0.000 
-0.00260350 0.00920733 1.1111e+00 -3.240e+03 144.973 0.000 
-0.00260350 0.00987092 1.1130e+00 -3.228e+03 144.988 0.000 
-0.00260350 0.01053451 1.1151e+00 -3.214e+03 144.966 0.000 
-0.00260350 0.01119810 1.1174e+00 -3.200e+03 144.972 0.000 
-0.00260350 0.01186169 1.1198e+00 -3.186e+03 144.977 0.000 
-0.00276940 -0.00207372 1.1221e+00 -3.141e+03 144.976 0.000 
-0.00276940 -0.00141013 1.1195e+00 -3.161e+03 144.960 0.000 
-0.00276940 -0.00074654 1.1170e+00 -3.183e+03 144.976 0.000 
-0.00276940 -0.00008295 1.1147e+00 -3.201e+03 144.973 0.000 
-0.00276940 0.00058064 1.1126e+00 -3.219e+03 144.974 0.000 
-0.00276940 0.00124423 1.1106e+00 -3.235e+03 144.980 0.000 
-0.00276940 0.00190782 1.1089e+00 -3.251e+03 144.960 0.000 
-0.00276940 0.00257142 1.1075e+00 -3.262e+03 144.964 0.000 
-0.00276940 0.00323501 1.1064e+00 -3.272e+03 144.979 0.000 
-0.00276940 0.00389860 1.1056e+00 -3.278e+03 144.971 0.000 
-0.00276940 0.00456219 1.1051e+00 -3.282e+03 144.975 0.000 
-0.00276940 0.00522578 1.1049e+00 -3.282e+03 144.966 0.000 
-0.00276940 0.00588937 1.1050e+00 -3.282e+03 144.975 0.000 
-0.00276940 0.00655296 1.1054e+00 -3.280e+03 145.002 0.000 
-0.00276940 0.00721656 1.1061e+00 -3.273e+03 144.977 0.000 
-0.00276940 0.00788015 1.1072e+00 -3.264e+03 144.968 0.000 
-0.00011504 0.00721656 1.1355e+00 -3.247e+03 144.935 0.000 
-0.00011504 0.00788015 1.1386e+00 -3.242e+03 144.955 0.000 
-0.00011504 0.00854374 1.1419e+00 -3.227e+03 144.954 0.000 
-0.00276940 0.00854374 1.1084e+00 -3.257e+03 144.990 0.000 
-0.00276940 0.00920733 1.1100e+00 -3.242e+03 144.972 0.000 
-0.00276940 0.00987092 1.1117e+00 -3.231e+03 144.980 0.000 
-0.00276940 0.01053451 1.1137e+00 -3.217e+03 144.976 0.000 
-0.00276940 0.01119810 1.1158e+00 -3.203e+03 144.964 0.000 
-0.00276940 0.01186169 1.1180e+00 -3.191e+03 144.989 0.000 
-0.00293530 -0.00207372 1.1244e+00 -3.127e+03 144.982 0.000 
-0.00293530 -0.00141013 1.1216e+00 -3.149e+03 144.979 0.000 
-0.00293530 -0.00074654 1.1190e+00 -3.169e+03 144.978 0.000 
-0.00293530 -0.00008295 1.1166e+00 -3.189e+03 144.972 0.000 
-0.00293530 0.00058064 1.1143e+00 -3.207e+03 144.966 0.000 
-0.00293530 0.00124423 1.1122e+00 -3.223e+03 144.962 0.000 
-0.00293530 0.00190782 1.1102e+00 -3.242e+03 144.965 0.000 
-0.00293530 0.00257142 1.1086e+00 -3.255e+03 144.974 0.000 
-0.00293530 0.00323501 1.1073e+00 -3.265e+03 144.977 0.000 
-0.00293530 0.00389860 1.1063e+00 -3.273e+03 144.980 0.000 
-0.00293530 0.00456219 1.1056e+00 -3.277e+03 144.974 0.000 
-0.00293530 0.00522578 1.1051e+00 -3.281e+03 144.993 0.000 
-0.00293530 0.00588937 1.1050e+00 -3.279e+03 144.971 0.000 
-0.00293530 0.00655296 1.1052e+00 -3.277e+03 144.979 0.000 
-0.00293530 0.00721656 1.1058e+00 -3.273e+03 144.980 0.000 
-0.00293530 0.00788015 1.1065e+00 -3.267e+03 144.987 0.000 
-0.00293530 0.00854374 1.1076e+00 -3.257e+03 144.981 0.000 
-0.00293530 0.00920733 1.1090e+00 -3.246e+03 144.997 0.000 
-0.00293530 0.00987092 1.1106e+00 -3.233e+03 144.984 0.000 
-0.00293530 0.01053451 1.1124e+00 -3.221e+03 144.977 0.000 
-0.00293530 0.01119810 1.1144e+00 -3.207e+03 144.971 0.000 
-0.00293530 0.01186169 1.1165e+00 -3.191e+03 144.979 0.000 
-0.00310120 -0.00207372 1.1268e+00 -3.113e+03 144.980 0.000 
-0.00310120 -0.00141013 1.1240e+00 -3.134e+03 144.974 0.000 
-0.00011504 0.00920733 1.1452e+00 -3.211e+03 144.959 0.000 
-0.00011504 0.00987092 1.1484e+00 -3.200e+03 144.977 0.000 
-0.00011504 0.01053451 1.1517e+00 -3.186e+03 144.946 0.000 
-0.00310120 -0.00074654 1.1212e+00 -3.157e+03 144.992 0.000 
-0.00310120 -0.00008295 1.1186e+00 -3.176e+03 144.971 0.000 
-0.00310120 0.00058064 1.1161e+00 -3.196e+03 144.980 0.000 
-0.00310120 0.00124423 1.1138e+00 -3.215e+03 144.981 0.000 
-0.00310120 0.00190782 1.1118e+00 -3.231e+03 144.967 0.000 
-0.00310120 0.00257142 1.1100e+00 -3.246e+03 144.977 0.000 
-0.00310120 0.00323501 1.1084e+00 -3.257e+03 144.971 0.000 
-0.00310120 0.00389860 1.1072e+00 -3.266e+03 144.980 0.000 
-0.00310120 0.00456219 1.1062e+00 -3.273e+03 144.979 0.000 
-0.00310120 0.00522578 1.1056e+00 -3.277e+03 144.991 0.000 
-0.00310120 0.00588937 1.1053e+00 -3.277e+03 144.977 0.000 
-0.00310120 0.00655296 1.1053e+00 -3.276e+03 144.976 0.000 
-0.00310120 0.00721656 1.1056e+00 -3.271e+03 144.965 0.000 
-0.00310120 0.00788015 1.1062e+00 -3.267e+03 144.982 0.000 
-0.00310120 0.00854374 1.1070e+00 -3.260e+03 144.988 0.000 
-0.00310120 0.00920733 1.1082e+00 -3.248e+03 144.954 0.000 
-0.00310120 0.00987092 1.1097e+00 -3.234e+03 144.945 0.000 
-0.00310120 0.01053451 1.1113e+00 -3.224e+03 144.973 0.000 
-0.00310120 0.01119810 1.1131e+00 -3.210e+03 145.004 0.000 
-0.00310120 0.01186169 1.1151e+00 -3.194e+03 144.981 0.000 
-0.00326710 -0.00207372 1.1294e+00 -3.096e+03 144.956 0.000 
-0.00326710 -0.00141013 1.1264e+00 -3.121e+03 144.983 0.000 
-0.00326710 -0.00074654 1.1235e+00 -3.142e+03 144.978 0.000 
-0.00326710 -0.00008295 1.1208e+00 -3.164e+03 144.977 0.000 
-0.00326710 0.00058064 1.1182e+00 -3.183e+03 144.973 0.000 
-0.00326710 0.00124423 1.1158e+00 -3.202e+03 144.974 0.000 
-0.00326710 0.00190782 1.1135e+00 -3.220e+03 144.987 0.000 
-0.00326710 0.00257142 1.1115e+00 -3.235e+03 144.981 0.000 
-0.00326710 0.00323501 1.1098e+00 -3.247e+03 144.967 0.000 
-0.00326710 0.00389860 1.1083e+00 -3.258e+03 144.982 0.000 
-0.00011504 0.01119810 1.1549e+00 -3.176e+03 144.978 0.000 
-0.00011504 0.01186169 1.1581e+00 -3.164e+03 144.984 0.000 
-0.00028093 -0.00207372 1.1083e+00 -3.346e+03 144.975 0.000 
-0.00326710 0.00456219 1.1071e+00 -3.267e+03 144.978 0.000 
-0.00326710 0.00522578 1.1063e+00 -3.271e+03 144.963 0.000 
-0.00326710 0.00588937 1.1057e+00 -3.274e+03 144.973 0.000 
-0.00326710 0.00655296 1.1056e+00 -3.271e+03 144.975 0.000 
-0.00326710 0.00721656 1.1056e+00 -3.274e+03 144.980 0.000 
-0.00326710 0.00788015 1.1059e+00 -3.270e+03 144.991 0.000 
-0.00326710 0.00854374 1.1067e+00 -3.260e+03 144.994 0.000 
-0.00326710 0.00920733 1.1076e+00 -3.254e+03 144.977 0.000 
-0.00326710 0.00987092 1.1088e+00 -3.240e+03 144.961 0.000 
-0.00326710 0.01053451 1.1104e+00 -3.224e+03 144.969 0.000 
-0.00326710 0.01119810 1.1120e+00 -3.211e+03 144.975 0.000 
-0.00326710 0.01186169 1.1139e+00 -3.201e+03 144.990 0.000 
-0.00343299 -0.00207372 1.1320e+00 -3.083e+03 144.977 0.000 
-0.00343299 -0.00141013 1.1290e+00 -3.105e+03 144.968 0.000 
-0.00343299 -0.00074654 1.1261e+00 -3.129e+03 144.978 0.000 
-0.00343299 -0.00008295 1.1232e+00 -3.150e+03 144.973 0.000 
-0.00343299 0.00058064 1.1204e+00 -3.171e+03 144.970 0.000 
-0.00343299 0.00124423 1.1178e+00 -3.191e+03 144.978 0.000 
-0.00343299 0.00190782 1.1154e+00 -3.209e+03 144.984 0.000 
-0.00343299 0.00257142 1.1133e+00 -3.224e+03 144.962 0.000 
-0.00343299 0.00323501 1.1113e+00 -3.239e+03 144.976 0.000 
-0.00343299 0.00389860 1.1096e+00 -3.251e+03 144.983 0.000 
-0.00343299 0.00456219 1.1083e+00 -3.260e+03 144.984 0.000 
-0.00343299 0.00522578 1.1071e+00 -3.269e+03 144.960 0.000 
-0.00343299 0.00588937 1.1064e+00 -3.273e+03 144.966 0.000 
-0.00343299 0.00655296 1.1059e+00 -3.275e+03 144.980 0.000 
-0.00343299 0.00721656 1.1058e+00 -3.273e+03 144.986 0.000 
-0.00343299 0.00788015 1.1060e+00 -3.268e+03 144.966 0.000 
-0.00343299 0.00854374 1.1064e+00 -3.264e+03 144.999 0.000 
-0.00343299 0.00920733 1.1072e+00 -3.256e+03 144.981 0.000 
-0.00028093 -0.00141013 1.1083e+00 -3.353e+03 144.972 0.000 
-0.00028093 -0.00074654 1.1086e+00 -3.352e+03 144.974 0.000 
-0.00028093 -0.00008295 1.1092e+00 -3.353e+03 144.953 0.000 
-0.00343299 0.00987092 1.1082e+00 -3.245e+03 144.967 0.000 
-0.00343299 0.01053451 1.1096e+00 -3.229e+03 144.972 0.000 
-0.00343299 0.01119810 1.1111e+00 -3.218e+03 144.992 0.000 
-0.00343299 0.01186169 1.1128e+00 -3.204e+03 144.980 0.000 
-0.00359889 -0.00207372 1.1349e+00 -3.069e+03 144.964 0.000 
-0.00359889 -0.00141013 1.1318e+00 -3.092e+03 144.980 0.000 
-0.00359889 -0.00074654 1.1287e+00 -3.114e+03 144.963 0.000 
-0.00359889 -0.00008295 1.1257e+00 -3.137e+03 144.982 0.000 
-0.00359889 0.00058064 1.1228e+00 -3.159e+03 144.979 0.000 
-0.00359889 0.00124423 1.1201e+00 -3.179e+03 144.972 0.000 
-0.00359889 0.00190782 1.1175e+00 -3.197e+03 144.965 0.000 
-0.00359889 0.00257142 1.1151e+00 -3.216e+03 144.983 0.000 
-0.00359889 0.00323501 1.1130e+00 -3.230e+03 144.968 0.000 
-0.00359889 0.00389860 1.1112e+00 -3.242e+03 144.952 0.000 
-0.00359889 0.00456219 1.1096e+00 -3.254e+03 144.977 0.000 
-0.00359889 0.00522578 1.1083e+00 -3.261e+03 144.980 0.000 
-0.00359889 0.00588937 1.1073e+00 -3.265e+03 144.960 0.000 
-0.00359889 0.00655296 1.1066e+00 -3.271e+03 144.966 0.000 
-0.00359889 0.00721656 1.1062e+00 -3.272e+03 144.981 0.000 
-0.00359889 0.00788015 1.1062e+00 -3.269e+03 144.987 0.000 
-0.00359889 0.00854374 1.1064e+00 -3.264e+03 144.986 0.000 
-0.00359889 0.00920733 1.1070e+00 -3.256e+03 144.981 0.000 
-0.00359889 0.00987092 1.1078e+00 -3.249e+03 144.989 0.000 
-0.00359889 0.01053451 1.1090e+00 -3.232e+03 144.989 0.000 
-0.00359889 0.01119810 1.1102e+00 -3.227e+03 144.970 0.000 
-0.00359889 0.01186169 1.1119e+00 -3.207e+03 144.977 0.000 
-0.00376479 -0.00207372 1.1379e+00 -3.053e+03 144.952 0.000 
-0.00376479 -0.00141013 1.1347e+00 -3.076e+03 144.960 0.000 
-0.00376479 -0.00074654 1.1315e+00 -3.100e+03 144.967 0.000 
-0.00376479 -0.00008295 1.1284e+00 -3.124e+03 144.986 0.000 
-0.00028093 0.00058064 1.1100e+00 -3.354e+03 144.974 0.000 
-0.00028093 0.00124423 1.1112e+00 -3.351e+03 144.972 0.000 
-0.00028093 0.00190782 1.1127e+00 -3.347e+03 144.986 0.000 
-0.00376479 0.00058064 1.1254e+00 -3.145e+03 144.962 0.000 
-0.00376479 0.00124423 1.1225e+00 -3.167e+03 144.975 0.000 
-0.00376479 0.00190782 1.1198e+00 -3.187e+03 144.964 0.000 
-0.00376479 0.00257142 1.1173e+00 -3.204e+03 144.961 0.000 
-0.00376479 0.00323501 1.1150e+00 -3.221e+03 144.972 0.000 
-0.00376479 0.00389860 1.1129e+00 -3.236e+03 144.982 0.000 
-0.00376479 0.00456219 1.1111e+00 -3.247e+03 144.967 0.000 
-0.00376479 0.00522578 1.1096e+00 -3.255e+03 144.958 0.000 
-0.00376479 0.00588937 1.1084e+00 -3.262e+03 144.981 0.000 
-0.00376479 0.00655296 1.1075e+00 -3.265e+03 144.976 0.000 
-0.00376479 0.00721656 1.1068e+00 -3.270e+03 144.983 0.000 
-0.00376479 0.00788015 1.1066e+00 -3.267e+03 144.965 0.000 
-0.00376479 0.00854374 1.1067e+00 -3.263e+03 144.972 0.000 
-0.00376479 0.00920733 1.1070e+00 -3.258e+03 144.991 0.000 
-0.00376479 0.00987092 1.1076e+00 -3.249e+03 144.968 0.000 
-0.00376479 0.01053451 1.1085e+00 -3.240e+03 144.980 0.000 
-0.00376479 0.01119810 1.1098e+00 -3.223e+03 144.979 0.000 
-0.00376479 0.01186169 1.1112e+00 -3.209e+03 144.961 0.000 
-0.00393069 -0.00207372 1.1410e+00 -3.039e+03 144.959 0.000 
-0.00393069 -0.00141013 1.1377e+00 -3.062e+03 144.963 0.000 
-0.00393069 -0.00074654 1.1345e+00 -3.082e+03 144.969 0.000 
-0.00393069 -0.00008295 1.1313e+00 -3.108e+03 144.947 0.000 
-0.00393069 0.00058064 1.1281e+00 -3.133e+03 144.975 0.000 
-0.00393069 0.00124423 1.1252e+00 -3.152e+03 144.970 0.000 
-0.00393069 0.00190782 1.1223e+00 -3.173e+03 144.946 0.000 
-0.00393069 0.00257142 1.1196e+00 -3.193e+03 144.955 0.000 
-0.00393069 0.00323501 1.1171e+00 -3.210e+03 144.947 0.000 
-0.00393069 0.00389860 1.1148e+00 -3.227e+03 144.966 0.000 
-0.00393069 0.00456219 1.1128e+00 -3.240e+03 144.961 0.000 
-0.00393069 0.00522578 1.1111e+00 -3.250e+03 144.963 0.000 
-0.00028093 0.00257142 1.1144e+00 -3.339e+03 144.981 0.000 
-0.00028093 0.00323501 1.1164e+00 -3.331e+03 144.993 0.000 
-0.00028093 0.00389860 1.1187e+00 -3.321e+03 145.007 0.000 
-0.00393069 0.00588937 1.1097e+00 -3.257e+03 144.959 0.000 
-0.00393069 0.00655296 1.1086e+00 -3.262e+03 144.965 0.000 
-0.00393069 0.00721656 1.1079e+00 -3.257e+03 144.974 0.000 
-0.00393069 0.00788015 1.1072e+00 -3.268e+03 144.984 0.000 
-0.00393069 0.00854374 1.1070e+00 -3.264e+03 144.980 0.000 
-0.00393069 0.00920733 1.1072e+00 -3.260e+03 144.993 0.000 
-0.00393069 0.00987092 1.1076e+00 -3.252e+03 144.979 0.000 
-0.00393069 0.01053451 1.1083e+00 -3.243e+03 144.980 0.000 
-0.00393069 0.01119810 1.1094e+00 -3.228e+03 144.964 0.000 
-0.00393069 0.01186169 1.1105e+00 -3.222e+03 144.970 0.000 
-0.00409658 -0.00207372 1.1442e+00 -3.024e+03 144.959 0.000 
-0.00409658 -0.00141013 1.1408e+00 -3.048e+03 144.976 0.000 
-0.00409658 -0.00074654 1.1376e+00 -3.070e+03 144.957 0.000 
-0.00409658 -0.00008295 1.1343e+00 -3.094e+03 144.969 0.000 
-0.00409658 0.00058064 1.1310e+00 -3.119e+03 144.973 0.000 
-0.00409658 0.00124423 1.1279e+00 -3.143e+03 144.981 0.000 
-0.00409658 0.00190782 1.1249e+00 -3.161e+03 144.947 0.000 
-0.00409658 0.00257142 1.1220e+00 -3.183e+03 144.954 0.000 
-0.00409658 0.00323501 1.1193e+00 -3.201e+03 144.954 0.000 
-0.00409658 0.00389860 1.1169e+00 -3.217e+03 144.955 0.000 
-0.00409658 0.00456219 1.1147e+00 -3.233e+03 144.964 0.000 
-0.00409658 0.00522578 1.1128e+00 -3.244e+03 144.960 0.000 
-0.00409658 0.00588937 1.1111e+00 -3.254e+03 144.983 0.000 
-0.00409658 0.00655296 1.1098e+00 -3.258e+03 144.965 0.000 
-0.00409658 0.00721656 1.1089e+00 -3.254e+03 144.974 0.000 
-0.00409658 0.00788015 1.1082e+00 -3.254e+03 144.969 0.000 
-0.00409658 0.00854374 1.1078e+00 -3.256e+03 144.974 0.000 
-0.00409658 0.00920733 1.1076e+00 -3.259e+03 144.974 0.000 
-0.00409658 0.00987092 1.1078e+00 -3.254e+03 144.983 0.000 
-0.00409658 0.01053451 1.1083e+00 -3.246e+03 144.988 0.000 
-0.00028093 0.00456219 1.1212e+00 -3.308e+03 144.989 0.000 
-0.00028093 0.00522578 1.1238e+00 -3.296e+03 144.968 0.000 
-0.00028093 0.00588937 1.1266e+00 -3.282e+03 144.956 0.000 
-0.00409658 0.01119810 1.1091e+00 -3.233e+03 144.981 0.000 
-0.00409658 0.01186169 1.1101e+00 -3.225e+03 144.955 0.000 
-0.00426248 -0.00207372 1.1475e+00 -3.008e+03 144.949 0.000 
-0.00426248 -0.00141013 1.1441e+00 -3.032e+03 144.966 0.000 
-0.00426248 -0.00074654 1.1408e+00 -3.054e+03 144.942 0.000 
-0.00426248 -0.00008295 1.1374e+00 -3.080e+03 144.965 0.000 
-0.00426248 0.00058064 1.1340e+00 -3.105e+03 144.980 0.000 
-0.00426248 0.00124423 1.1308e+00 -3.130e+03 144.992 0.000 
-0.00426248 0.00190782 1.1276e+00 -3.150e+03 144.957 0.000 
-0.00426248 0.00257142 1.1246e+00 -3.171e+03 144.953 0.000 
-0.00426248 0.00323501 1.1218e+00 -3.191e+03 144.960 0.000 
-0.00426248 0.00389860 1.1192e+00 -3.208e+03 144.950 0.000 
-0.00426248 0.00456219 1.1168e+00 -3.225e+03 144.964 0.000 
-0.00426248 0.00522578 1.1146e+00 -3.237e+03 144.974 0.000 
-0.00426248 0.00588937 1.1128e+00 -3.247e+03 144.947 0.000 
-0.00426248 0.00655296 1.1114e+00 -3.247e+03 144.966 0.000 
-0.00426248 0.00721656 1.1101e+00 -3.251e+03 144.960 0.000 
-0.00426248 0.00788015 1.1092e+00 -3.253e+03 144.968 0.000 
-0.00426248 0.00854374 1.1086e+00 -3.253e+03 144.978 0.000 
-0.00426248 0.00920733 1.1084e+00 -3.248e+03 144.966 0.000 
-0.00426248 0.00987092 1.1082e+00 -3.253e+03 144.973 0.000 
-0.00426248 0.01053451 1.1085e+00 -3.246e+03 144.989 0.000 
-0.00426248 0.01119810 1.1091e+00 -3.236e+03 144.975 0.000 
-0.00426248 0.01186169 1.1100e+00 -3.224e+03 144.978 0.000 
-0.00442838 -0.00207372 1.1509e+00 -2.994e+03 144.970 0.000 
-0.00442838 -0.00141013 1.1475e+00 -3.017e+03 144.965 0.000 
-0.00442838 -0.00074654 1.1441e+00 -3.041e+03 144.967 0.000 
-0.00442838 -0.00008295 1.1406e+00 -3.065e+03 144.968 0.000 
-0.00442838 0.00058064 1.1372e+00 -3.090e+03 144.960 0.000 
-0.00442838 0.00124423 1.1338e+00 -3.115e+03 144.971 0.000 
-0.00028093 0.00655296 1.1296e+00 -3.269e+03 144.981 0.000 
-0.00028093 0.00721656 1.1326e+00 -3.254e+03 144.973 0.000 
-0.00028093 0.00788015 1.1359e+00 -3.235e+03 144.937 0.000 
0.00005086 -0.00008295 1.1115e+00 -3.370e+03 144.966 0.000 
0.00005086 0.00058064 1.1128e+00 -3.365e+03 144.985 0.000 
0.00005086 0.00124423 1.1144e+00 -3.360e+03 144.982 0.000 
-0.00442838 0.00190782 1.1306e+00 -3.137e+03 144.964 0.000 
-0.00442838 0.00257142 1.1274e+00 -3.159e+03 144.943 0.000 
-0.00442838 0.00323501 1.1244e+00 -3.181e+03 144.954 0.000 
-0.00442838 0.00389860 1.1216e+00 -3.201e+03 144.977 0.000 
-0.00442838 0.00456219 1.1190e+00 -3.215e+03 144.952 0.000 
-0.00442838 0.00522578 1.1167e+00 -3.231e+03 144.974 0.000 
-0.00442838 0.00588937 1.1148e+00 -3.234e+03 144.973 0.000 
-0.00442838 0.00655296 1.1130e+00 -3.243e+03 144.969 0.000 
-0.00442838 0.00721656 1.1115e+00 -3.249e+03 144.980 0.000 
-0.00442838 0.00788015 1.1104e+00 -3.251e+03 144.978 0.000 
-0.00442838 0.00854374 1.1096e+00 -3.251e+03 144.965 0.000 
-0.00442838 0.00920733 1.1091e+00 -3.248e+03 144.963 0.000 
-0.00442838 0.00987092 1.1089e+00 -3.245e+03 144.981 0.000 
-0.00442838 0.01053451 1.1089e+00 -3.247e+03 144.968 0.000 
-0.00442838 0.01119810 1.1093e+00 -3.238e+03 144.967 0.000 
-0.00442838 0.01186169 1.1099e+00 -3.228e+03 144.966 0.000 
-0.00459428 -0.00207372 1.1544e+00 -2.978e+03 144.951 0.000 
-0.00459428 -0.00141013 1.1510e+00 -3.001e+03 144.962 0.000 
-0.00459428 -0.00074654 1.1475e+00 -3.024e+03 144.953 0.000 
-0.00459428 -0.00008295 1.1440e+00 -3.049e+03 144.945 0.000 
-0.00459428 0.00058064 1.1405e+00 -3.076e+03 144.969 0.000 
-0.00459428 0.00124423 1.1370e+00 -3.101e+03 144.966 0.000 
-0.00459428 0.00190782 1.1336e+00 -3.127e+03 144.983 0.000 
-0.00459428 0.00257142 1.1303e+00 -3.147e+03 144.947 0.000 
-0.00459428 0.00323501 1.1272e+00 -3.169e+03 144.949 0.000 
-0.00459428 0.00389860 1.1242e+00 -3.189e+03 144.952 0.000 
-0.00459428 0.00456219 1.1215e+00 -3.206e+03 144.938 0.000 
-0.00459428 0.00522578 1.1189e+00 -3.224e+03 144.962 0.000 
-0.00459428 0.00588937 1.1168e+00 -3.230e+03 144.976 0.000 
-0.00459428 0.00655296 1.1148e+00 -3.239e+03 144.972 0.000 
-0.00028093 0.00854374 1.1390e+00 -3.227e+03 144.942 0.000 
-0.00028093 0.00920733 1.1422e+00 -3.215e+03 144.958 0.000 
-0.00028093 0.00987092 1.1454e+00 -3.201e+03 144.982 0.000 
-0.00459428 0.00721656 1.1132e+00 -3.245e+03 144.973 0.000 
-0.00459428 0.00788015 1.1118e+00 -3.248e+03 144.964 0.000 
-0.00459428 0.00854374 1.1108e+00 -3.249e+03 144.962 0.000 
-0.00459428 0.00920733 1.1101e+00 -3.248e+03 144.970 0.000 
-0.00459428 0.00987092 1.1097e+00 -3.244e+03 144.965 0.000 
-0.00459428 0.01053451 1.1096e+00 -3.238e+03 144.961 0.000 
-0.00459428 0.01119810 1.1096e+00 -3.241e+03 144.967 0.000 
-0.00459428 0.01186169 1.1101e+00 -3.229e+03 144.968 0.000 
-0.00476018 -0.00207372 1.1580e+00 -2.962e+03 144.945 0.000 
-0.00476018 -0.00141013 1.1545e+00 -2.987e+03 144.968 0.000 
-0.00476018 -0.00074654 1.1510e+00 -3.010e+03 144.961 0.000 
-0.00476018 -0.00008295 1.1474e+00 -3.036e+03 144.978 0.000 
-0.00476018 0.00058064 1.1439e+00 -3.061e+03 144.969 0.000 
-0.00476018 0.00124423 1.1403e+00 -3.087e+03 144.970 0.000 
-0.00476018 0.00190782 1.1367e+00 -3.114e+03 144.988 0.000 
-0.00476018 0.00257142 1.1334e+00 -3.135e+03 144.940 0.000 
-0.00476018 0.00323501 1.1301e+00 -3.158e+03 144.947 0.000 
-0.00476018 0.00389860 1.1270e+00 -3.179e+03 144.944 0.000 
-0.00476018 0.00456219 1.1240e+00 -3.199e+03 144.953 0.000 
-0.00476018 0.00522578 1.1213e+00 -3.216e+03 144.954 0.000 
-0.00476018 0.00588937 1.1190e+00 -3.224e+03 144.976 0.000 
-0.00476018 0.00655296 1.1168e+00 -3.233e+03 144.964 0.000 
-0.00476018 0.00721656 1.1149e+00 -3.242e+03 144.977 0.000 
-0.00476018 0.00788015 1.1134e+00 -3.246e+03 144.980 0.000 
-0.00476018 0.00854374 1.1121e+00 -3.248e+03 144.967 0.000 
-0.00476018 0.00920733 1.1112e+00 -3.248e+03 144.983 0.000 
-0.00476018 0.00987092 1.1106e+00 -3.245e+03 144.972 0.000 
-0.00476018 0.01053451 1.1103e+00 -3.240e+03 144.970 0.000 
-0.00476018 0.01119810 1.1103e+00 -3.234e+03 144.978 0.000 
-0.00476018 0.01186169 1.1105e+00 -3.229e+03 144.976 0.000 
-0.00028093 0.01053451 1.1487e+00 -3.188e+03 144.971 0.000 
-0.00028093 0.01119810 1.1519e+00 -3.175e+03 144.961 0.000 
-0.00028093 0.01186169 1.1551e+00 -3.163e+03 144.949 0.000 
-0.00492607 -0.00207372 1.1616e+00 -2.949e+03 144.969 0.000 
-0.00492607 -0.00141013 1.1582e+00 -2.967e+03 144.957 0.000 
-0.00492607 -0.00074654 1.1546e+00 -2.995e+03 144.958 0.000 
-0.00492607 -0.00008295 1.1510e+00 -3.021e+03 144.964 0.000 
-0.00492607 0.00058064 1.1473e+00 -3.047e+03 144.966 0.000 
-0.00492607 0.00124423 1.1437e+00 -3.073e+03 144.967 0.000 
-0.00492607 0.00190782 1.1401e+00 -3.100e+03 144.969 0.000 
-0.00492607 0.00257142 1.1365e+00 -3.124e+03 144.970 0.000 
-0.00492607 0.00323501 1.1331e+00 -3.149e+03 144.963 0.000 
-0.00492607 0.00389860 1.1299e+00 -3.168e+03 144.931 0.000 
-0.00492607 0.00456219 1.1267e+00 -3.190e+03 144.967 0.000 
-0.00492607 0.00522578 1.1238e+00 -3.208e+03 144.961 0.000 
-0.00492607 0.00588937 1.1213e+00 -3.217e+03 144.966 0.000 
-0.00492607 0.00655296 1.1189e+00 -3.229e+03 144.983 0.000 
-0.00492607 0.00721656 1.1169e+00 -3.237e+03 144.975 0.000 
-0.00492607 0.00788015 1.1151e+00 -3.243e+03 144.969 0.000 
-0.00492607 0.00854374 1.1137e+00 -3.246e+03 144.966 0.000 
-0.00492607 0.00920733 1.1125e+00 -3.247e+03 144.974 0.000 
-0.00492607 0.00987092 1.1117e+00 -3.245e+03 144.969 0.000 
-0.00492607 0.01053451 1.1112e+00 -3.241e+03 144.973 0.000 
-0.00492607 0.01119810 1.1110e+00 -3.235e+03 144.970 0.000 
-0.00492607 0.01186169 1.1111e+00 -3.228e+03 144.974 0.000 
-0.00044683 -0.00207372 1.1080e+00 -3.335e+03 144.981 0.000 
-0.00044683 -0.00141013 1.1078e+00 -3.343e+03 144.970 0.000 
-0.00044683 -0.00074654 1.1078e+00 -3.349e+03 144.976 0.000 
-0.00044683 -0.00008295 1.1082e+00 -3.348e+03 144.982 0.000 
-0.00044683 0.00058064 1.1089e+00 -3.350e+03 145.003 0.000 
-0.00044683 0.00124423 1.1099e+00 -3.346e+03 144.971 0.000 
-0.00044683 0.00190782 1.1111e+00 -3.342e+03 144.971 0.000 
-0.00044683 0.00257142 1.1127e+00 -3.336e+03 144.970 0.000 
-0.00044683 0.00323501 1.1145e+00 -3.328e+03 144.970 0.000 
-0.00044683 0.00389860 1.1166e+00 -3.321e+03 145.005 0.000 
-0.00044683 0.00456219 1.1189e+00 -3.307e+03 144.968 0.000 
-0.00044683 0.00522578 1.1214e+00 -3.296e+03 144.992 0.000 
-0.00044683 0.00588937 1.1242e+00 -3.280e+03 144.966 0.000 
-0.00044683 0.00655296 1.1270e+00 -3.268e+03 144.985 0.000 
-0.00044683 0.00721656 1.1299e+00 -3.257e+03 144.990 0.000 
-0.00044683 0.00788015 1.1330e+00 -3.238e+03 144.956 0.000 
-0.00044683 0.00854374 1.1361e+00 -3.229e+03 144.958 0.000 
-0.00044683 0.00920733 1.1393e+00 -3.214e+03 144.937 0.000 
-0.00044683 0.00987092 1.1425e+00 -3.202e+03 144.955 0.000 
-0.00044683 0.01053451 1.1457e+00 -3.188e+03 144.972 0.000 
-0.00044683 0.01119810 1.1489e+00 -3.175e+03 144.959 0.000 
-0.00044683 0.01186169 1.1522e+00 -3.162e+03 144.942 0.000 
-0.00061273 -0.00207372 1.1079e+00 -3.323e+03 144.971 0.000 
-0.00061273 -0.00141013 1.1074e+00 -3.332e+03 144.970 0.000 
0.00005086 0.00190782 1.1162e+00 -3.354e+03 144.971 0.000 
0.00005086 0.00257142 1.1183e+00 -3.344e+03 144.986 0.000 
0.00005086 0.00323501 1.1207e+00 -3.334e+03 144.973 0.000 
-0.00061273 -0.00074654 1.1073e+00 -3.340e+03 144.985 0.000 
-0.00061273 -0.00008295 1.1075e+00 -3.339e+03 144.982 0.000 
-0.00061273 0.00058064 1.1080e+00 -3.341e+03 144.969 0.000 
-0.00061273 0.00124423 1.1087e+00 -3.342e+03 144.982 0.000 
-0.00061273 0.00190782 1.1098e+00 -3.339e+03 144.988 0.000 
-0.00061273 0.00257142 1.1111e+00 -3.333e+03 144.974 0.000 
-0.00061273 0.00323501 1.1128e+00 -3.325e+03 144.963 0.000 
-0.00061273 0.00389860 1.1147e+00 -3.318e+03 144.978 0.000 
-0.00061273 0.00456219 1.1168e+00 -3.306e+03 144.966 0.000 
-0.00061273 0.00522578 1.1192e+00 -3.297e+03 144.989 0.000 
-0.00061273 0.00588937 1.1217e+00 -3.284e+03 144.997 0.000 
-0.00061273 0.00655296 1.1245e+00 -3.267e+03 144.962 0.000 
-0.00061273 0.00721656 1.1274e+00 -3.253e+03 144.966 0.000 
-0.00061273 0.00788015 1.1303e+00 -3.239e+03 144.962 0.000 
-0.00061273 0.00854374 1.1334e+00 -3.227e+03 144.953 0.000 
-0.00061273 0.00920733 1.1364e+00 -3.217e+03 144.965 0.000 
-0.00061273 0.00987092 1.1396e+00 -3.203e+03 144.950 0.000 
-0.00061273 0.01053451 1.1428e+00 -3.186e+03 144.947 0.000 
-0.00061273 0.01119810 1.1460e+00 -3.176e+03 144.978 0.000 
-0.00061273 0.01186169 1.1492e+00 -3.162e+03 144.942 0.000 
-0.00077863 -0.00207372 1.1079e+00 -3.312e+03 144.977 0.000 
-0.00077863 -0.00141013 1.1072e+00 -3.324e+03 144.992 0.000 
-0.00077863 -0.00074654 1.1069e+00 -3.330e+03 144.982 0.000 
-0.00077863 -0.00008295 1.1069e+00 -3.336e+03 144.968 0.000 
-0.00077863 0.00058064 1.1072e+00 -3.334e+03 144.974 0.000 
-0.00077863 0.00124423 1.1077e+00 -3.334e+03 144.966 0.000 
-0.00077863 0.00190782 1.1086e+00 -3.334e+03 144.978 0.000 
-0.00077863 0.00257142 1.1097e+00 -3.330e+03 144.970 0.000 
-0.00077863 0.00323501 1.1112e+00 -3.325e+03 144.984 0.000 
-0.00077863 0.00389860 1.1129e+00 -3.315e+03 144.965 0.000 
0.00005086 0.00389860 1.1233e+00 -3.319e+03 144.969 0.000 
0.00005086 0.00456219 1.1260e+00 -3.308e+03 144.965 0.000 
0.00005086 0.00522578 1.1289e+00 -3.295e+03 144.988 0.000 
-0.00077863 0.00456219 1.1148e+00 -3.308e+03 144.995 0.000 
-0.00077863 0.00522578 1.1170e+00 -3.297e+03 145.000 0.000 
-0.00077863 0.00588937 1.1195e+00 -3.285e+03 144.992 0.000 
-0.00077863 0.00655296 1.1221e+00 -3.269e+03 144.976 0.000 
-0.00077863 0.00721656 1.1247e+00 -3.262e+03 144.984 0.000 
-0.00077863 0.00788015 1.1277e+00 -3.245e+03 144.981 0.000 
-0.00077863 0.00854374 1.1307e+00 -3.231e+03 144.973 0.000 
-0.00077863 0.00920733 1.1336e+00 -3.220e+03 144.989 0.000 
-0.00077863 0.00987092 1.1368e+00 -3.206e+03 144.982 0.000 
-0.00077863 0.01053451 1.1399e+00 -3.192e+03 144.976 0.000 
-0.00077863 0.01119810 1.1431e+00 -3.177e+03 144.958 0.000 
-0.00077863 0.01186169 1.1463e+00 -3.164e+03 144.976 0.000 
-0.00094453 -0.00207372 1.1082e+00 -3.298e+03 144.967 0.000 
-0.00094453 -0.00141013 1.1073e+00 -3.312e+03 144.977 0.000 
-0.00094453 -0.00074654 1.1068e+00 -3.318e+03 144.957 0.000 
-0.00094453 -0.00008295 1.1064e+00 -3.329e+03 144.978 0.000 
-0.00094453 0.00058064 1.1065e+00 -3.333e+03 144.989 0.000 
-0.00094453 0.00124423 1.1068e+00 -3.335e+03 144.972 0.000 
-0.00094453 0.00190782 1.1075e+00 -3.329e+03 144.983 0.000 
-0.00094453 0.00257142 1.1085e+00 -3.326e+03 144.979 0.000 
-0.00094453 0.00323501 1.1097e+00 -3.321e+03 144.976 0.000 
-0.00094453 0.00389860 1.1113e+00 -3.314e+03 144.971 0.000 
-0.00094453 0.00456219 1.1131e+00 -3.305e+03 144.962 0.000 
-0.00094453 0.00522578 1.1150e+00 -3.300e+03 144.981 0.000 
-0.00094453 0.00588937 1.1173e+00 -3.289e+03 144.993 0.000 
-0.00094453 0.00655296 1.1197e+00 -3.276e+03 144.984 0.000 
-0.00094453 0.00721656 1.1224e+00 -3.262e+03 144.973 0.000 
-0.00094453 0.00788015 1.1252e+00 -3.246e+03 144.980 0.000 
-0.00094453 0.00854374 1.1281e+00 -3.232e+03 144.968 0.000 
-0.00094453 0.00920733 1.1310e+00 -3.222e+03 144.997 0.000 
0.00005086 0.00588937 1.1320e+00 -3.280e+03 144.973 0.000 
0.00005086 0.00655296 1.1351e+00 -3.266e+03 144.959 0.000 
0.00005086 0.00721656 1.1383e+00 -3.254e+03 144.949 0.000 
-0.00094453 0.00987092 1.1340e+00 -3.206e+03 144.973 0.000 
-0.00094453 0.01053451 1.1371e+00 -3.194e+03 144.986 0.000 
-0.00094453 0.01119810 1.1403e+00 -3.180e+03 144.976 0.000 
-0.00094453 0.01186169 1.1434e+00 -3.166e+03 144.964 0.000 
-0.00111042 -0.00207372 1.1085e+00 -3.288e+03 144.986 0.000 
-0.00111042 -0.00141013 1.1075e+00 -3.299e+03 144.968 0.000 
-0.00111042 -0.00074654 1.1067e+00 -3.310e+03 144.968 0.000 
-0.00111042 -0.00008295 1.1062e+00 -3.319e+03 144.969 0.000 
-0.00111042 0.00058064 1.1061e+00 -3.325e+03 144.963 0.000 
-0.00111042 0.00124423 1.1062e+00 -3.330e+03 144.972 0.000 
-0.00111042 0.00190782 1.1066e+00 -3.329e+03 144.964 0.000 
-0.00111042 0.00257142 1.1073e+00 -3.330e+03 144.985 0.000 
-0.00111042 0.00323501 1.1084e+00 -3.325e+03 144.966 0.000 
-0.00111042 0.00389860 1.1097e+00 -3.320e+03 144.980 0.000 
-0.00111042 0.00456219 1.1113e+00 -3.309e+03 144.979 0.000 
-0.00111042 0.00522578 1.1132e+00 -3.301e+03 144.995 0.000 
-0.00111042 0.00588937 1.1153e+00 -3.287e+03 144.982 0.000 
-0.00111042 0.00655296 1.1176e+00 -3.277e+03 144.983 0.000 
-0.00111042 0.00721656 1.1201e+00 -3.263e+03 144.976 0.000 
-0.00111042 0.00788015 1.1228e+00 -3.248e+03 144.990 0.000 
-0.00111042 0.00854374 1.1256e+00 -3.234e+03 144.958 0.000 
-0.00111042 0.00920733 1.1284e+00 -3.222e+03 144.978 0.000 
-0.00111042 0.00987092 1.1314e+00 -3.207e+03 144.958 0.000 
-0.00111042 0.01053451 1.1344e+00 -3.195e+03 144.989 0.000 
-0.00111042 0.01119810 1.1375e+00 -3.181e+03 144.980 0.000 
-0.00111042 0.01186169 1.1407e+00 -3.166e+03 144.967 0.000 
-0.00127632 -0.00207372 1.1091e+00 -3.275e+03 144.989 0.000 
-0.00127632 -0.00141013 1.1079e+00 -3.289e+03 144.987 0.000 
-0.00127632 -0.00074654 1.1069e+00 -3.300e+03 144.975 0.000 
-0.00127632 -0.00008295 1.1062e+00 -3.309e+03 144.965 0.000 
0.00005086 0.00788015 1.1415e+00 -3.242e+03 144.968 0.000 
0.00005086 0.00854374 1.1448e+00 -3.227e+03 144.944 0.000 
0.00005086 0.00920733 1.1482e+00 -3.211e+03 144.972 0.000 
-0.00127632 0.00058064 1.1058e+00 -3.317e+03 144.968 0.000 
-0.00127632 0.00124423 1.1057e+00 -3.323e+03 144.987 0.000 
-0.00127632 0.00190782 1.1059e+00 -3.324e+03 144.964 0.000 
-0.00127632 0.00257142 1.1064e+00 -3.325e+03 144.969 0.000 
-0.00127632 0.00323501 1.1073e+00 -3.323e+03 144.975 0.000 
-0.00127632 0.00389860 1.1084e+00 -3.318e+03 144.980 0.000 
-0.00127632 0.00456219 1.1098e+00 -3.310e+03 144.958 0.000 
-0.00127632 0.00522578 1.1115e+00 -3.299e+03 144.977 0.000 
-0.00127632 0.00588937 1.1134e+00 -3.290e+03 144.998 0.000 
-0.00127632 0.00655296 1.1156e+00 -3.277e+03 144.974 0.000 
-0.00127632 0.00721656 1.1180e+00 -3.266e+03 144.991 0.000 
-0.00127632 0.00788015 1.1205e+00 -3.252e+03 144.983 0.000 
-0.00127632 0.00854374 1.1232e+00 -3.235e+03 144.959 0.000 
-0.00127632 0.00920733 1.1260e+00 -3.222e+03 144.970 0.000 
-0.00127632 0.00987092 1.1289e+00 -3.209e+03 144.989 0.000 
-0.00127632 0.01053451 1.1318e+00 -3.195e+03 144.982 0.000 
-0.00127632 0.01119810 1.1348e+00 -3.182e+03 144.998 0.000 
-0.00127632 0.01186169 1.1379e+00 -3.168e+03 144.990 0.000 
-0.00144222 -0.00207372 1.1100e+00 -3.252e+03 144.971 0.000 
-0.00144222 -0.00141013 1.1084e+00 -3.276e+03 144.978 0.000 
-0.00144222 -0.00074654 1.1073e+00 -3.288e+03 144.971 0.000 
-0.00144222 -0.00008295 1.1064e+00 -3.299e+03 144.968 0.000 
-0.00144222 0.00058064 1.1058e+00 -3.309e+03 144.978 0.000 
-0.00144222 0.00124423 1.1055e+00 -3.315e+03 144.972 0.000 
-0.00144222 0.00190782 1.1055e+00 -3.319e+03 144.973 0.000 
-0.00144222 0.00257142 1.1057e+00 -3.321e+03 144.985 0.000 
-0.00144222 0.00323501 1.1064e+00 -3.320e+03 144.977 0.000 
-0.00144222 0.00389860 1.1073e+00 -3.316e+03 144.965 0.000 
-0.00144222 0.00456219 1.1085e+00 -3.312e+03 144.984 0.000 
-0.00144222 0.00522578 1.1100e+00 -3.299e+03 144.985 0.000 
0.00005086 0.00987092 1.1515e+00 -3.199e+03 144.969 0.000 
0.00005086 0.01053451 1.1547e+00 -3.187e+03 144.962 0.000 
0.00005086 0.01119810 1.1580e+00 -3.177e+03 144.990 0.000 
-0.00144222 0.00588937 1.1118e+00 -3.289e+03 144.976 0.000 
-0.00144222 0.00655296 1.1138e+00 -3.278e+03 144.976 0.000 
-0.00144222 0.00721656 1.1160e+00 -3.266e+03 144.977 0.000 
-0.00144222 0.00788015 1.1184e+00 -3.254e+03 144.990 0.000 
-0.00144222 0.00854374 1.1210e+00 -3.236e+03 144.950 0.000 
-0.00144222 0.00920733 1.1237e+00 -3.223e+03 144.959 0.000 
-0.00144222 0.00987092 1.1264e+00 -3.212e+03 144.993 0.000 
-0.00144222 0.01053451 1.1293e+00 -3.197e+03 144.994 0.000 
-0.00144222 0.01119810 1.1323e+00 -3.183e+03 144.988 0.000 
-0.00144222 0.01186169 1.1353e+00 -3.168e+03 144.963 0.000 
-0.00160812 -0.00207372 1.1108e+00 -3.249e+03 144.981 0.000 
-0.00160812 -0.00141013 1.1092e+00 -3.264e+03 144.980 0.000 
-0.00160812 -0.00074654 1.1078e+00 -3.278e+03 144.977 0.000 
-0.00160812 -0.00008295 1.1067e+00 -3.290e+03 144.976 0.000 
-0.00160812 0.00058064 1.1059e+00 -3.300e+03 144.977 0.000 
-0.00160812 0.00124423 1.1054e+00 -3.307e+03 144.977 0.000 
-0.00160812 0.00190782 1.1052e+00 -3.312e+03 144.972 0.000 
-0.00160812 0.00257142 1.1053e+00 -3.315e+03 144.977 0.000 
-0.00160812 0.00323501 1.1056e+00 -3.317e+03 144.990 0.000 
-0.00160812 0.00389860 1.1064e+00 -3.313e+03 144.967 0.000 
-0.00160812 0.00456219 1.1074e+00 -3.309e+03 144.973 0.000 
-0.00160812 0.00522578 1.1087e+00 -3.298e+03 144.977 0.000 
-0.00160812 0.00588937 1.1103e+00 -3.289e+03 144.971 0.000 
-0.00160812 0.00655296 1.1121e+00 -3.279e+03 144.969 0.000 
-0.00160812 0.00721656 1.1141e+00 -3.269e+03 144.993 0.000 
-0.00160812 0.00788015 1.1164e+00 -3.253e+03 144.986 0.000 
-0.00160812 0.00854374 1.1189e+00 -3.239e+03 144.952 0.000 
-0.00160812 0.00920733 1.1214e+00 -3.228e+03 145.004 0.000 
-0.00160812 0.00987092 1.1241e+00 -3.213e+03 144.976 0.000 
-0.00160812 0.01053451 1.1269e+00 -3.198e+03 144.963 0.000 
0.00005086 0.01186169 1.1612e+00 -3.164e+03 144.959 0.000 
-0.00011504 -0.00207372 1.1087e+00 -3.356e+03 144.964 0.000 
-0.00011504 -0.00141013 1.1089e+00 -3.360e+03 144.988 0.000 
-0.00160812 0.01119810 1.1298e+00 -3.182e+03 144.947 0.000 
-0.00160812 0.01186169 1.1328e+00 -3.170e+03 144.979 0.000 
-0.00177401 -0.00207372 1.1119e+00 -3.231e+03 144.985 0.000 
-0.00177401 -0.00141013 1.1102e+00 -3.246e+03 144.957 0.000 
-0.00177401 -0.00074654 1.1086e+00 -3.266e+03 144.972 0.000 
-0.00177401 -0.00008295 1.1073e+00 -3.281e+03 144.997 0.000 
-0.00177401 0.00058064 1.1063e+00 -3.290e+03 144.968 0.000 
-0.00177401 0.00124423 1.1055e+00 -3.300e+03 144.993 0.000 
-0.00177401 0.00190782 1.1051e+00 -3.305e+03 144.974 0.000 
-0.00177401 0.00257142 1.1050e+00 -3.310e+03 144.972 0.000 
-0.00177401 0.00323501 1.1052e+00 -3.307e+03 144.975 0.000 
-0.00177401 0.00389860 1.1057e+00 -3.306e+03 144.979 0.000 
-0.00177401 0.00456219 1.1065e+00 -3.303e+03 144.993 0.000 
-0.00177401 0.00522578 1.1076e+00 -3.297e+03 144.985 0.000 
-0.00177401 0.00588937 1.1089e+00 -3.290e+03 144.990 0.000 
-0.00177401 0.00655296 1.1106e+00 -3.281e+03 144.996 0.000 
-0.00177401 0.00721656 1.1125e+00 -3.269e+03 144.980 0.000 
-0.00177401 0.00788015 1.1145e+00 -3.257e+03 144.986 0.000 
-0.00177401 0.00854374 1.1169e+00 -3.242e+03 144.980 0.000 
-0.00177401 0.00920733 1.1193e+00 -3.229e+03 144.983 0.000 
-0.00177401 0.00987092 1.1219e+00 -3.215e+03 144.971 0.000 
-0.00177401 0.01053451 1.1246e+00 -3.201e+03 144.967 0.000 
-0.00177401 0.01119810 1.1274e+00 -3.186e+03 144.965 0.000 
-0.00177401 0.01186169 1.1303e+00 -3.173e+03 144.976 0.000 
-0.00193991 -0.00207372 1.1131e+00 -3.223e+03 144.990 0.000 
-0.00193991 -0.00141013 1.1113e+00 -3.234e+03 144.986 0.000 
-0.00193991 -0.00074654 1.1095e+00 -3.255e+03 144.975 0.000 
-0.00193991 -0.00008295 1.1080e+00 -3.269e+03 144.987 0.000 
-0.00193991 0.00058064 1.1068e+00 -3.281e+03 144.983 0.000 
-0.00193991 0.00124423 1.1059e+00 -3.291e+03 144.979 0.000 
-0.00011504 -0.00074654 1.1095e+00 -3.361e+03 144.964 0.000 
-0.00011504 -0.00008295 1.1103e+00 -3.360e+03 144.959 0.000 
-0.00011504 0.00058064 1.1113e+00 -3.358e+03 144.955 0.000 
-0.00193991 0.00190782 1.1053e+00 -3.293e+03 144.973 0.000 
-0.00193991 0.00257142 1.1049e+00 -3.299e+03 144.976 0.000 
-0.00193991 0.00323501 1.1049e+00 -3.301e+03 144.967 0.000 
-0.00193991 0.00389860 1.1052e+00 -3.302e+03 144.977 0.000 
-0.00193991 0.00456219 1.1058e+00 -3.299e+03 144.962 0.000 
-0.00193991 0.00522578 1.1066e+00 -3.295e+03 144.971 0.000 
-0.00193991 0.00588937 1.1078e+00 -3.288e+03 144.970 0.000 
-0.00193991 0.00655296 1.1092e+00 -3.281e+03 144.993 0.000 
-0.00193991 0.00721656 1.1110e+00 -3.269e+03 144.966 0.000 
-0.00193991 0.00788015 1.1129e+00 -3.259e+03 144.990 0.000 
-0.00193991 0.00854374 1.1151e+00 -3.243e+03 144.973 0.000 
-0.00193991 0.00920733 1.1174e+00 -3.229e+03 144.957 0.000 
-0.00193991 0.00987092 1.1198e+00 -3.217e+03 144.969 0.000 
-0.00193991 0.01053451 1.1224e+00 -3.203e+03 144.964 0.000 
-0.00193991 0.01119810 1.1252e+00 -3.188e+03 144.962 0.000 
-0.00193991 0.01186169 1.1280e+00 -3.174e+03 144.960 0.000 
-0.00210581 -0.00207372 1.1147e+00 -3.199e+03 144.975 0.000 
-0.00210581 -0.00141013 1.1126e+00 -3.217e+03 144.973 0.000 
-0.00210581 -0.00074654 1.1107e+00 -3.237e+03 144.963 0.000 
-0.00210581 -0.00008295 1.1090e+00 -3.252e+03 144.978 0.000 
-0.00210581 0.00058064 1.1075e+00 -3.271e+03 144.973 0.000 
-0.00210581 0.00124423 1.1065e+00 -3.277e+03 144.976 0.000 
-0.00210581 0.00190782 1.1056e+00 -3.286e+03 144.981 0.000 
-0.00210581 0.00257142 1.1050e+00 -3.293e+03 144.987 0.000 
-0.00210581 0.00323501 1.1048e+00 -3.296e+03 144.969 0.000 
-0.00210581 0.00389860 1.1049e+00 -3.297e+03 144.963 0.000 
-0.00210581 0.00456219 1.1052e+00 -3.296e+03 144.973 0.000 
-0.00210581 0.00522578 1.1059e+00 -3.295e+03 144.994 0.000 
-0.00210581 0.00588937 1.1069e+00 -3.288e+03 144.970 0.000 
-0.00210581 0.00655296 1.1081e+00 -3.280e+03 144.967 0.000 
-0.00011504 0.00124423 1.1127e+00 -3.355e+03 144.961 0.000 
-0.00011504 0.00190782 1.1144e+00 -3.349e+03 144.970 0.000 
-0.00011504 0.00257142 1.1163e+00 -3.343e+03 144.998 0.000 
