-0.00119337 0.00248847 1.0177e+00 -1.410e+02 0.2129471 0.000 0.1221301 0.0908171 
-0.00119337 0.00273731 1.0185e+00 -1.411e+02 0.2129710 0.000 0.1222236 0.0907476 
-0.00119337 0.00298616 1.0200e+00 -1.410e+02 0.2129733 0.000 0.1221568 0.0908165 
-0.00119337 0.00323501 1.0216e+00 -1.410e+02 0.2129697 0.000 0.1221766 0.0907929 
-0.00119337 0.00348385 1.0241e+00 -1.408e+02 0.2129098 0.000 0.1221156 0.0907944 
-0.00119337 0.00373270 1.0257e+00 -1.409e+02 0.2129848 0.000 0.1221758 0.0908094 
-0.00368184 0.00746540 1.0113e+00 -1.410e+02 0.2128923 0.000 0.1220690 0.0908228 
-0.00368184 0.00771425 1.0100e+00 -1.411e+02 0.2129644 0.000 0.1221498 0.0908145 
-0.00368184 0.00796310 1.0098e+00 -1.410e+02 0.2129520 0.000 0.1220226 0.0909296 
-0.00368184 0.00821194 1.0095e+00 -1.409e+02 0.2129351 0.000 0.1221341 0.0908010 
-0.00368184 0.00846079 1.0095e+00 -1.409e+02 0.2129416 0.000 0.1220800 0.0908617 
-0.00368184 0.00870964 1.0098e+00 -1.408e+02 0.2129341 0.000 0.1221172 0.0908168 
-0.00368184 0.00895848 1.0108e+00 -1.406e+02 0.2128347 0.000 0.1221659 0.0906688 
-0.00368184 0.00920733 1.0110e+00 -1.406e+02 0.2129777 0.000 0.1221311 0.0908469 
-0.00368184 0.00945618 1.0117e+00 -1.406e+02 0.2129803 0.000 0.1222892 0.0906914 
-0.00380626 0.00248847 1.0967e+00 -1.413e+02 0.2129793 0.000 0.1226604 0.0903190 
-0.00380626 0.00273731 1.0902e+00 -1.413e+02 0.2129703 0.000 0.1226921 0.0902782 
-0.00380626 0.00298616 1.0836e+00 -1.415e+02 0.2129703 0.000 0.1228728 0.0900976 
-0.00380626 0.00323501 1.0771e+00 -1.416e+02 0.2129764 0.000 0.1228472 0.0901291 
-0.00380626 0.00348385 1.0715e+00 -1.415e+02 0.2129742 0.000 0.1224371 0.0905374 
-0.00380626 0.00373270 1.0657e+00 -1.416e+02 0.2129956 0.000 0.1224273 0.0905684 
-0.00380626 0.00398155 1.0605e+00 -1.416e+02 0.2129633 0.000 0.1222484 0.0907149 
-0.00380626 0.00423039 1.0548e+00 -1.417e+02 0.2129746 0.000 0.1222956 0.0906793 
-0.00380626 0.00447924 1.0498e+00 -1.417e+02 0.2129654 0.000 0.1222980 0.0906677 
-0.00380626 0.00472809 1.0453e+00 -1.416e+02 0.2129746 0.000 0.1221733 0.0908016 
-0.00380626 0.00497693 1.0412e+00 -1.416e+02 0.2129713 0.000 0.1221519 0.0908192 
-0.00380626 0.00522578 1.0364e+00 -1.417e+02 0.2129813 0.000 0.1222053 0.0907760 
-0.00380626 0.00547463 1.0330e+00 -1.416e+02 0.2129577 0.000 0.1221286 0.0908293 
-0.00380626 0.00572347 1.0293e+00 -1.416e+02 0.2129775 0.000 0.1221652 0.0908124 
-0.00380626 0.00597232 1.0261e+00 -1.416e+02 0.2129880 0.000 0.1221826 0.0908056 
-0.00380626 0.00622117 1.0236e+00 -1.414e+02 0.2129676 0.000 0.1221213 0.0908465 
-0.00380626 0.00647002 1.0208e+00 -1.415e+02 0.2129698 0.000 0.1221514 0.0908186 
-0.00380626 0.00671886 1.0180e+00 -1.415e+02 0.2129693 0.000 0.1223805 0.0905892 
-0.00380626 0.00696771 1.0162e+00 -1.414e+02 0.2129679 0.000 0.1223338 0.0906339 
-0.00380626 0.00721656 1.0157e+00 -1.411e+02 0.2127993 0.000 0.1222111 0.0905884 
-0.00380626 0.00746540 1.0132e+00 -1.413e+02 0.2129941 0.000 0.1221781 0.0908159 
-0.00380626 0.00771425 1.0129e+00 -1.411e+02 0.2129008 0.000 0.1220375 0.0908631 
-0.00380626 0.00796310 1.0122e+00 -1.410e+02 0.2128283 0.000 0.1222166 0.0906119 
-0.00380626 0.00821194 1.0118e+00 -1.409e+02 0.2128260 0.000 0.1221978 0.0906279 
-0.00380626 0.00846079 1.0106e+00 -1.410e+02 0.2129694 0.000 0.1222443 0.0907252 
-0.00380626 0.00870964 1.0115e+00 -1.407e+02 0.2128161 0.000 0.1221782 0.0906383 
-0.00380626 0.00895848 1.0117e+00 -1.407e+02 0.2128877 0.000 0.1219919 0.0908960 
-0.00380626 0.00920733 1.0125e+00 -1.405e+02 0.2128946 0.000 0.1218502 0.0910442 
-0.00380626 0.00945618 1.0131e+00 -1.405e+02 0.2129287 0.000 0.1218410 0.0910878 
-0.00393069 0.00248847 1.1060e+00 -1.412e+02 0.2129807 0.000 0.1226384 0.0903420 
-0.00393069 0.00273731 1.0993e+00 -1.413e+02 0.2129628 0.000 0.1226204 0.0903422 
-0.00393069 0.00298616 1.0925e+00 -1.414e+02 0.2129838 0.000 0.1227162 0.0902678 
-0.00393069 0.00323501 1.0861e+00 -1.415e+02 0.2129641 0.000 0.1227750 0.0901893 
-0.00393069 0.00348385 1.0802e+00 -1.415e+02 0.2129905 0.000 0.1224119 0.0905789 
-0.00393069 0.00373270 1.0740e+00 -1.416e+02 0.2129767 0.000 0.1224006 0.0905766 
-0.00393069 0.00398155 1.0681e+00 -1.416e+02 0.2129887 0.000 0.1224383 0.0905503 
-0.00393069 0.00423039 1.0630e+00 -1.416e+02 0.2129584 0.000 0.1222483 0.0907100 
-0.00393069 0.00447924 1.0570e+00 -1.417e+02 0.2129612 0.000 0.1224509 0.0905108 
-0.00393069 0.00472809 1.0523e+00 -1.417e+02 0.2129685 0.000 0.1222533 0.0907148 
-0.00393069 0.00497693 1.0477e+00 -1.417e+02 0.2129659 0.000 0.1221747 0.0907911 
-0.00393069 0.00522578 1.0425e+00 -1.418e+02 0.2129688 0.000 0.1225448 0.0904246 
-0.00393069 0.00547463 1.0387e+00 -1.417e+02 0.2129798 0.000 0.1222125 0.0907671 
-0.00393069 0.00572347 1.0342e+00 -1.418e+02 0.2129699 0.000 0.1225402 0.0904298 
-0.00393069 0.00597232 1.0316e+00 -1.416e+02 0.2129723 0.000 0.1221494 0.0908230 
-0.00393069 0.00622117 1.0282e+00 -1.416e+02 0.2129776 0.000 0.1222509 0.0907266 
-0.00393069 0.00647002 1.0250e+00 -1.416e+02 0.2129787 0.000 0.1223788 0.0905994 
-0.00393069 0.00671886 1.0228e+00 -1.415e+02 0.2129580 0.000 0.1221496 0.0908084 
-0.00393069 0.00696771 1.0205e+00 -1.414e+02 0.2129652 0.000 0.1221337 0.0908313 
-0.00393069 0.00721656 1.0183e+00 -1.414e+02 0.2130003 0.000 0.1221838 0.0908167 
-0.00393069 0.00746540 1.0164e+00 -1.414e+02 0.2129716 0.000 0.1223600 0.0906115 
-0.00393069 0.00771425 1.0156e+00 -1.412e+02 0.2129233 0.000 0.1221902 0.0907329 
-0.00144222 0.00298616 1.0149e+00 -1.408e+02 0.2128553 0.000 0.1219207 0.0909343 
-0.00144222 0.00323501 1.0153e+00 -1.409e+02 0.2129181 0.000 0.1219672 0.0909510 
-0.00144222 0.00348385 1.0162e+00 -1.409e+02 0.2129589 0.000 0.1219894 0.0909693 
-0.00144222 0.00373270 1.0175e+00 -1.409e+02 0.2129989 0.000 0.1219880 0.0910108 
-0.00144222 0.00398155 1.0194e+00 -1.408e+02 0.2129551 0.000 0.1219843 0.0909710 
-0.00144222 0.00423039 1.0208e+00 -1.409e+02 0.2129698 0.000 0.1222019 0.0907678 
-0.00393069 0.00796310 1.0138e+00 -1.413e+02 0.2129989 0.000 0.1222484 0.0907504 
-0.00393069 0.00821194 1.0134e+00 -1.411e+02 0.2129642 0.000 0.1220969 0.0908675 
-0.00393069 0.00846079 1.0128e+00 -1.411e+02 0.2129693 0.000 0.1221664 0.0908028 
-0.00393069 0.00870964 1.0124e+00 -1.410e+02 0.2129781 0.000 0.1221804 0.0907976 
-0.00393069 0.00895848 1.0124e+00 -1.409e+02 0.2129747 0.000 0.1221285 0.0908464 
-0.00393069 0.00920733 1.0122e+00 -1.409e+02 0.2129643 0.000 0.1223025 0.0906615 
-0.00393069 0.00945618 1.0129e+00 -1.407e+02 0.2130005 0.000 0.1221127 0.0908880 
-0.00405511 0.00248847 1.1153e+00 -1.412e+02 0.2129855 0.000 0.1225813 0.0904040 
-0.00405511 0.00273731 1.1088e+00 -1.412e+02 0.2129695 0.000 0.1225797 0.0903897 
-0.00405511 0.00298616 1.1022e+00 -1.413e+02 0.2129683 0.000 0.1225394 0.0904292 
-0.00405511 0.00323501 1.0954e+00 -1.414e+02 0.2129458 0.000 0.1226458 0.0903000 
-0.00405511 0.00348385 1.0888e+00 -1.415e+02 0.2129535 0.000 0.1228144 0.0901391 
-0.00405511 0.00373270 1.0829e+00 -1.415e+02 0.2129797 0.000 0.1223877 0.0905919 
-0.00405511 0.00398155 1.0761e+00 -1.417e+02 0.2129779 0.000 0.1228569 0.0901204 
-0.00405511 0.00423039 1.0708e+00 -1.416e+02 0.2129718 0.000 0.1224157 0.0905558 
-0.00405511 0.00447924 1.0652e+00 -1.417e+02 0.2129800 0.000 0.1224423 0.0905378 
-0.00405511 0.00472809 1.0602e+00 -1.416e+02 0.2129677 0.000 0.1222678 0.0906999 
-0.00405511 0.00497693 1.0549e+00 -1.417e+02 0.2129526 0.000 0.1222434 0.0907094 
-0.00405511 0.00522578 1.0500e+00 -1.417e+02 0.2129722 0.000 0.1222638 0.0907083 
-0.00405511 0.00547463 1.0456e+00 -1.417e+02 0.2129945 0.000 0.1221956 0.0907991 
-0.00405511 0.00572347 1.0410e+00 -1.418e+02 0.2129666 0.000 0.1225290 0.0904374 
-0.00405511 0.00597232 1.0374e+00 -1.417e+02 0.2129667 0.000 0.1222097 0.0907574 
-0.00405511 0.00622117 1.0332e+00 -1.418e+02 0.2129539 0.000 0.1225670 0.0903867 
-0.00405511 0.00647002 1.0310e+00 -1.416e+02 0.2129652 0.000 0.1221462 0.0908186 
-0.00405511 0.00671886 1.0280e+00 -1.415e+02 0.2129717 0.000 0.1221340 0.0908378 
-0.00405511 0.00696771 1.0253e+00 -1.415e+02 0.2129423 0.000 0.1222517 0.0906903 
-0.00405511 0.00721656 1.0227e+00 -1.415e+02 0.2129845 0.000 0.1221385 0.0908461 
-0.00405511 0.00746540 1.0207e+00 -1.414e+02 0.2129705 0.000 0.1221521 0.0908183 
-0.00405511 0.00771425 1.0189e+00 -1.413e+02 0.2129474 0.000 0.1222183 0.0907293 
-0.00405511 0.00796310 1.0180e+00 -1.412e+02 0.2128474 0.000 0.1222143 0.0906333 
-0.00405511 0.00821194 1.0171e+00 -1.410e+02 0.2128123 0.000 0.1222184 0.0905937 
-0.00405511 0.00846079 1.0160e+00 -1.410e+02 0.2129615 0.000 0.1219823 0.0909791 
-0.00405511 0.00870964 1.0153e+00 -1.409e+02 0.2129007 0.000 0.1221509 0.0907497 
-0.00405511 0.00895848 1.0156e+00 -1.407e+02 0.2128978 0.000 0.1218663 0.0910317 
-0.00405511 0.00920733 1.0143e+00 -1.409e+02 0.2129638 0.000 0.1221457 0.0908177 
-0.00405511 0.00945618 1.0143e+00 -1.408e+02 0.2129743 0.000 0.1221316 0.0908426 
-0.00417953 0.00248847 1.1254e+00 -1.411e+02 0.2129710 0.000 0.1224060 0.0905649 
-0.00417953 0.00273731 1.1182e+00 -1.412e+02 0.2129658 0.000 0.1225316 0.0904341 
-0.00417953 0.00298616 1.1110e+00 -1.414e+02 0.2130007 0.000 0.1227492 0.0902514 
-0.00417953 0.00323501 1.1052e+00 -1.413e+02 0.2129515 0.000 0.1224735 0.0904780 
-0.00417953 0.00348385 1.0981e+00 -1.414e+02 0.2129633 0.000 0.1226507 0.0903128 
-0.00417953 0.00373270 1.0916e+00 -1.415e+02 0.2129610 0.000 0.1227060 0.0902551 
-0.00417953 0.00398155 1.0852e+00 -1.416e+02 0.2129628 0.000 0.1227947 0.0901683 
-0.00417953 0.00423039 1.0795e+00 -1.416e+02 0.2129845 0.000 0.1224276 0.0905570 
-0.00417953 0.00447924 1.0735e+00 -1.417e+02 0.2129745 0.000 0.1224328 0.0905416 
-0.00417953 0.00472809 1.0680e+00 -1.417e+02 0.2129680 0.000 0.1224303 0.0905380 
-0.00417953 0.00497693 1.0630e+00 -1.417e+02 0.2129615 0.000 0.1222596 0.0907017 
-0.00417953 0.00522578 1.0573e+00 -1.418e+02 0.2129650 0.000 0.1224416 0.0905232 
-0.00417953 0.00547463 1.0528e+00 -1.418e+02 0.2129753 0.000 0.1222615 0.0907138 
-0.00417953 0.00572347 1.0482e+00 -1.418e+02 0.2129845 0.000 0.1222697 0.0907142 
-0.00417953 0.00597232 1.0443e+00 -1.417e+02 0.2129679 0.000 0.1221913 0.0907766 
-0.00417953 0.00622117 1.0408e+00 -1.416e+02 0.2129758 0.000 0.1221109 0.0908651 
-0.00417953 0.00647002 1.0358e+00 -1.418e+02 0.2129991 0.000 0.1225273 0.0904721 
-0.00417953 0.00671886 1.0335e+00 -1.416e+02 0.2129735 0.000 0.1221597 0.0908137 
-0.00417953 0.00696771 1.0308e+00 -1.415e+02 0.2129671 0.000 0.1221020 0.0908648 
-0.00417953 0.00721656 1.0279e+00 -1.415e+02 0.2129845 0.000 0.1221290 0.0908554 
-0.00417953 0.00746540 1.0256e+00 -1.414e+02 0.2129766 0.000 0.1221400 0.0908365 
-0.00417953 0.00771425 1.0243e+00 -1.412e+02 0.2127906 0.000 0.1222153 0.0905756 
-0.00417953 0.00796310 1.0211e+00 -1.414e+02 0.2129638 0.000 0.1222547 0.0907090 
-0.00417953 0.00821194 1.0196e+00 -1.413e+02 0.2129751 0.000 0.1222283 0.0907469 
-0.00144222 0.00447924 1.0236e+00 -1.407e+02 0.2129112 0.000 0.1221365 0.0907751 
-0.00144222 0.00472809 1.0260e+00 -1.406e+02 0.2129620 0.000 0.1219726 0.0909895 
-0.00144222 0.00497693 1.0280e+00 -1.407e+02 0.2129834 0.000 0.1221634 0.0908198 
-0.00144222 0.00522578 1.0306e+00 -1.407e+02 0.2129783 0.000 0.1222761 0.0907022 
-0.00144222 0.00547463 1.0335e+00 -1.406e+02 0.2129837 0.000 0.1222932 0.0906905 
-0.00144222 0.00572347 1.0359e+00 -1.407e+02 0.2129731 0.000 0.1227121 0.0902611 
-0.00144222 0.00597232 1.0395e+00 -1.405e+02 0.2129603 0.000 0.1226646 0.0902959 
-0.00144222 0.00622117 1.0427e+00 -1.405e+02 0.2129708 0.000 0.1226893 0.0902816 
-0.00144222 0.00647002 1.0470e+00 -1.403e+02 0.2129792 0.000 0.1220843 0.0908950 
-0.00144222 0.00671886 1.0503e+00 -1.403e+02 0.2129988 0.000 0.1220819 0.0909166 
-0.00144222 0.00696771 1.0533e+00 -1.403e+02 0.2129713 0.000 0.1225804 0.0903910 
-0.00144222 0.00721656 1.0578e+00 -1.401e+02 0.2130091 0.000 0.1220659 0.0909428 
-0.00144222 0.00746540 1.0608e+00 -1.402e+02 0.2129799 0.000 0.1226043 0.0903753 
-0.00144222 0.00771425 1.0646e+00 -1.401e+02 0.2129645 0.000 0.1225486 0.0904157 
-0.00144222 0.00796310 1.0682e+00 -1.401e+02 0.2129966 0.000 0.1223434 0.0906529 
-0.00144222 0.00821194 1.0722e+00 -1.400e+02 0.2129627 0.000 0.1224077 0.0905550 
-0.00144222 0.00846079 1.0753e+00 -1.401e+02 0.2129649 0.000 0.1227714 0.0901935 
-0.00144222 0.00870964 1.0801e+00 -1.398e+02 0.2129747 0.000 0.1218312 0.0911434 
-0.00144222 0.00895848 1.0829e+00 -1.400e+02 0.2129803 0.000 0.1227198 0.0902605 
-0.00144222 0.00920733 1.0868e+00 -1.399e+02 0.2129712 0.000 0.1226471 0.0903238 
-0.00144222 0.00945618 1.0899e+00 -1.400e+02 0.2129872 0.000 0.1228001 0.0901868 
-0.00156664 0.00248847 1.0116e+00 -1.411e+02 0.2129580 0.000 0.1220336 0.0909242 
-0.00156664 0.00273731 1.0112e+00 -1.412e+02 0.2129848 0.000 0.1221052 0.0908797 
-0.00156664 0.00298616 1.0117e+00 -1.411e+02 0.2129747 0.000 0.1220076 0.0909674 
-0.00156664 0.00323501 1.0121e+00 -1.411e+02 0.2129736 0.000 0.1220457 0.0909278 
-0.00156664 0.00348385 1.0127e+00 -1.410e+02 0.2129693 0.000 0.1221790 0.0907903 
-0.00156664 0.00373270 1.0148e+00 -1.408e+02 0.2128956 0.000 0.1219560 0.0909397 
-0.00156664 0.00398155 1.0157e+00 -1.408e+02 0.2129539 0.000 0.1219900 0.0909637 
-0.00156664 0.00423039 1.0173e+00 -1.408e+02 0.2129658 0.000 0.1220054 0.0909608 
-0.00156664 0.00447924 1.0190e+00 -1.408e+02 0.2129762 0.000 0.1219791 0.0909970 
-0.00156664 0.00472809 1.0206e+00 -1.408e+02 0.2129848 0.000 0.1222090 0.0907758 
-0.00156664 0.00497693 1.0238e+00 -1.406e+02 0.2129384 0.000 0.1219688 0.0909697 
-0.00156664 0.00522578 1.0262e+00 -1.405e+02 0.2129610 0.000 0.1219436 0.0910175 
-0.00156664 0.00547463 1.0283e+00 -1.406e+02 0.2129640 0.000 0.1222284 0.0907355 
-0.00156664 0.00572347 1.0311e+00 -1.405e+02 0.2129670 0.000 0.1222546 0.0907127 
-0.00156664 0.00597232 1.0332e+00 -1.407e+02 0.2129671 0.000 0.1227424 0.0902247 
-0.00156664 0.00622117 1.0363e+00 -1.406e+02 0.2129733 0.000 0.1227341 0.0902393 
-0.00156664 0.00647002 1.0400e+00 -1.404e+02 0.2129570 0.000 0.1227011 0.0902561 
-0.00156664 0.00671886 1.0432e+00 -1.404e+02 0.2129672 0.000 0.1227169 0.0902504 
-0.00156664 0.00696771 1.0476e+00 -1.402e+02 0.2129705 0.000 0.1220469 0.0909238 
-0.00156664 0.00721656 1.0502e+00 -1.403e+02 0.2129760 0.000 0.1226436 0.0903324 
-0.00156664 0.00746540 1.0538e+00 -1.402e+02 0.2129825 0.000 0.1226068 0.0903759 
-0.00156664 0.00771425 1.0586e+00 -1.399e+02 0.2129643 0.000 0.1219924 0.0909718 
-0.00156664 0.00796310 1.0612e+00 -1.401e+02 0.2129711 0.000 0.1226266 0.0903449 
-0.00156664 0.00821194 1.0649e+00 -1.400e+02 0.2129781 0.000 0.1225533 0.0904246 
-0.00156664 0.00846079 1.0689e+00 -1.399e+02 0.2129818 0.000 0.1222325 0.0907493 
-0.00156664 0.00870964 1.0724e+00 -1.399e+02 0.2129614 0.000 0.1224357 0.0905259 
-0.00156664 0.00895848 1.0756e+00 -1.400e+02 0.2129663 0.000 0.1227781 0.0901883 
-0.00156664 0.00920733 1.0799e+00 -1.398e+02 0.2129793 0.000 0.1224822 0.0904972 
-0.00156664 0.00945618 1.0835e+00 -1.398e+02 0.2129623 0.000 0.1226805 0.0902820 
-0.00169107 0.00248847 1.0109e+00 -1.412e+02 0.2129658 0.000 0.1220461 0.0909199 
-0.00169107 0.00273731 1.0104e+00 -1.411e+02 0.2129547 0.000 0.1220322 0.0909227 
-0.00169107 0.00298616 1.0104e+00 -1.411e+02 0.2129332 0.000 0.1219820 0.0909510 
-0.00169107 0.00323501 1.0102e+00 -1.411e+02 0.2129685 0.000 0.1220258 0.0909432 
-0.00119337 0.00398155 1.0281e+00 -1.409e+02 0.2129767 0.000 0.1221648 0.0908119 
-0.00119337 0.00423039 1.0296e+00 -1.410e+02 0.2129798 0.000 0.1226380 0.0903419 
-0.00119337 0.00447924 1.0324e+00 -1.410e+02 0.2129719 0.000 0.1226474 0.0903243 
-0.00119337 0.00472809 1.0364e+00 -1.407e+02 0.2129707 0.000 0.1220871 0.0908833 
-0.00119337 0.00497693 1.0387e+00 -1.408e+02 0.2129720 0.000 0.1226714 0.0903009 
-0.00119337 0.00522578 1.0420e+00 -1.407e+02 0.2129778 0.000 0.1226277 0.0903503 
-0.00169107 0.00348385 1.0106e+00 -1.411e+02 0.2129947 0.000 0.1220064 0.0909883 
-0.00169107 0.00373270 1.0112e+00 -1.410e+02 0.2130000 0.000 0.1220237 0.0909768 
-0.00169107 0.00398155 1.0120e+00 -1.410e+02 0.2129622 0.000 0.1221962 0.0907658 
-0.00169107 0.00423039 1.0132e+00 -1.409e+02 0.2129607 0.000 0.1222022 0.0907585 
-0.00169107 0.00447924 1.0156e+00 -1.407e+02 0.2129324 0.000 0.1219707 0.0909614 
-0.00169107 0.00472809 1.0170e+00 -1.407e+02 0.2129890 0.000 0.1219960 0.0909930 
-0.00169107 0.00497693 1.0190e+00 -1.407e+02 0.2129685 0.000 0.1220115 0.0909567 
-0.00169107 0.00522578 1.0207e+00 -1.407e+02 0.2129773 0.000 0.1222488 0.0907285 
-0.00169107 0.00547463 1.0241e+00 -1.405e+02 0.2129323 0.000 0.1219778 0.0909542 
-0.00169107 0.00572347 1.0263e+00 -1.405e+02 0.2129691 0.000 0.1219844 0.0909849 
-0.00169107 0.00597232 1.0286e+00 -1.405e+02 0.2129687 0.000 0.1222300 0.0907387 
-0.00169107 0.00622117 1.0316e+00 -1.404e+02 0.2129785 0.000 0.1222131 0.0907651 
-0.00169107 0.00647002 1.0339e+00 -1.405e+02 0.2129531 0.000 0.1227238 0.0902290 
-0.00169107 0.00671886 1.0371e+00 -1.404e+02 0.2129606 0.000 0.1226940 0.0902668 
-0.00169107 0.00696771 1.0405e+00 -1.404e+02 0.2129758 0.000 0.1227137 0.0902619 
-0.00169107 0.00721656 1.0437e+00 -1.403e+02 0.2129841 0.000 0.1227204 0.0902637 
-0.00169107 0.00746540 1.0482e+00 -1.401e+02 0.2129677 0.000 0.1220743 0.0908935 
-0.00169107 0.00771425 1.0509e+00 -1.402e+02 0.2129762 0.000 0.1226354 0.0903407 
-0.00169107 0.00796310 1.0545e+00 -1.401e+02 0.2129554 0.000 0.1226193 0.0903366 
-0.00169107 0.00821194 1.0588e+00 -1.399e+02 0.2129719 0.000 0.1221694 0.0908020 
-0.00169107 0.00846079 1.0621e+00 -1.399e+02 0.2129802 0.000 0.1223207 0.0906593 
-0.00169107 0.00870964 1.0654e+00 -1.399e+02 0.2129972 0.000 0.1223625 0.0906346 
-0.00169107 0.00895848 1.0692e+00 -1.399e+02 0.2129753 0.000 0.1223056 0.0906695 
-0.00169107 0.00920733 1.0727e+00 -1.398e+02 0.2129816 0.000 0.1225325 0.0904492 
-0.00169107 0.00945618 1.0765e+00 -1.398e+02 0.2129824 0.000 0.1223917 0.0905908 
-0.00181549 0.00248847 1.0110e+00 -1.412e+02 0.2129967 0.000 0.1220367 0.0909599 
-0.00181549 0.00273731 1.0101e+00 -1.412e+02 0.2129552 0.000 0.1220173 0.0909381 
-0.00181549 0.00298616 1.0095e+00 -1.411e+02 0.2128988 0.000 0.1220839 0.0908149 
-0.00181549 0.00323501 1.0092e+00 -1.411e+02 0.2128850 0.000 0.1220734 0.0908121 
-0.00181549 0.00348385 1.0090e+00 -1.411e+02 0.2129453 0.000 0.1220042 0.0909412 
-0.00181549 0.00373270 1.0093e+00 -1.410e+02 0.2129472 0.000 0.1219995 0.0909476 
-0.00181549 0.00398155 1.0099e+00 -1.410e+02 0.2129643 0.000 0.1220151 0.0909492 
-0.00181549 0.00423039 1.0106e+00 -1.410e+02 0.2129959 0.000 0.1220222 0.0909739 
-0.00181549 0.00447924 1.0118e+00 -1.409e+02 0.2129709 0.000 0.1220224 0.0909485 
-0.00181549 0.00472809 1.0129e+00 -1.409e+02 0.2129753 0.000 0.1222064 0.0907690 
-0.00181549 0.00497693 1.0155e+00 -1.406e+02 0.2129182 0.000 0.1219823 0.0909357 
-0.00181549 0.00522578 1.0170e+00 -1.407e+02 0.2129790 0.000 0.1219969 0.0909817 
-0.00181549 0.00547463 1.0186e+00 -1.407e+02 0.2129047 0.000 0.1224919 0.0904129 
-0.00181549 0.00572347 1.0210e+00 -1.406e+02 0.2129732 0.000 0.1222304 0.0907426 
-0.00181549 0.00597232 1.0242e+00 -1.404e+02 0.2129714 0.000 0.1219775 0.0909941 
-0.00181549 0.00622117 1.0268e+00 -1.404e+02 0.2129654 0.000 0.1219721 0.0909937 
-0.00181549 0.00647002 1.0293e+00 -1.404e+02 0.2129701 0.000 0.1222233 0.0907471 
-0.00181549 0.00671886 1.0323e+00 -1.403e+02 0.2129602 0.000 0.1221803 0.0907800 
-0.00181549 0.00696771 1.0342e+00 -1.405e+02 0.2129869 0.000 0.1227556 0.0902312 
-0.00181549 0.00721656 1.0376e+00 -1.404e+02 0.2129727 0.000 0.1227218 0.0902507 
-0.00181549 0.00746540 1.0412e+00 -1.402e+02 0.2129641 0.000 0.1227040 0.0902601 
-0.00181549 0.00771425 1.0445e+00 -1.402e+02 0.2129677 0.000 0.1226973 0.0902705 
-0.00181549 0.00796310 1.0488e+00 -1.400e+02 0.2129782 0.000 0.1221050 0.0908732 
-0.00181549 0.00821194 1.0516e+00 -1.400e+02 0.2129657 0.000 0.1226228 0.0903428 
-0.00181549 0.00846079 1.0550e+00 -1.400e+02 0.2129785 0.000 0.1225954 0.0903831 
-0.00181549 0.00870964 1.0595e+00 -1.398e+02 0.2129836 0.000 0.1220868 0.0908971 
-0.00181549 0.00895848 1.0627e+00 -1.398e+02 0.2129860 0.000 0.1222990 0.0906872 
-0.00181549 0.00920733 1.0659e+00 -1.398e+02 0.2129846 0.000 0.1225486 0.0904361 
-0.00181549 0.00945618 1.0696e+00 -1.398e+02 0.2129723 0.000 0.1224947 0.0904780 
-0.00193991 0.00248847 1.0120e+00 -1.412e+02 0.2129782 0.000 0.1220367 0.0909412 
-0.00193991 0.00273731 1.0106e+00 -1.412e+02 0.2129592 0.000 0.1220255 0.0909338 
-0.00193991 0.00298616 1.0095e+00 -1.411e+02 0.2128975 0.000 0.1220882 0.0908094 
-0.00193991 0.00323501 1.0088e+00 -1.411e+02 0.2128589 0.000 0.1220563 0.0908029 
-0.00193991 0.00348385 1.0084e+00 -1.410e+02 0.2128844 0.000 0.1219697 0.0909147 
-0.00193991 0.00373270 1.0082e+00 -1.410e+02 0.2128709 0.000 0.1219887 0.0908824 
-0.00119337 0.00547463 1.0464e+00 -1.405e+02 0.2129652 0.000 0.1220596 0.0909055 
-0.00119337 0.00572347 1.0498e+00 -1.404e+02 0.2129782 0.000 0.1219982 0.0909800 
-0.00119337 0.00597232 1.0526e+00 -1.405e+02 0.2129577 0.000 0.1225830 0.0903749 
-0.00119337 0.00622117 1.0564e+00 -1.405e+02 0.2129859 0.000 0.1223548 0.0906312 
-0.00119337 0.00647002 1.0599e+00 -1.404e+02 0.2129887 0.000 0.1225885 0.0904006 
-0.00119337 0.00671886 1.0638e+00 -1.404e+02 0.2129700 0.000 0.1225526 0.0904175 
-0.00193991 0.00398155 1.0081e+00 -1.410e+02 0.2128515 0.000 0.1221774 0.0906738 
-0.00193991 0.00423039 1.0086e+00 -1.410e+02 0.2129428 0.000 0.1220117 0.0909310 
-0.00193991 0.00447924 1.0095e+00 -1.409e+02 0.2129415 0.000 0.1219867 0.0909543 
-0.00193991 0.00472809 1.0102e+00 -1.409e+02 0.2129871 0.000 0.1220229 0.0909645 
-0.00193991 0.00497693 1.0117e+00 -1.408e+02 0.2129665 0.000 0.1220041 0.0909621 
-0.00193991 0.00522578 1.0124e+00 -1.409e+02 0.2129381 0.000 0.1225168 0.0904214 
-0.00193991 0.00547463 1.0153e+00 -1.406e+02 0.2129498 0.000 0.1220027 0.0909469 
-0.00193991 0.00572347 1.0172e+00 -1.406e+02 0.2129903 0.000 0.1220111 0.0909790 
-0.00193991 0.00597232 1.0189e+00 -1.406e+02 0.2129986 0.000 0.1222560 0.0907423 
-0.00193991 0.00622117 1.0208e+00 -1.407e+02 0.2129762 0.000 0.1225807 0.0903955 
-0.00193991 0.00647002 1.0244e+00 -1.404e+02 0.2128496 0.000 0.1224469 0.0904024 
-0.00193991 0.00671886 1.0271e+00 -1.403e+02 0.2129704 0.000 0.1221790 0.0907915 
-0.00193991 0.00696771 1.0300e+00 -1.403e+02 0.2129717 0.000 0.1221833 0.0907883 
-0.00193991 0.00721656 1.0330e+00 -1.402e+02 0.2129661 0.000 0.1222431 0.0907229 
-0.00193991 0.00746540 1.0353e+00 -1.403e+02 0.2129653 0.000 0.1226923 0.0902730 
-0.00193991 0.00771425 1.0385e+00 -1.402e+02 0.2129651 0.000 0.1226667 0.0902981 
-0.00193991 0.00796310 1.0419e+00 -1.401e+02 0.2129663 0.000 0.1227029 0.0902634 
-0.00193991 0.00821194 1.0452e+00 -1.401e+02 0.2129636 0.000 0.1227533 0.0902104 
-0.00193991 0.00846079 1.0497e+00 -1.398e+02 0.2129793 0.000 0.1220241 0.0909554 
-0.00193991 0.00870964 1.0523e+00 -1.399e+02 0.2129759 0.000 0.1226368 0.0903391 
-0.00193991 0.00895848 1.0559e+00 -1.399e+02 0.2129655 0.000 0.1225854 0.0903801 
-0.00193991 0.00920733 1.0604e+00 -1.396e+02 0.2129785 0.000 0.1219936 0.0909846 
-0.00193991 0.00945618 1.0629e+00 -1.398e+02 0.2129780 0.000 0.1226188 0.0903590 
-0.00206434 0.00248847 1.0147e+00 -1.410e+02 0.2128649 0.000 0.1219576 0.0909073 
-0.00206434 0.00273731 1.0115e+00 -1.412e+02 0.2129702 0.000 0.1221240 0.0908462 
-0.00206434 0.00298616 1.0101e+00 -1.412e+02 0.2129525 0.000 0.1220232 0.0909291 
-0.00206434 0.00323501 1.0089e+00 -1.411e+02 0.2129312 0.000 0.1220253 0.0909057 
-0.00206434 0.00348385 1.0081e+00 -1.411e+02 0.2128837 0.000 0.1219767 0.0909071 
-0.00206434 0.00373270 1.0076e+00 -1.410e+02 0.2128237 0.000 0.1220550 0.0907687 
-0.00206434 0.00398155 1.0075e+00 -1.410e+02 0.2128300 0.000 0.1219651 0.0908643 
-0.00206434 0.00423039 1.0075e+00 -1.409e+02 0.2128516 0.000 0.1219660 0.0908851 
-0.00206434 0.00447924 1.0079e+00 -1.409e+02 0.2128505 0.000 0.1219808 0.0908696 
-0.00206434 0.00472809 1.0084e+00 -1.408e+02 0.2129020 0.000 0.1219759 0.0909263 
-0.00206434 0.00497693 1.0092e+00 -1.408e+02 0.2129367 0.000 0.1219979 0.0909389 
-0.00206434 0.00522578 1.0101e+00 -1.408e+02 0.2129865 0.000 0.1220086 0.0909783 
-0.00206434 0.00547463 1.0116e+00 -1.408e+02 0.2129806 0.000 0.1220311 0.0909494 
-0.00206434 0.00572347 1.0131e+00 -1.407e+02 0.2129583 0.000 0.1221941 0.0907640 
-0.00206434 0.00597232 1.0157e+00 -1.405e+02 0.2129452 0.000 0.1219914 0.0909537 
-0.00206434 0.00622117 1.0176e+00 -1.405e+02 0.2129812 0.000 0.1219974 0.0909838 
-0.00206434 0.00647002 1.0192e+00 -1.406e+02 0.2129480 0.000 0.1225175 0.0904301 
-0.00206434 0.00671886 1.0221e+00 -1.404e+02 0.2129624 0.000 0.1222371 0.0907252 
-0.00206434 0.00696771 1.0254e+00 -1.402e+02 0.2129698 0.000 0.1219860 0.0909839 
-0.00206434 0.00721656 1.0279e+00 -1.402e+02 0.2129560 0.000 0.1222096 0.0907463 
-0.00206434 0.00746540 1.0309e+00 -1.402e+02 0.2129653 0.000 0.1221831 0.0907821 
-0.00206434 0.00771425 1.0329e+00 -1.403e+02 0.2129675 0.000 0.1227362 0.0902314 
-0.00206434 0.00796310 1.0359e+00 -1.402e+02 0.2129876 0.000 0.1227535 0.0902338 
-0.00206434 0.00821194 1.0396e+00 -1.401e+02 0.2129720 0.000 0.1226585 0.0903139 
-0.00206434 0.00846079 1.0428e+00 -1.400e+02 0.2129699 0.000 0.1227009 0.0902688 
-0.00206434 0.00870964 1.0461e+00 -1.400e+02 0.2129934 0.000 0.1226403 0.0903530 
-0.00206434 0.00895848 1.0505e+00 -1.397e+02 0.2129816 0.000 0.1220320 0.0909491 
-0.00206434 0.00920733 1.0532e+00 -1.398e+02 0.2129970 0.000 0.1225588 0.0904383 
-0.00206434 0.00945618 1.0566e+00 -1.398e+02 0.2129822 0.000 0.1226230 0.0903590 
-0.00218876 0.00248847 1.0164e+00 -1.411e+02 0.2129293 0.000 0.1220805 0.0908484 
-0.00218876 0.00273731 1.0145e+00 -1.410e+02 0.2128693 0.000 0.1219766 0.0908927 
-0.00218876 0.00298616 1.0115e+00 -1.412e+02 0.2129736 0.000 0.1220301 0.0909435 
-0.00218876 0.00323501 1.0099e+00 -1.412e+02 0.2129451 0.000 0.1220119 0.0909335 
-0.00218876 0.00348385 1.0086e+00 -1.411e+02 0.2128401 0.000 0.1221715 0.0906685 
-0.00218876 0.00373270 1.0077e+00 -1.411e+02 0.2128425 0.000 0.1220515 0.0907913 
-0.00218876 0.00398155 1.0069e+00 -1.410e+02 0.2128502 0.000 0.1219888 0.0908614 
-0.00218876 0.00423039 1.0067e+00 -1.410e+02 0.2127983 0.000 0.1220215 0.0907767 
-0.00119337 0.00696771 1.0681e+00 -1.402e+02 0.2129280 0.000 0.1223365 0.0905915 
-0.00119337 0.00721656 1.0710e+00 -1.403e+02 0.2129641 0.000 0.1227357 0.0902282 
-0.00119337 0.00746540 1.0747e+00 -1.403e+02 0.2129693 0.000 0.1227681 0.0902010 
-0.00119337 0.00771425 1.0795e+00 -1.401e+02 0.2129162 0.000 0.1224425 0.0904735 
-0.00119337 0.00796310 1.0826e+00 -1.402e+02 0.2129465 0.000 0.1227444 0.0902021 
-0.00119337 0.00821194 1.0864e+00 -1.402e+02 0.2129767 0.000 0.1226543 0.0903225 
-0.00218876 0.00447924 1.0067e+00 -1.409e+02 0.2127902 0.000 0.1220447 0.0907456 
-0.00218876 0.00472809 1.0069e+00 -1.409e+02 0.2128116 0.000 0.1220705 0.0907416 
-0.00218876 0.00497693 1.0074e+00 -1.408e+02 0.2128137 0.000 0.1221404 0.0906733 
-0.00218876 0.00522578 1.0083e+00 -1.408e+02 0.2128580 0.000 0.1220699 0.0907882 
-0.00218876 0.00547463 1.0092e+00 -1.407e+02 0.2129339 0.000 0.1219848 0.0909488 
-0.00218876 0.00572347 1.0103e+00 -1.407e+02 0.2129765 0.000 0.1220270 0.0909496 
-0.00218876 0.00597232 1.0121e+00 -1.406e+02 0.2129519 0.000 0.1220021 0.0909498 
-0.00218876 0.00622117 1.0134e+00 -1.407e+02 0.2129775 0.000 0.1222108 0.0907667 
-0.00218876 0.00647002 1.0163e+00 -1.404e+02 0.2129433 0.000 0.1219806 0.0909625 
-0.00218876 0.00671886 1.0175e+00 -1.405e+02 0.2129150 0.000 0.1225573 0.0903575 
-0.00218876 0.00696771 1.0203e+00 -1.404e+02 0.2129804 0.000 0.1222139 0.0907668 
-0.00218876 0.00721656 1.0230e+00 -1.403e+02 0.2129546 0.000 0.1222238 0.0907306 
-0.00218876 0.00746540 1.0264e+00 -1.401e+02 0.2129714 0.000 0.1219646 0.0910070 
-0.00218876 0.00771425 1.0280e+00 -1.403e+02 0.2129807 0.000 0.1226363 0.0903444 
-0.00218876 0.00796310 1.0319e+00 -1.400e+02 0.2129607 0.000 0.1221647 0.0907958 
-0.00218876 0.00821194 1.0340e+00 -1.402e+02 0.2129691 0.000 0.1226867 0.0902824 
-0.00218876 0.00846079 1.0372e+00 -1.401e+02 0.2129612 0.000 0.1226769 0.0902844 
-0.00218876 0.00870964 1.0414e+00 -1.398e+02 0.2129677 0.000 0.1222339 0.0907337 
-0.00218876 0.00895848 1.0438e+00 -1.399e+02 0.2129834 0.000 0.1226906 0.0902931 
-0.00218876 0.00920733 1.0472e+00 -1.399e+02 0.2129800 0.000 0.1226674 0.0903126 
-0.00218876 0.00945618 1.0515e+00 -1.396e+02 0.2129918 0.000 0.1220257 0.0909661 
-0.00231318 0.00248847 1.0188e+00 -1.412e+02 0.2129285 0.000 0.1224566 0.0904717 
-0.00231318 0.00273731 1.0167e+00 -1.411e+02 0.2129106 0.000 0.1220926 0.0908184 
-0.00231318 0.00298616 1.0133e+00 -1.413e+02 0.2129723 0.000 0.1221861 0.0907860 
-0.00231318 0.00323501 1.0113e+00 -1.412e+02 0.2129746 0.000 0.1220489 0.0909256 
-0.00231318 0.00348385 1.0098e+00 -1.411e+02 0.2128581 0.000 0.1221840 0.0906743 
-0.00231318 0.00373270 1.0082e+00 -1.412e+02 0.2128732 0.000 0.1221853 0.0906881 
-0.00231318 0.00398155 1.0074e+00 -1.411e+02 0.2128841 0.000 0.1219505 0.0909337 
-0.00231318 0.00423039 1.0066e+00 -1.410e+02 0.2128091 0.000 0.1220392 0.0907697 
-0.00231318 0.00447924 1.0063e+00 -1.409e+02 0.2127958 0.000 0.1219691 0.0908267 
-0.00231318 0.00472809 1.0059e+00 -1.409e+02 0.2128202 0.000 0.1220267 0.0907934 
-0.00231318 0.00497693 1.0063e+00 -1.408e+02 0.2128152 0.000 0.1219414 0.0908735 
-0.00231318 0.00522578 1.0067e+00 -1.408e+02 0.2128417 0.000 0.1219625 0.0908790 
-0.00231318 0.00547463 1.0075e+00 -1.407e+02 0.2128611 0.000 0.1219646 0.0908965 
-0.00231318 0.00572347 1.0085e+00 -1.407e+02 0.2128742 0.000 0.1219710 0.0909032 
-0.00231318 0.00597232 1.0093e+00 -1.407e+02 0.2129482 0.000 0.1219975 0.0909507 
-0.00231318 0.00622117 1.0106e+00 -1.407e+02 0.2129953 0.000 0.1220195 0.0909757 
-0.00231318 0.00647002 1.0125e+00 -1.406e+02 0.2129700 0.000 0.1220105 0.0909595 
-0.00231318 0.00671886 1.0145e+00 -1.405e+02 0.2129620 0.000 0.1220313 0.0909308 
-0.00231318 0.00696771 1.0170e+00 -1.403e+02 0.2129537 0.000 0.1219907 0.0909631 
-0.00231318 0.00721656 1.0193e+00 -1.403e+02 0.2129565 0.000 0.1219765 0.0909801 
-0.00231318 0.00746540 1.0213e+00 -1.403e+02 0.2129669 0.000 0.1221783 0.0907883 
-0.00231318 0.00771425 1.0246e+00 -1.401e+02 0.2129710 0.000 0.1219642 0.0910071 
-0.00231318 0.00796310 1.0266e+00 -1.402e+02 0.2129327 0.000 0.1225406 0.0903920 
-0.00231318 0.00821194 1.0293e+00 -1.402e+02 0.2129803 0.000 0.1225814 0.0903990 
-0.00231318 0.00846079 1.0320e+00 -1.401e+02 0.2129808 0.000 0.1226779 0.0903030 
-0.00231318 0.00870964 1.0351e+00 -1.401e+02 0.2129733 0.000 0.1227024 0.0902709 
-0.00231318 0.00895848 1.0382e+00 -1.400e+02 0.2129893 0.000 0.1226755 0.0903140 
-0.00231318 0.00920733 1.0418e+00 -1.399e+02 0.2129592 0.000 0.1226433 0.0903159 
-0.00231318 0.00945618 1.0452e+00 -1.398e+02 0.2129576 0.000 0.1226215 0.0903361 
-0.00243761 0.00248847 1.0234e+00 -1.410e+02 0.2129604 0.000 0.1219909 0.0909698 
-0.00243761 0.00273731 1.0195e+00 -1.412e+02 0.2129769 0.000 0.1221756 0.0908011 
-0.00243761 0.00298616 1.0169e+00 -1.411e+02 0.2129582 0.000 0.1220084 0.0909499 
-0.00243761 0.00323501 1.0145e+00 -1.411e+02 0.2129081 0.000 0.1219881 0.0909201 
-0.00243761 0.00348385 1.0115e+00 -1.412e+02 0.2129630 0.000 0.1220442 0.0909188 
-0.00243761 0.00373270 1.0096e+00 -1.412e+02 0.2129601 0.000 0.1220212 0.0909388 
-0.00243761 0.00398155 1.0083e+00 -1.411e+02 0.2128967 0.000 0.1219942 0.0909024 
-0.00243761 0.00423039 1.0072e+00 -1.410e+02 0.2128555 0.000 0.1219774 0.0908779 
-0.00243761 0.00447924 1.0061e+00 -1.411e+02 0.2128106 0.000 0.1221762 0.0906343 
-0.00243761 0.00472809 1.0057e+00 -1.410e+02 0.2128259 0.000 0.1219675 0.0908587 
-0.00119337 0.00846079 1.0897e+00 -1.402e+02 0.2129771 0.000 0.1228181 0.0901592 
-0.00119337 0.00870964 1.0937e+00 -1.402e+02 0.2129696 0.000 0.1227778 0.0901919 
-0.00119337 0.00895848 1.0975e+00 -1.401e+02 0.2129800 0.000 0.1227027 0.0902778 
-0.00119337 0.00920733 1.1014e+00 -1.401e+02 0.2129777 0.000 0.1226841 0.0902932 
-0.00119337 0.00945618 1.1052e+00 -1.400e+02 0.2129754 0.000 0.1226401 0.0903351 
-0.00131780 0.00248847 1.0154e+00 -1.410e+02 0.2129093 0.000 0.1220621 0.0908471 
-0.00243761 0.00497693 1.0054e+00 -1.409e+02 0.2128364 0.000 0.1219548 0.0908818 
-0.00243761 0.00522578 1.0056e+00 -1.409e+02 0.2128377 0.000 0.1219201 0.0909178 
-0.00243761 0.00547463 1.0057e+00 -1.409e+02 0.2128308 0.000 0.1221048 0.0907259 
-0.00243761 0.00572347 1.0067e+00 -1.407e+02 0.2128350 0.000 0.1219571 0.0908777 
-0.00243761 0.00597232 1.0075e+00 -1.407e+02 0.2128794 0.000 0.1219716 0.0909078 
-0.00243761 0.00622117 1.0087e+00 -1.406e+02 0.2128863 0.000 0.1219783 0.0909078 
-0.00243761 0.00647002 1.0096e+00 -1.407e+02 0.2129786 0.000 0.1220286 0.0909502 
-0.00243761 0.00671886 1.0114e+00 -1.405e+02 0.2129624 0.000 0.1220087 0.0909539 
-0.00243761 0.00696771 1.0124e+00 -1.407e+02 0.2129668 0.000 0.1225125 0.0904544 
-0.00243761 0.00721656 1.0151e+00 -1.405e+02 0.2129642 0.000 0.1221875 0.0907769 
-0.00243761 0.00746540 1.0179e+00 -1.403e+02 0.2129679 0.000 0.1219704 0.0909976 
-0.00243761 0.00771425 1.0192e+00 -1.404e+02 0.2129500 0.000 0.1225684 0.0903815 
-0.00243761 0.00796310 1.0223e+00 -1.402e+02 0.2129851 0.000 0.1222068 0.0907783 
-0.00243761 0.00821194 1.0259e+00 -1.400e+02 0.2129585 0.000 0.1219476 0.0910109 
-0.00243761 0.00846079 1.0275e+00 -1.401e+02 0.2129743 0.000 0.1226036 0.0903704 
-0.00243761 0.00870964 1.0312e+00 -1.399e+02 0.2129741 0.000 0.1221878 0.0907865 
-0.00243761 0.00895848 1.0343e+00 -1.398e+02 0.2129709 0.000 0.1221843 0.0907866 
-0.00243761 0.00920733 1.0365e+00 -1.399e+02 0.2129617 0.000 0.1226153 0.0903464 
-0.00243761 0.00945618 1.0396e+00 -1.399e+02 0.2129733 0.000 0.1226519 0.0903218 
-0.00256203 0.00248847 1.0271e+00 -1.411e+02 0.2129672 0.000 0.1221646 0.0908028 
-0.00256203 0.00273731 1.0239e+00 -1.411e+02 0.2129560 0.000 0.1220048 0.0909512 
-0.00256203 0.00298616 1.0200e+00 -1.412e+02 0.2129639 0.000 0.1221444 0.0908195 
-0.00256203 0.00323501 1.0171e+00 -1.412e+02 0.2129686 0.000 0.1220371 0.0909316 
-0.00256203 0.00348385 1.0148e+00 -1.411e+02 0.2128412 0.000 0.1221684 0.0906728 
-0.00256203 0.00373270 1.0118e+00 -1.412e+02 0.2129702 0.000 0.1220429 0.0909274 
-0.00256203 0.00398155 1.0099e+00 -1.412e+02 0.2129420 0.000 0.1220347 0.0909074 
-0.00256203 0.00423039 1.0084e+00 -1.411e+02 0.2128668 0.000 0.1220907 0.0907763 
-0.00256203 0.00447924 1.0072e+00 -1.411e+02 0.2128610 0.000 0.1219817 0.0908794 
-0.00256203 0.00472809 1.0065e+00 -1.410e+02 0.2128008 0.000 0.1219583 0.0908424 
-0.00256203 0.00497693 1.0058e+00 -1.409e+02 0.2128136 0.000 0.1218816 0.0909320 
-0.00256203 0.00522578 1.0048e+00 -1.410e+02 0.2127984 0.000 0.1221550 0.0906434 
-0.00256203 0.00547463 1.0053e+00 -1.409e+02 0.2128154 0.000 0.1219309 0.0908844 
-0.00256203 0.00572347 1.0054e+00 -1.408e+02 0.2128272 0.000 0.1219762 0.0908509 
-0.00256203 0.00597232 1.0060e+00 -1.408e+02 0.2127955 0.000 0.1221265 0.0906689 
-0.00256203 0.00622117 1.0071e+00 -1.406e+02 0.2128357 0.000 0.1219441 0.0908914 
-0.00256203 0.00647002 1.0079e+00 -1.406e+02 0.2128957 0.000 0.1219577 0.0909384 
-0.00256203 0.00671886 1.0090e+00 -1.406e+02 0.2129416 0.000 0.1220070 0.0909348 
-0.00256203 0.00696771 1.0103e+00 -1.406e+02 0.2129918 0.000 0.1220167 0.0909753 
-0.00256203 0.00721656 1.0115e+00 -1.406e+02 0.2129373 0.000 0.1224831 0.0904544 
-0.00256203 0.00746540 1.0132e+00 -1.406e+02 0.2129559 0.000 0.1226051 0.0903508 
-0.00256203 0.00771425 1.0166e+00 -1.403e+02 0.2129847 0.000 0.1219878 0.0909967 
-0.00256203 0.00796310 1.0186e+00 -1.403e+02 0.2129688 0.000 0.1221720 0.0907967 
-0.00256203 0.00821194 1.0211e+00 -1.402e+02 0.2129669 0.000 0.1221848 0.0907823 
-0.00256203 0.00846079 1.0237e+00 -1.401e+02 0.2129788 0.000 0.1221724 0.0908067 
-0.00256203 0.00870964 1.0263e+00 -1.401e+02 0.2129420 0.000 0.1224812 0.0904612 
-0.00256203 0.00895848 1.0296e+00 -1.399e+02 0.2129687 0.000 0.1222005 0.0907684 
-0.00256203 0.00920733 1.0326e+00 -1.398e+02 0.2129804 0.000 0.1221495 0.0908308 
-0.00256203 0.00945618 1.0346e+00 -1.400e+02 0.2129679 0.000 0.1227093 0.0902587 
-0.00268645 0.00248847 1.0318e+00 -1.412e+02 0.2129764 0.000 0.1221254 0.0908506 
-0.00268645 0.00273731 1.0278e+00 -1.412e+02 0.2129657 0.000 0.1221545 0.0908113 
-0.00268645 0.00298616 1.0243e+00 -1.412e+02 0.2129447 0.000 0.1220990 0.0908456 
-0.00268645 0.00323501 1.0202e+00 -1.413e+02 0.2129913 0.000 0.1221911 0.0908000 
-0.00268645 0.00348385 1.0176e+00 -1.412e+02 0.2129746 0.000 0.1220263 0.0909482 
-0.00268645 0.00373270 1.0152e+00 -1.411e+02 0.2128804 0.000 0.1220730 0.0908072 
-0.00268645 0.00398155 1.0119e+00 -1.413e+02 0.2129819 0.000 0.1220815 0.0909001 
-0.00268645 0.00423039 1.0102e+00 -1.412e+02 0.2129435 0.000 0.1220298 0.0909133 
-0.00268645 0.00447924 1.0086e+00 -1.411e+02 0.2129121 0.000 0.1220164 0.0908957 
-0.00268645 0.00472809 1.0071e+00 -1.411e+02 0.2128167 0.000 0.1221962 0.0906204 
-0.00268645 0.00497693 1.0063e+00 -1.410e+02 0.2128085 0.000 0.1220483 0.0907602 
-0.00268645 0.00522578 1.0057e+00 -1.409e+02 0.2128066 0.000 0.1219207 0.0908860 
-0.00131780 0.00273731 1.0161e+00 -1.410e+02 0.2129096 0.000 0.1220448 0.0908646 
-0.00131780 0.00298616 1.0169e+00 -1.409e+02 0.2129050 0.000 0.1221403 0.0907650 
-0.00131780 0.00323501 1.0178e+00 -1.410e+02 0.2129695 0.000 0.1221691 0.0908007 
-0.00131780 0.00348385 1.0193e+00 -1.410e+02 0.2129843 0.000 0.1221443 0.0908399 
-0.00131780 0.00373270 1.0211e+00 -1.409e+02 0.2129773 0.000 0.1221954 0.0907819 
-0.00131780 0.00398155 1.0242e+00 -1.407e+02 0.2129103 0.000 0.1219399 0.0909702 
-0.00268645 0.00547463 1.0053e+00 -1.409e+02 0.2128145 0.000 0.1219042 0.0909101 
-0.00268645 0.00572347 1.0050e+00 -1.409e+02 0.2128127 0.000 0.1219397 0.0908731 
-0.00268645 0.00597232 1.0053e+00 -1.408e+02 0.2128059 0.000 0.1219673 0.0908389 
-0.00268645 0.00622117 1.0057e+00 -1.407e+02 0.2128347 0.000 0.1219395 0.0908952 
-0.00268645 0.00647002 1.0064e+00 -1.407e+02 0.2127899 0.000 0.1221133 0.0906762 
-0.00268645 0.00671886 1.0076e+00 -1.406e+02 0.2128475 0.000 0.1219512 0.0908965 
-0.00268645 0.00696771 1.0086e+00 -1.406e+02 0.2128992 0.000 0.1219795 0.0909197 
-0.00268645 0.00721656 1.0098e+00 -1.405e+02 0.2129501 0.000 0.1220073 0.0909427 
-0.00268645 0.00746540 1.0114e+00 -1.405e+02 0.2129797 0.000 0.1220095 0.0909703 
-0.00268645 0.00771425 1.0131e+00 -1.404e+02 0.2129674 0.000 0.1221777 0.0907896 
-0.00268645 0.00796310 1.0152e+00 -1.403e+02 0.2129607 0.000 0.1221682 0.0907924 
-0.00268645 0.00821194 1.0180e+00 -1.402e+02 0.2129640 0.000 0.1219696 0.0909944 
-0.00268645 0.00846079 1.0200e+00 -1.402e+02 0.2129684 0.000 0.1221797 0.0907888 
-0.00268645 0.00870964 1.0225e+00 -1.401e+02 0.2129726 0.000 0.1221736 0.0907989 
-0.00268645 0.00895848 1.0258e+00 -1.399e+02 0.2129865 0.000 0.1219549 0.0910321 
-0.00268645 0.00920733 1.0284e+00 -1.398e+02 0.2129578 0.000 0.1221435 0.0908142 
-0.00268645 0.00945618 1.0313e+00 -1.398e+02 0.2129577 0.000 0.1221476 0.0908103 
-0.00281088 0.00248847 1.0368e+00 -1.413e+02 0.2129479 0.000 0.1222680 0.0906803 
-0.00281088 0.00273731 1.0326e+00 -1.413e+02 0.2129799 0.000 0.1221619 0.0908185 
-0.00281088 0.00298616 1.0286e+00 -1.412e+02 0.2129571 0.000 0.1221406 0.0908167 
-0.00281088 0.00323501 1.0250e+00 -1.412e+02 0.2129744 0.000 0.1220205 0.0909541 
-0.00281088 0.00348385 1.0208e+00 -1.414e+02 0.2129691 0.000 0.1222047 0.0907645 
-0.00281088 0.00373270 1.0178e+00 -1.413e+02 0.2129662 0.000 0.1221881 0.0907779 
-0.00281088 0.00398155 1.0157e+00 -1.412e+02 0.2129120 0.000 0.1220034 0.0909083 
-0.00281088 0.00423039 1.0126e+00 -1.413e+02 0.2129646 0.000 0.1220533 0.0909114 
-0.00281088 0.00447924 1.0105e+00 -1.412e+02 0.2129499 0.000 0.1220354 0.0909145 
-0.00281088 0.00472809 1.0090e+00 -1.412e+02 0.2129042 0.000 0.1220087 0.0908956 
-0.00281088 0.00497693 1.0077e+00 -1.411e+02 0.2128692 0.000 0.1219945 0.0908744 
-0.00281088 0.00522578 1.0067e+00 -1.410e+02 0.2128290 0.000 0.1219411 0.0908880 
-0.00281088 0.00547463 1.0054e+00 -1.410e+02 0.2127938 0.000 0.1221613 0.0906325 
-0.00281088 0.00572347 1.0051e+00 -1.409e+02 0.2128236 0.000 0.1219540 0.0908698 
-0.00281088 0.00597232 1.0048e+00 -1.409e+02 0.2128192 0.000 0.1220118 0.0908073 
-0.00281088 0.00622117 1.0052e+00 -1.408e+02 0.2128085 0.000 0.1219087 0.0908996 
-0.00281088 0.00647002 1.0056e+00 -1.407e+02 0.2128248 0.000 0.1219431 0.0908821 
-0.00281088 0.00671886 1.0065e+00 -1.406e+02 0.2127765 0.000 0.1219409 0.0908356 
-0.00281088 0.00696771 1.0071e+00 -1.406e+02 0.2128646 0.000 0.1219516 0.0909131 
-0.00281088 0.00721656 1.0082e+00 -1.405e+02 0.2128728 0.000 0.1219743 0.0908985 
-0.00281088 0.00746540 1.0094e+00 -1.405e+02 0.2129372 0.000 0.1219651 0.0909720 
-0.00281088 0.00771425 1.0106e+00 -1.405e+02 0.2130050 0.000 0.1220184 0.0909861 
-0.00281088 0.00796310 1.0127e+00 -1.404e+02 0.2129635 0.000 0.1220078 0.0909558 
-0.00281088 0.00821194 1.0143e+00 -1.404e+02 0.2129797 0.000 0.1222150 0.0907651 
-0.00281088 0.00846079 1.0170e+00 -1.402e+02 0.2129903 0.000 0.1220002 0.0909902 
-0.00281088 0.00870964 1.0190e+00 -1.402e+02 0.2129818 0.000 0.1221618 0.0908201 
-0.00281088 0.00895848 1.0215e+00 -1.401e+02 0.2129634 0.000 0.1221535 0.0908098 
-0.00281088 0.00920733 1.0249e+00 -1.398e+02 0.2129586 0.000 0.1219233 0.0910359 
-0.00281088 0.00945618 1.0264e+00 -1.400e+02 0.2129968 0.000 0.1224738 0.0905232 
-0.00293530 0.00248847 1.0424e+00 -1.414e+02 0.2129839 0.000 0.1226016 0.0903822 
-0.00293530 0.00273731 1.0379e+00 -1.413e+02 0.2129757 0.000 0.1221936 0.0907820 
-0.00293530 0.00298616 1.0338e+00 -1.413e+02 0.2129684 0.000 0.1221518 0.0908167 
-0.00293530 0.00323501 1.0296e+00 -1.413e+02 0.2129614 0.000 0.1221553 0.0908062 
-0.00293530 0.00348385 1.0256e+00 -1.413e+02 0.2129726 0.000 0.1221723 0.0908002 
-0.00293530 0.00373270 1.0219e+00 -1.414e+02 0.2129770 0.000 0.1220619 0.0909150 
-0.00293530 0.00398155 1.0184e+00 -1.414e+02 0.2129915 0.000 0.1221682 0.0908232 
-0.00293530 0.00423039 1.0161e+00 -1.413e+02 0.2129502 0.000 0.1220262 0.0909240 
-0.00293530 0.00447924 1.0128e+00 -1.414e+02 0.2129711 0.000 0.1222091 0.0907619 
-0.00293530 0.00472809 1.0108e+00 -1.413e+02 0.2129913 0.000 0.1220644 0.0909268 
-0.00293530 0.00497693 1.0093e+00 -1.412e+02 0.2129363 0.000 0.1220228 0.0909136 
-0.00293530 0.00522578 1.0079e+00 -1.412e+02 0.2128389 0.000 0.1221787 0.0906601 
-0.00293530 0.00547463 1.0066e+00 -1.411e+02 0.2128098 0.000 0.1221952 0.0906144 
-0.00293530 0.00572347 1.0059e+00 -1.410e+02 0.2128182 0.000 0.1220795 0.0907384 
-0.00131780 0.00423039 1.0259e+00 -1.407e+02 0.2129701 0.000 0.1219592 0.0910114 
-0.00131780 0.00447924 1.0280e+00 -1.408e+02 0.2129620 0.000 0.1221937 0.0907684 
-0.00131780 0.00472809 1.0306e+00 -1.407e+02 0.2129800 0.000 0.1221778 0.0908022 
-0.00131780 0.00497693 1.0325e+00 -1.409e+02 0.2129736 0.000 0.1226672 0.0903063 
-0.00131780 0.00522578 1.0366e+00 -1.406e+02 0.2129716 0.000 0.1220951 0.0908765 
-0.00131780 0.00547463 1.0399e+00 -1.405e+02 0.2129690 0.000 0.1222398 0.0907292 
-0.00293530 0.00597232 1.0056e+00 -1.409e+02 0.2128034 0.000 0.1219198 0.0908839 
-0.00293530 0.00622117 1.0052e+00 -1.409e+02 0.2127981 0.000 0.1219411 0.0908568 
-0.00293530 0.00647002 1.0051e+00 -1.408e+02 0.2128098 0.000 0.1219749 0.0908348 
-0.00293530 0.00671886 1.0056e+00 -1.407e+02 0.2128113 0.000 0.1219270 0.0908841 
-0.00293530 0.00696771 1.0063e+00 -1.407e+02 0.2128159 0.000 0.1219274 0.0908889 
-0.00293530 0.00721656 1.0069e+00 -1.406e+02 0.2128485 0.000 0.1219750 0.0908738 
-0.00293530 0.00746540 1.0080e+00 -1.405e+02 0.2128718 0.000 0.1219515 0.0909206 
-0.00293530 0.00771425 1.0090e+00 -1.405e+02 0.2129267 0.000 0.1219903 0.0909361 
-0.00293530 0.00796310 1.0102e+00 -1.405e+02 0.2130057 0.000 0.1220152 0.0909902 
-0.00293530 0.00821194 1.0122e+00 -1.404e+02 0.2129705 0.000 0.1219878 0.0909826 
-0.00293530 0.00846079 1.0138e+00 -1.404e+02 0.2129737 0.000 0.1221797 0.0907939 
-0.00293530 0.00870964 1.0166e+00 -1.401e+02 0.2129587 0.000 0.1219560 0.0910029 
-0.00293530 0.00895848 1.0182e+00 -1.402e+02 0.2129945 0.000 0.1221442 0.0908504 
-0.00293530 0.00920733 1.0208e+00 -1.400e+02 0.2129524 0.000 0.1221362 0.0908160 
-0.00293530 0.00945618 1.0231e+00 -1.400e+02 0.2129767 0.000 0.1221764 0.0908005 
-0.00305972 0.00248847 1.0496e+00 -1.412e+02 0.2129671 0.000 0.1221420 0.0908253 
-0.00305972 0.00273731 1.0445e+00 -1.412e+02 0.2129591 0.000 0.1221642 0.0907949 
-0.00305972 0.00298616 1.0392e+00 -1.414e+02 0.2129845 0.000 0.1221990 0.0907852 
-0.00305972 0.00323501 1.0351e+00 -1.413e+02 0.2129821 0.000 0.1221493 0.0908330 
-0.00305972 0.00348385 1.0308e+00 -1.413e+02 0.2129780 0.000 0.1221545 0.0908234 
-0.00305972 0.00373270 1.0269e+00 -1.413e+02 0.2129738 0.000 0.1221565 0.0908171 
-0.00305972 0.00398155 1.0235e+00 -1.413e+02 0.2129661 0.000 0.1220241 0.0909417 
-0.00305972 0.00423039 1.0195e+00 -1.414e+02 0.2129808 0.000 0.1221977 0.0907831 
-0.00305972 0.00447924 1.0167e+00 -1.414e+02 0.2129326 0.000 0.1222593 0.0906736 
-0.00305972 0.00472809 1.0147e+00 -1.412e+02 0.2129089 0.000 0.1220218 0.0908873 
-0.00305972 0.00497693 1.0117e+00 -1.414e+02 0.2129821 0.000 0.1220580 0.0909241 
-0.00305972 0.00522578 1.0100e+00 -1.413e+02 0.2129431 0.000 0.1220420 0.0909012 
-0.00305972 0.00547463 1.0088e+00 -1.411e+02 0.2128766 0.000 0.1220083 0.0908681 
-0.00305972 0.00572347 1.0075e+00 -1.411e+02 0.2128189 0.000 0.1220898 0.0907289 
-0.00305972 0.00597232 1.0067e+00 -1.410e+02 0.2128226 0.000 0.1219540 0.0908686 
-0.00305972 0.00622117 1.0060e+00 -1.410e+02 0.2128216 0.000 0.1219491 0.0908723 
-0.00305972 0.00647002 1.0050e+00 -1.410e+02 0.2128183 0.000 0.1221630 0.0906555 
-0.00305972 0.00671886 1.0049e+00 -1.410e+02 0.2128245 0.000 0.1221535 0.0906706 
-0.00305972 0.00696771 1.0057e+00 -1.408e+02 0.2128175 0.000 0.1219514 0.0908665 
-0.00305972 0.00721656 1.0060e+00 -1.407e+02 0.2128149 0.000 0.1220855 0.0907290 
-0.00305972 0.00746540 1.0070e+00 -1.406e+02 0.2128405 0.000 0.1219602 0.0908802 
-0.00305972 0.00771425 1.0080e+00 -1.405e+02 0.2128623 0.000 0.1219540 0.0909084 
-0.00305972 0.00796310 1.0089e+00 -1.405e+02 0.2129229 0.000 0.1219661 0.0909570 
-0.00305972 0.00821194 1.0101e+00 -1.405e+02 0.2129788 0.000 0.1220116 0.0909669 
-0.00305972 0.00846079 1.0121e+00 -1.403e+02 0.2129510 0.000 0.1219826 0.0909682 
-0.00305972 0.00870964 1.0136e+00 -1.403e+02 0.2129626 0.000 0.1221415 0.0908209 
-0.00305972 0.00895848 1.0162e+00 -1.401e+02 0.2129461 0.000 0.1219438 0.0910023 
-0.00305972 0.00920733 1.0182e+00 -1.401e+02 0.2129669 0.000 0.1219537 0.0910136 
-0.00305972 0.00945618 1.0198e+00 -1.401e+02 0.2130008 0.000 0.1221563 0.0908441 
-0.00318415 0.00248847 1.0563e+00 -1.413e+02 0.2129709 0.000 0.1222499 0.0907209 
-0.00318415 0.00273731 1.0511e+00 -1.413e+02 0.2129695 0.000 0.1221593 0.0908102 
-0.00318415 0.00298616 1.0459e+00 -1.413e+02 0.2129870 0.000 0.1221820 0.0908048 
-0.00318415 0.00323501 1.0413e+00 -1.413e+02 0.2129801 0.000 0.1221484 0.0908315 
-0.00318415 0.00348385 1.0362e+00 -1.414e+02 0.2129723 0.000 0.1222083 0.0907639 
-0.00318415 0.00373270 1.0323e+00 -1.413e+02 0.2129709 0.000 0.1221302 0.0908406 
-0.00318415 0.00398155 1.0282e+00 -1.414e+02 0.2129886 0.000 0.1221582 0.0908303 
-0.00318415 0.00423039 1.0245e+00 -1.414e+02 0.2129935 0.000 0.1221353 0.0908581 
-0.00318415 0.00447924 1.0209e+00 -1.414e+02 0.2129709 0.000 0.1221821 0.0907891 
-0.00318415 0.00472809 1.0182e+00 -1.413e+02 0.2129699 0.000 0.1220457 0.0909244 
-0.00318415 0.00497693 1.0158e+00 -1.413e+02 0.2129413 0.000 0.1220265 0.0909148 
-0.00318415 0.00522578 1.0126e+00 -1.414e+02 0.2129776 0.000 0.1221905 0.0907871 
-0.00318415 0.00547463 1.0108e+00 -1.413e+02 0.2129803 0.000 0.1220729 0.0909077 
-0.00318415 0.00572347 1.0093e+00 -1.413e+02 0.2129892 0.000 0.1219703 0.0910188 
-0.00318415 0.00597232 1.0084e+00 -1.411e+02 0.2128704 0.000 0.1219846 0.0908860 
-0.00318415 0.00622117 1.0072e+00 -1.411e+02 0.2128757 0.000 0.1219811 0.0908950 
-0.00131780 0.00572347 1.0423e+00 -1.406e+02 0.2129711 0.000 0.1226584 0.0903126 
-0.00131780 0.00597232 1.0459e+00 -1.405e+02 0.2129663 0.000 0.1226064 0.0903596 
-0.00131780 0.00622117 1.0492e+00 -1.405e+02 0.2129815 0.000 0.1226582 0.0903232 
-0.00131780 0.00647002 1.0528e+00 -1.404e+02 0.2129657 0.000 0.1226241 0.0903415 
-0.00131780 0.00671886 1.0568e+00 -1.403e+02 0.2129798 0.000 0.1223157 0.0906638 
-0.00131780 0.00696771 1.0605e+00 -1.403e+02 0.2129693 0.000 0.1225308 0.0904383 
-0.00318415 0.00647002 1.0068e+00 -1.409e+02 0.2128087 0.000 0.1219635 0.0908452 
-0.00318415 0.00671886 1.0062e+00 -1.409e+02 0.2128461 0.000 0.1219217 0.0909246 
-0.00318415 0.00696771 1.0056e+00 -1.409e+02 0.2128193 0.000 0.1221158 0.0907035 
-0.00318415 0.00721656 1.0062e+00 -1.408e+02 0.2128146 0.000 0.1219501 0.0908647 
-0.00318415 0.00746540 1.0067e+00 -1.407e+02 0.2128069 0.000 0.1219348 0.0908722 
-0.00318415 0.00771425 1.0070e+00 -1.407e+02 0.2128764 0.000 0.1219553 0.0909213 
-0.00318415 0.00796310 1.0081e+00 -1.406e+02 0.2128723 0.000 0.1219681 0.0909042 
-0.00318415 0.00821194 1.0089e+00 -1.405e+02 0.2129358 0.000 0.1219652 0.0909711 
-0.00318415 0.00846079 1.0100e+00 -1.405e+02 0.2128501 0.000 0.1223562 0.0904940 
-0.00318415 0.00870964 1.0119e+00 -1.404e+02 0.2129680 0.000 0.1219874 0.0909806 
-0.00318415 0.00895848 1.0134e+00 -1.403e+02 0.2129631 0.000 0.1221501 0.0908132 
-0.00318415 0.00920733 1.0152e+00 -1.402e+02 0.2129818 0.000 0.1221270 0.0908549 
-0.00318415 0.00945618 1.0176e+00 -1.401e+02 0.2129656 0.000 0.1221184 0.0908469 
-0.00330857 0.00248847 1.0641e+00 -1.412e+02 0.2129514 0.000 0.1222037 0.0907477 
-0.00330857 0.00273731 1.0584e+00 -1.412e+02 0.2129633 0.000 0.1222296 0.0907333 
-0.00330857 0.00298616 1.0528e+00 -1.413e+02 0.2129632 0.000 0.1221434 0.0908199 
-0.00330857 0.00323501 1.0476e+00 -1.413e+02 0.2129663 0.000 0.1221697 0.0907964 
-0.00330857 0.00348385 1.0428e+00 -1.414e+02 0.2129945 0.000 0.1221765 0.0908179 
-0.00330857 0.00373270 1.0375e+00 -1.415e+02 0.2129984 0.000 0.1222260 0.0907722 
-0.00330857 0.00398155 1.0336e+00 -1.414e+02 0.2129798 0.000 0.1221668 0.0908128 
-0.00330857 0.00423039 1.0298e+00 -1.414e+02 0.2129647 0.000 0.1221481 0.0908170 
-0.00330857 0.00447924 1.0261e+00 -1.414e+02 0.2129871 0.000 0.1220652 0.0909219 
-0.00330857 0.00472809 1.0224e+00 -1.414e+02 0.2129563 0.000 0.1221940 0.0907619 
-0.00330857 0.00497693 1.0193e+00 -1.414e+02 0.2129874 0.000 0.1221937 0.0907936 
-0.00330857 0.00522578 1.0168e+00 -1.413e+02 0.2129793 0.000 0.1220654 0.0909136 
-0.00330857 0.00547463 1.0140e+00 -1.414e+02 0.2129672 0.000 0.1221561 0.0908110 
-0.00330857 0.00572347 1.0119e+00 -1.413e+02 0.2129626 0.000 0.1221581 0.0908045 
-0.00330857 0.00597232 1.0103e+00 -1.413e+02 0.2129441 0.000 0.1221664 0.0907783 
-0.00330857 0.00622117 1.0091e+00 -1.412e+02 0.2129401 0.000 0.1220216 0.0909183 
-0.00330857 0.00647002 1.0081e+00 -1.411e+02 0.2128994 0.000 0.1219971 0.0909022 
-0.00330857 0.00671886 1.0076e+00 -1.410e+02 0.2128378 0.000 0.1219729 0.0908648 
-0.00330857 0.00696771 1.0072e+00 -1.409e+02 0.2128223 0.000 0.1219462 0.0908761 
-0.00330857 0.00721656 1.0066e+00 -1.409e+02 0.2128140 0.000 0.1221061 0.0907080 
-0.00330857 0.00746540 1.0069e+00 -1.408e+02 0.2128234 0.000 0.1219590 0.0908650 
-0.00330857 0.00771425 1.0070e+00 -1.407e+02 0.2128078 0.000 0.1220792 0.0907286 
-0.00330857 0.00796310 1.0076e+00 -1.407e+02 0.2128702 0.000 0.1219647 0.0909055 
-0.00330857 0.00821194 1.0082e+00 -1.406e+02 0.2129145 0.000 0.1219923 0.0909223 
-0.00330857 0.00846079 1.0093e+00 -1.405e+02 0.2129350 0.000 0.1219874 0.0909477 
-0.00330857 0.00870964 1.0103e+00 -1.405e+02 0.2129929 0.000 0.1220133 0.0909792 
-0.00330857 0.00895848 1.0120e+00 -1.404e+02 0.2129669 0.000 0.1219755 0.0909913 
-0.00330857 0.00920733 1.0135e+00 -1.403e+02 0.2129700 0.000 0.1221337 0.0908367 
-0.00330857 0.00945618 1.0154e+00 -1.402e+02 0.2129777 0.000 0.1220947 0.0908829 
-0.00343299 0.00248847 1.0714e+00 -1.413e+02 0.2129878 0.000 0.1224242 0.0905635 
-0.00343299 0.00273731 1.0657e+00 -1.413e+02 0.2129756 0.000 0.1222224 0.0907531 
-0.00343299 0.00298616 1.0603e+00 -1.413e+02 0.2129653 0.000 0.1221128 0.0908529 
-0.00343299 0.00323501 1.0542e+00 -1.414e+02 0.2129845 0.000 0.1222807 0.0907038 
-0.00343299 0.00348385 1.0493e+00 -1.414e+02 0.2129763 0.000 0.1221731 0.0908033 
-0.00343299 0.00373270 1.0443e+00 -1.414e+02 0.2129861 0.000 0.1221982 0.0907877 
-0.00343299 0.00398155 1.0394e+00 -1.415e+02 0.2129565 0.000 0.1222064 0.0907504 
-0.00343299 0.00423039 1.0342e+00 -1.417e+02 0.2129740 0.000 0.1226647 0.0903090 
-0.00343299 0.00447924 1.0312e+00 -1.415e+02 0.2129651 0.000 0.1221864 0.0907781 
-0.00343299 0.00472809 1.0276e+00 -1.414e+02 0.2129598 0.000 0.1221413 0.0908185 
-0.00343299 0.00497693 1.0243e+00 -1.414e+02 0.2129889 0.000 0.1220539 0.0909351 
-0.00343299 0.00522578 1.0208e+00 -1.414e+02 0.2129700 0.000 0.1221677 0.0908019 
-0.00343299 0.00547463 1.0180e+00 -1.414e+02 0.2129473 0.000 0.1222532 0.0906941 
-0.00343299 0.00572347 1.0160e+00 -1.413e+02 0.2129530 0.000 0.1220564 0.0908966 
-0.00343299 0.00597232 1.0132e+00 -1.414e+02 0.2129821 0.000 0.1221684 0.0908134 
-0.00343299 0.00622117 1.0112e+00 -1.414e+02 0.2129992 0.000 0.1221758 0.0908233 
-0.00343299 0.00647002 1.0102e+00 -1.412e+02 0.2129577 0.000 0.1220509 0.0909070 
-0.00343299 0.00671886 1.0092e+00 -1.411e+02 0.2129225 0.000 0.1220269 0.0908958 
-0.00131780 0.00721656 1.0642e+00 -1.402e+02 0.2129672 0.000 0.1225449 0.0904223 
-0.00131780 0.00746540 1.0681e+00 -1.402e+02 0.2129817 0.000 0.1223092 0.0906729 
-0.00131780 0.00771425 1.0718e+00 -1.401e+02 0.2129709 0.000 0.1223797 0.0905910 
-0.00131780 0.00796310 1.0748e+00 -1.402e+02 0.2129814 0.000 0.1228065 0.0901749 
-0.00131780 0.00821194 1.0798e+00 -1.399e+02 0.2129140 0.000 0.1223021 0.0906122 
-0.00131780 0.00846079 1.0825e+00 -1.401e+02 0.2129888 0.000 0.1227410 0.0902484 
-0.00343299 0.00696771 1.0085e+00 -1.410e+02 0.2128882 0.000 0.1219886 0.0908995 
-0.00343299 0.00721656 1.0078e+00 -1.410e+02 0.2128926 0.000 0.1219984 0.0908943 
-0.00343299 0.00746540 1.0076e+00 -1.409e+02 0.2128748 0.000 0.1219772 0.0908975 
-0.00343299 0.00771425 1.0075e+00 -1.408e+02 0.2128780 0.000 0.1219707 0.0909075 
-0.00343299 0.00796310 1.0077e+00 -1.408e+02 0.2128846 0.000 0.1219726 0.0909118 
-0.00343299 0.00821194 1.0083e+00 -1.407e+02 0.2128765 0.000 0.1219563 0.0909202 
-0.00343299 0.00846079 1.0089e+00 -1.406e+02 0.2129165 0.000 0.1219606 0.0909561 
-0.00343299 0.00870964 1.0097e+00 -1.406e+02 0.2129560 0.000 0.1219942 0.0909619 
-0.00343299 0.00895848 1.0113e+00 -1.404e+02 0.2128395 0.000 0.1221391 0.0907004 
-0.00343299 0.00920733 1.0132e+00 -1.402e+02 0.2128969 0.000 0.1218112 0.0910856 
-0.00343299 0.00945618 1.0139e+00 -1.403e+02 0.2129602 0.000 0.1221076 0.0908524 
-0.00355742 0.00248847 1.0792e+00 -1.413e+02 0.2129797 0.000 0.1226475 0.0903324 
-0.00355742 0.00273731 1.0733e+00 -1.413e+02 0.2129783 0.000 0.1224257 0.0905527 
-0.00355742 0.00298616 1.0670e+00 -1.415e+02 0.2129614 0.000 0.1227067 0.0902546 
-0.00355742 0.00323501 1.0618e+00 -1.414e+02 0.2129787 0.000 0.1222352 0.0907440 
-0.00355742 0.00348385 1.0560e+00 -1.415e+02 0.2129823 0.000 0.1222817 0.0907007 
-0.00355742 0.00373270 1.0511e+00 -1.415e+02 0.2129686 0.000 0.1221767 0.0907917 
-0.00355742 0.00398155 1.0461e+00 -1.415e+02 0.2129729 0.000 0.1222015 0.0907714 
-0.00355742 0.00423039 1.0417e+00 -1.415e+02 0.2129755 0.000 0.1221542 0.0908213 
-0.00355742 0.00447924 1.0365e+00 -1.416e+02 0.2129963 0.000 0.1222429 0.0907534 
-0.00355742 0.00472809 1.0329e+00 -1.415e+02 0.2129806 0.000 0.1221493 0.0908312 
-0.00355742 0.00497693 1.0291e+00 -1.415e+02 0.2129858 0.000 0.1221429 0.0908429 
-0.00355742 0.00522578 1.0256e+00 -1.415e+02 0.2129978 0.000 0.1221498 0.0908481 
-0.00355742 0.00547463 1.0224e+00 -1.415e+02 0.2129856 0.000 0.1221697 0.0908159 
-0.00355742 0.00572347 1.0196e+00 -1.414e+02 0.2129893 0.000 0.1221812 0.0908083 
-0.00355742 0.00597232 1.0172e+00 -1.414e+02 0.2129820 0.000 0.1221764 0.0908057 
-0.00355742 0.00622117 1.0154e+00 -1.412e+02 0.2129507 0.000 0.1220382 0.0909125 
-0.00355742 0.00647002 1.0126e+00 -1.414e+02 0.2130038 0.000 0.1222226 0.0907815 
-0.00355742 0.00671886 1.0115e+00 -1.413e+02 0.2129876 0.000 0.1220771 0.0909102 
-0.00355742 0.00696771 1.0102e+00 -1.412e+02 0.2129683 0.000 0.1221343 0.0908338 
-0.00355742 0.00721656 1.0096e+00 -1.411e+02 0.2128695 0.000 0.1221854 0.0906847 
-0.00355742 0.00746540 1.0090e+00 -1.410e+02 0.2129223 0.000 0.1220155 0.0909067 
-0.00355742 0.00771425 1.0085e+00 -1.409e+02 0.2129258 0.000 0.1220106 0.0909153 
-0.00355742 0.00796310 1.0084e+00 -1.409e+02 0.2129223 0.000 0.1220208 0.0909017 
-0.00355742 0.00821194 1.0085e+00 -1.408e+02 0.2129279 0.000 0.1219952 0.0909325 
-0.00355742 0.00846079 1.0090e+00 -1.407e+02 0.2128572 0.000 0.1221387 0.0907183 
-0.00355742 0.00870964 1.0095e+00 -1.407e+02 0.2129523 0.000 0.1220011 0.0909510 
-0.00355742 0.00895848 1.0102e+00 -1.406e+02 0.2129921 0.000 0.1219962 0.0909958 
-0.00355742 0.00920733 1.0116e+00 -1.405e+02 0.2129672 0.000 0.1219925 0.0909746 
-0.00355742 0.00945618 1.0127e+00 -1.404e+02 0.2129795 0.000 0.1221121 0.0908672 
-0.00368184 0.00248847 1.0879e+00 -1.413e+02 0.2129558 0.000 0.1227429 0.0902129 
-0.00368184 0.00273731 1.0818e+00 -1.413e+02 0.2129770 0.000 0.1223788 0.0905979 
-0.00368184 0.00298616 1.0752e+00 -1.415e+02 0.2129585 0.000 0.1226379 0.0903207 
-0.00368184 0.00323501 1.0689e+00 -1.416e+02 0.2129718 0.000 0.1227315 0.0902402 
-0.00368184 0.00348385 1.0639e+00 -1.415e+02 0.2129692 0.000 0.1222373 0.0907320 
-0.00368184 0.00373270 1.0587e+00 -1.414e+02 0.2129664 0.000 0.1220975 0.0908691 
-0.00368184 0.00398155 1.0527e+00 -1.416e+02 0.2129725 0.000 0.1222928 0.0906800 
-0.00368184 0.00423039 1.0480e+00 -1.416e+02 0.2129689 0.000 0.1221645 0.0908043 
-0.00368184 0.00447924 1.0424e+00 -1.417e+02 0.2129768 0.000 0.1226493 0.0903276 
-0.00368184 0.00472809 1.0386e+00 -1.416e+02 0.2129601 0.000 0.1221869 0.0907732 
-0.00368184 0.00497693 1.0336e+00 -1.418e+02 0.2129580 0.000 0.1226397 0.0903185 
-0.00368184 0.00522578 1.0309e+00 -1.416e+02 0.2129796 0.000 0.1221449 0.0908352 
-0.00368184 0.00547463 1.0272e+00 -1.416e+02 0.2129952 0.000 0.1222134 0.0907817 
-0.00368184 0.00572347 1.0247e+00 -1.414e+02 0.2129610 0.000 0.1220381 0.0909229 
-0.00368184 0.00597232 1.0214e+00 -1.415e+02 0.2129688 0.000 0.1221655 0.0908033 
-0.00368184 0.00622117 1.0190e+00 -1.414e+02 0.2129336 0.000 0.1222476 0.0906861 
-0.00368184 0.00647002 1.0174e+00 -1.412e+02 0.2128928 0.000 0.1220280 0.0908647 
-0.00368184 0.00671886 1.0153e+00 -1.412e+02 0.2129294 0.000 0.1220246 0.0909048 
-0.00368184 0.00696771 1.0127e+00 -1.413e+02 0.2129957 0.000 0.1222085 0.0907875 
-0.00368184 0.00721656 1.0122e+00 -1.411e+02 0.2128518 0.000 0.1222355 0.0906162 
-0.00131780 0.00870964 1.0865e+00 -1.400e+02 0.2129749 0.000 0.1226921 0.0902832 
-0.00131780 0.00895848 1.0899e+00 -1.401e+02 0.2129603 0.000 0.1227752 0.0901851 
-0.00131780 0.00920733 1.0937e+00 -1.400e+02 0.2129687 0.000 0.1227492 0.0902194 
-0.00131780 0.00945618 1.0973e+00 -1.400e+02 0.2129880 0.000 0.1227331 0.0902550 
-0.00144222 0.00248847 1.0126e+00 -1.412e+02 0.2129831 0.000 0.1221868 0.0907959 
-0.00144222 0.00273731 1.0131e+00 -1.411e+02 0.2129579 0.000 0.1221274 0.0908304 
