89.0   1.1952e+00   -4.447e+01   0.1359743   0.000   0.0749431  0.0610311
89.1   1.1622e+00   -4.495e+01   0.1359639   0.000   0.0750881  0.0608759
89.2   1.1339e+00   -4.542e+01   0.1359528   0.000   0.0747341  0.0612188
89.3   1.1084e+00   -4.605e+01   0.1359569   0.000   0.0747129  0.0612440
89.4   1.0869e+00   -4.668e+01   0.1359583   0.000   0.0747216  0.0612367
89.5   1.0666e+00   -4.763e+01   0.1359906   0.000   0.0748498  0.0611409
89.6   1.0516e+00   -4.840e+01   0.1359243   0.000   0.0747510  0.0611734
89.7   1.0367e+00   -4.962e+01   0.1359242   0.000   0.0751998  0.0607245
89.8   1.0286e+00   -5.034e+01   0.1359430   0.000   0.0754049  0.0605382
89.9   1.0170e+00   -5.177e+01   0.1359176   0.000   0.0757033  0.0602141
90.0   1.0077e+00   -5.332e+01   0.1359278   0.000   0.0758948  0.0600330
90.1   1.0014e+00   -5.479e+01   0.1359403   0.000   0.0760713  0.0598691
90.2   9.9771e-01   -5.616e+01   0.1359290   0.000   0.0762488  0.0596804
90.3   9.9736e-01   -5.719e+01   0.1359650   0.000   0.0764050  0.0595599
90.4   1.0005e+00   -5.774e+01   0.1359774   0.000   0.0762979  0.0596794
90.5   1.0062e+00   -5.795e+01   0.1359831   0.000   0.0763439  0.0596392
90.6   1.0145e+00   -5.782e+01   0.1359787   0.000   0.0762373  0.0597413
90.7   1.0247e+00   -5.749e+01   0.1359765   0.000   0.0760615  0.0599151
90.8   1.0368e+00   -5.695e+01   0.1359957   0.000   0.0761214  0.0598742
90.9   1.0474e+00   -5.683e+01   0.1359916   0.000   0.0759798  0.0600120
91.0   1.0611e+00   -5.620e+01   0.1359722   0.000   0.0758657  0.0601065
