89.500 1.1025e+00 -6.425e+01 0.1599545 0.000 0.0895215 0.0704330 
89.550 1.0903e+00 -6.474e+01 0.1599721 0.000 0.0899623 0.0700097 
89.600 1.0786e+00 -6.533e+01 0.1599661 0.000 0.0900106 0.0699555 
89.650 1.0686e+00 -6.583e+01 0.1599833 0.000 0.0899503 0.0700330 
89.700 1.0592e+00 -6.641e+01 0.1599909 0.000 0.0897131 0.0702778 
89.750 1.0508e+00 -6.698e+01 0.1599303 0.000 0.0898956 0.0700346 
89.800 1.0435e+00 -6.752e+01 0.1598643 0.000 0.0897372 0.0701270 
89.850 1.0359e+00 -6.827e+01 0.1598632 0.000 0.0899348 0.0699286 
89.900 1.0277e+00 -6.926e+01 0.1598309 0.000 0.0905622 0.0692686 
89.950 1.0217e+00 -7.006e+01 0.1598097 0.000 0.0904400 0.0693697 
90.000 1.0152e+00 -7.110e+01 0.1599324 0.000 0.0906522 0.0692804 
90.050 1.0092e+00 -7.221e+01 0.1599209 0.000 0.0910167 0.0689040 
90.100 1.0048e+00 -7.317e+01 0.1599409 0.000 0.0909998 0.0689411 
90.150 1.0003e+00 -7.430e+01 0.1599522 0.000 0.0911906 0.0687617 
90.200 9.9685e-01 -7.536e+01 0.1599364 0.000 0.0913397 0.0685967 
90.250 9.9359e-01 -7.651e+01 0.1599685 0.000 0.0915989 0.0683697 
90.300 9.9188e-01 -7.741e+01 0.1599524 0.000 0.0915946 0.0683577 
90.350 9.9027e-01 -7.840e+01 0.1599418 0.000 0.0918470 0.0680948 
90.400 9.9021e-01 -7.909e+01 0.1599463 0.000 0.0917660 0.0681801 
90.450 9.9066e-01 -7.973e+01 0.1599490 0.000 0.0919204 0.0680285 
90.500 9.9213e-01 -8.017e+01 0.1599402 0.000 0.0919271 0.0680130 
90.550 9.9444e-01 -8.043e+01 0.1599301 0.000 0.0919578 0.0679722 
90.600 9.9766e-01 -8.052e+01 0.1599328 0.000 0.0918872 0.0680456 
90.650 1.0016e+00 -8.047e+01 0.1599553 0.000 0.0917892 0.0681663 
90.700 1.0060e+00 -8.034e+01 0.1599588 0.000 0.0917613 0.0681974 
90.750 1.0109e+00 -8.011e+01 0.1599711 0.000 0.0917940 0.0681771 
90.800 1.0163e+00 -7.981e+01 0.1599623 0.000 0.0917225 0.0682395 
90.850 1.0220e+00 -7.949e+01 0.1599915 0.000 0.0915126 0.0684790 
90.900 1.0283e+00 -7.908e+01 0.1599807 0.000 0.0914724 0.0685084 
90.950 1.0349e+00 -7.864e+01 0.1599736 0.000 0.0912884 0.0686851 
91.000 1.0421e+00 -7.807e+01 0.1599673 0.000 0.0915616 0.0684057 
91.050 1.0495e+00 -7.756e+01 0.1599601 0.000 0.0911684 0.0687917 
91.100 1.0572e+00 -7.702e+01 0.1599696 0.000 0.0911928 0.0687768 
91.150 1.0649e+00 -7.652e+01 0.1599347 0.000 0.0913490 0.0685856 
91.200 1.0730e+00 -7.601e+01 0.1599470 0.000 0.0913890 0.0685580 
91.250 1.0811e+00 -7.557e+01 0.1599849 0.000 0.0909311 0.0690538 
91.300 1.0898e+00 -7.501e+01 0.1599769 0.000 0.0911136 0.0688634 
91.350 1.0984e+00 -7.455e+01 0.1599353 0.000 0.0907765 0.0691587 
91.400 1.1072e+00 -7.413e+01 0.1599737 0.000 0.0906295 0.0693442 
91.450 1.1166e+00 -7.361e+01 0.1599812 0.000 0.0906775 0.0693036 
