89.500 1.0341e+00 -5.231e+01 0.1399263 0.000 0.0775631 0.0623632 
89.550 1.0271e+00 -5.304e+01 0.1399303 0.000 0.0778290 0.0621015 
89.600 1.0216e+00 -5.368e+01 0.1399154 0.000 0.0779021 0.0620133 
89.650 1.0156e+00 -5.452e+01 0.1399254 0.000 0.0781012 0.0618243 
89.700 1.0108e+00 -5.530e+01 0.1399121 0.000 0.0782046 0.0617076 
89.750 1.0060e+00 -5.619e+01 0.1399336 0.000 0.0783324 0.0616011 
89.800 1.0025e+00 -5.698e+01 0.1399480 0.000 0.0783603 0.0615877 
89.850 9.9935e-01 -5.782e+01 0.1399421 0.000 0.0785162 0.0614260 
89.900 9.9716e-01 -5.858e+01 0.1399357 0.000 0.0785961 0.0613399 
89.950 9.9533e-01 -5.936e+01 0.1399730 0.000 0.0788031 0.0611701 
90.000 9.9482e-01 -5.995e+01 0.1399713 0.000 0.0788636 0.0611078 
90.050 9.9538e-01 -6.037e+01 0.1399641 0.000 0.0787653 0.0611989 
90.100 9.9628e-01 -6.080e+01 0.1399664 0.000 0.0789250 0.0610413 
90.150 9.9804e-01 -6.108e+01 0.1399692 0.000 0.0791008 0.0608683 
90.200 1.0007e+00 -6.122e+01 0.1399696 0.000 0.0789070 0.0610627 
90.250 1.0040e+00 -6.128e+01 0.1399832 0.000 0.0789240 0.0610592 
90.300 1.0080e+00 -6.123e+01 0.1399612 0.000 0.0786779 0.0612831 
90.350 1.0124e+00 -6.114e+01 0.1399715 0.000 0.0786874 0.0612839 
90.400 1.0172e+00 -6.101e+01 0.1399795 0.000 0.0786842 0.0612952 
90.450 1.0226e+00 -6.081e+01 0.1399923 0.000 0.0786550 0.0613372 
90.500 1.0285e+00 -6.052e+01 0.1399774 0.000 0.0787118 0.0612658 
90.550 1.0347e+00 -6.025e+01 0.1399767 0.000 0.0784791 0.0614974 
90.600 1.0412e+00 -5.994e+01 0.1399866 0.000 0.0784732 0.0615132 
90.650 1.0481e+00 -5.960e+01 0.1399703 0.000 0.0785159 0.0614545 
90.700 1.0552e+00 -5.930e+01 0.1399812 0.000 0.0784516 0.0615295 
90.750 1.0626e+00 -5.898e+01 0.1399784 0.000 0.0784022 0.0615762 
90.800 1.0703e+00 -5.865e+01 0.1399930 0.000 0.0783383 0.0616547 
90.850 1.0785e+00 -5.828e+01 0.1399623 0.000 0.0781124 0.0618500 
90.900 1.0871e+00 -5.787e+01 0.1399311 0.000 0.0781337 0.0617973 
90.950 1.0959e+00 -5.749e+01 0.1399469 0.000 0.0781425 0.0618044 
91.000 1.1049e+00 -5.711e+01 0.1399565 0.000 0.0781877 0.0617689 
91.050 1.1143e+00 -5.672e+01 0.1399757 0.000 0.0781410 0.0618349 
91.100 1.1242e+00 -5.628e+01 0.1399402 0.000 0.0781946 0.0617455 
91.150 1.1339e+00 -5.596e+01 0.1399775 0.000 0.0780953 0.0618822 
91.200 1.1444e+00 -5.554e+01 0.1399284 0.000 0.0780587 0.0618698 
91.250 1.1543e+00 -5.529e+01 0.1399450 0.000 0.0779729 0.0619721 
91.300 1.1649e+00 -5.499e+01 0.1399505 0.000 0.0776659 0.0622845 
91.350 1.1757e+00 -5.468e+01 0.1399644 0.000 0.0776969 0.0622674 
91.400 1.1870e+00 -5.434e+01 0.1399456 0.000 0.0776952 0.0622504 
91.450 1.1982e+00 -5.408e+01 0.1399673 0.000 0.0775582 0.0624090 
