-0.00119337 0.00248847 1.0142e+00 -6.685e+01 0.1518641 0.000 0.0859782 0.0658857 
-0.00119337 0.00273731 1.0157e+00 -6.687e+01 0.1518611 0.000 0.0859321 0.0659289 
-0.00119337 0.00298616 1.0164e+00 -6.706e+01 0.1519529 0.000 0.0861207 0.0658322 
-0.00119337 0.00323501 1.0181e+00 -6.714e+01 0.1519425 0.000 0.0861633 0.0657794 
-0.00119337 0.00348385 1.0203e+00 -6.717e+01 0.1519465 0.000 0.0861357 0.0658109 
-0.00119337 0.00373270 1.0228e+00 -6.720e+01 0.1519388 0.000 0.0861259 0.0658129 
-0.00119337 0.00398155 1.0255e+00 -6.723e+01 0.1519423 0.000 0.0860074 0.0659348 
-0.00119337 0.00423039 1.0279e+00 -6.737e+01 0.1519534 0.000 0.0862401 0.0657134 
-0.00119337 0.00447924 1.0314e+00 -6.733e+01 0.1519483 0.000 0.0861461 0.0658022 
-0.00119337 0.00472809 1.0348e+00 -6.736e+01 0.1519385 0.000 0.0861416 0.0657969 
-0.00119337 0.00497693 1.0379e+00 -6.746e+01 0.1519478 0.000 0.0862172 0.0657305 
-0.00119337 0.00522578 1.0417e+00 -6.747e+01 0.1519441 0.000 0.0861563 0.0657877 
-0.00119337 0.00547463 1.0452e+00 -6.755e+01 0.1519504 0.000 0.0861989 0.0657515 
-0.00119337 0.00572347 1.0493e+00 -6.753e+01 0.1519437 0.000 0.0861475 0.0657961 
-0.00119337 0.00597232 1.0532e+00 -6.758e+01 0.1519513 0.000 0.0862460 0.0657052 
-0.00119337 0.00622117 1.0576e+00 -6.755e+01 0.1519439 0.000 0.0862091 0.0657349 
-0.00119337 0.00647002 1.0618e+00 -6.756e+01 0.1519503 0.000 0.0861915 0.0657587 
-0.00119337 0.00671886 1.0662e+00 -6.755e+01 0.1519478 0.000 0.0861863 0.0657614 
-0.00119337 0.00696771 1.0705e+00 -6.755e+01 0.1519538 0.000 0.0861299 0.0658237 
-0.00119337 0.00721656 1.0749e+00 -6.756e+01 0.1519595 0.000 0.0861984 0.0657611 
-0.00119337 0.00746540 1.0797e+00 -6.747e+01 0.1519605 0.000 0.0859935 0.0659670 
-0.00119337 0.00771425 1.0841e+00 -6.747e+01 0.1519554 0.000 0.0860096 0.0659457 
-0.00119337 0.00796310 1.0882e+00 -6.751e+01 0.1519544 0.000 0.0861686 0.0657858 
-0.00119337 0.00821194 1.0925e+00 -6.753e+01 0.1519579 0.000 0.0861849 0.0657730 
-0.00119337 0.00846079 1.0972e+00 -6.746e+01 0.1519545 0.000 0.0860855 0.0658688 
-0.00119337 0.00870964 1.1013e+00 -6.751e+01 0.1519638 0.000 0.0861365 0.0658273 
-0.00119337 0.00895848 1.1060e+00 -6.744e+01 0.1519600 0.000 0.0860314 0.0659285 
-0.00119337 0.00920733 1.1104e+00 -6.742e+01 0.1519609 0.000 0.0859110 0.0660499 
-0.00119337 0.00945618 1.1147e+00 -6.741e+01 0.1519657 0.000 0.0859106 0.0660552 
-0.00131780 0.00248847 1.0114e+00 -6.684e+01 0.1518747 0.000 0.0860556 0.0658192 
-0.00131780 0.00273731 1.0124e+00 -6.685e+01 0.1518744 0.000 0.0860421 0.0658323 
-0.00131780 0.00298616 1.0134e+00 -6.691e+01 0.1518657 0.000 0.0860964 0.0657693 
-0.00131780 0.00323501 1.0146e+00 -6.699e+01 0.1519331 0.000 0.0860439 0.0658893 
-0.00131780 0.00348385 1.0160e+00 -6.711e+01 0.1519442 0.000 0.0861447 0.0657995 
-0.00131780 0.00373270 1.0180e+00 -6.715e+01 0.1519352 0.000 0.0861545 0.0657807 
-0.00131780 0.00398155 1.0205e+00 -6.715e+01 0.1519393 0.000 0.0860647 0.0658747 
-0.00131780 0.00423039 1.0229e+00 -6.722e+01 0.1519389 0.000 0.0860796 0.0658592 
-0.00131780 0.00447924 1.0254e+00 -6.732e+01 0.1519354 0.000 0.0862157 0.0657197 
-0.00131780 0.00472809 1.0284e+00 -6.736e+01 0.1519436 0.000 0.0862339 0.0657098 
-0.00131780 0.00497693 1.0318e+00 -6.735e+01 0.1519372 0.000 0.0861893 0.0657479 
-0.00131780 0.00522578 1.0351e+00 -6.740e+01 0.1519410 0.000 0.0862079 0.0657330 
-0.00131780 0.00547463 1.0386e+00 -6.746e+01 0.1519470 0.000 0.0862210 0.0657260 
-0.00131780 0.00572347 1.0425e+00 -6.744e+01 0.1519210 0.000 0.0861491 0.0657720 
-0.00131780 0.00597232 1.0463e+00 -6.748e+01 0.1519497 0.000 0.0861340 0.0658158 
-0.00131780 0.00622117 1.0496e+00 -6.761e+01 0.1519460 0.000 0.0863038 0.0656423 
-0.00131780 0.00647002 1.0542e+00 -6.754e+01 0.1519379 0.000 0.0862128 0.0657252 
-0.00131780 0.00671886 1.0580e+00 -6.761e+01 0.1519288 0.000 0.0862661 0.0656628 
-0.00131780 0.00696771 1.0625e+00 -6.754e+01 0.1519246 0.000 0.0862157 0.0657090 
-0.00131780 0.00721656 1.0670e+00 -6.751e+01 0.1519613 0.000 0.0860316 0.0659295 
-0.00131780 0.00746540 1.0712e+00 -6.754e+01 0.1519611 0.000 0.0862007 0.0657606 
-0.00131780 0.00771425 1.0758e+00 -6.749e+01 0.1519680 0.000 0.0860344 0.0659337 
-0.00131780 0.00796310 1.0802e+00 -6.747e+01 0.1519638 0.000 0.0860207 0.0659428 
-0.00131780 0.00821194 1.0847e+00 -6.743e+01 0.1519648 0.000 0.0859873 0.0659777 
-0.00131780 0.00846079 1.0891e+00 -6.742e+01 0.1519602 0.000 0.0859992 0.0659610 
-0.00131780 0.00870964 1.0934e+00 -6.742e+01 0.1519575 0.000 0.0860674 0.0658901 
-0.00131780 0.00895848 1.0975e+00 -6.747e+01 0.1519632 0.000 0.0861327 0.0658305 
-0.00131780 0.00920733 1.1019e+00 -6.743e+01 0.1519586 0.000 0.0860663 0.0658922 
-0.00131780 0.00945618 1.1062e+00 -6.743e+01 0.1519580 0.000 0.0860058 0.0659522 
-0.00144222 0.00248847 1.0090e+00 -6.686e+01 0.1518761 0.000 0.0861114 0.0657647 
-0.00144222 0.00273731 1.0098e+00 -6.682e+01 0.1518863 0.000 0.0860259 0.0658607 
-0.00144222 0.00298616 1.0104e+00 -6.689e+01 0.1518784 0.000 0.0860862 0.0657924 
-0.00144222 0.00323501 1.0117e+00 -6.686e+01 0.1518820 0.000 0.0859408 0.0659413 
-0.00144222 0.00348385 1.0130e+00 -6.692e+01 0.1518652 0.000 0.0860016 0.0658635 
-0.00144222 0.00373270 1.0137e+00 -6.714e+01 0.1519468 0.000 0.0861886 0.0657581 
-0.00144222 0.00398155 1.0158e+00 -6.714e+01 0.1519519 0.000 0.0861477 0.0658040 
-0.00144222 0.00423039 1.0183e+00 -6.712e+01 0.1519349 0.000 0.0860666 0.0658680 
-0.00144222 0.00447924 1.0198e+00 -6.734e+01 0.1519516 0.000 0.0862519 0.0656998 
-0.00144222 0.00472809 1.0233e+00 -6.723e+01 0.1519505 0.000 0.0860622 0.0658882 
-0.00144222 0.00497693 1.0260e+00 -6.729e+01 0.1519383 0.000 0.0862001 0.0657381 
-0.00144222 0.00522578 1.0290e+00 -6.734e+01 0.1519516 0.000 0.0862147 0.0657368 
-0.00144222 0.00547463 1.0327e+00 -6.730e+01 0.1519324 0.000 0.0861374 0.0657949 
-0.00144222 0.00572347 1.0358e+00 -6.740e+01 0.1519544 0.000 0.0862011 0.0657532 
-0.00144222 0.00597232 1.0395e+00 -6.742e+01 0.1519416 0.000 0.0861830 0.0657588 
-0.00144222 0.00622117 1.0434e+00 -6.741e+01 0.1519401 0.000 0.0861242 0.0658158 
-0.00144222 0.00647002 1.0468e+00 -6.750e+01 0.1519516 0.000 0.0862376 0.0657139 
-0.00144222 0.00671886 1.0510e+00 -6.748e+01 0.1519320 0.000 0.0862003 0.0657318 
-0.00144222 0.00696771 1.0549e+00 -6.753e+01 0.1519584 0.000 0.0862349 0.0657234 
-0.00144222 0.00721656 1.0592e+00 -6.750e+01 0.1519546 0.000 0.0861796 0.0657749 
-0.00144222 0.00746540 1.0632e+00 -6.754e+01 0.1519492 0.000 0.0862025 0.0657468 
-0.00144222 0.00771425 1.0679e+00 -6.747e+01 0.1519573 0.000 0.0861361 0.0658213 
-0.00144222 0.00796310 1.0724e+00 -6.742e+01 0.1519610 0.000 0.0860720 0.0658890 
-0.00144222 0.00821194 1.0764e+00 -6.748e+01 0.1519703 0.000 0.0860298 0.0659405 
-0.00144222 0.00846079 1.0809e+00 -6.742e+01 0.1519617 0.000 0.0860201 0.0659416 
-0.00144222 0.00870964 1.0854e+00 -6.739e+01 0.1519635 0.000 0.0859940 0.0659694 
-0.00144222 0.00895848 1.0891e+00 -6.749e+01 0.1519565 0.000 0.0862492 0.0657072 
-0.00144222 0.00920733 1.0936e+00 -6.745e+01 0.1519598 0.000 0.0861761 0.0657836 
-0.00144222 0.00945618 1.0985e+00 -6.732e+01 0.1519473 0.000 0.0859838 0.0659637 
-0.00156664 0.00248847 1.0078e+00 -6.681e+01 0.1518360 0.000 0.0860757 0.0657606 
-0.00156664 0.00273731 1.0081e+00 -6.677e+01 0.1518440 0.000 0.0860140 0.0658300 
-0.00156664 0.00298616 1.0084e+00 -6.680e+01 0.1518514 0.000 0.0859637 0.0658877 
-0.00156664 0.00323501 1.0093e+00 -6.678e+01 0.1518264 0.000 0.0859904 0.0658360 
-0.00156664 0.00348385 1.0104e+00 -6.678e+01 0.1518297 0.000 0.0859498 0.0658797 
-0.00156664 0.00373270 1.0106e+00 -6.699e+01 0.1518695 0.000 0.0861646 0.0657052 
-0.00156664 0.00398155 1.0127e+00 -6.693e+01 0.1518624 0.000 0.0860325 0.0658297 
-0.00156664 0.00423039 1.0136e+00 -6.714e+01 0.1519456 0.000 0.0861748 0.0657709 
-0.00156664 0.00447924 1.0161e+00 -6.710e+01 0.1519444 0.000 0.0860359 0.0659084 
-0.00156664 0.00472809 1.0179e+00 -6.723e+01 0.1519436 0.000 0.0861384 0.0658053 
-0.00156664 0.00497693 1.0210e+00 -6.717e+01 0.1519413 0.000 0.0860225 0.0659187 
-0.00156664 0.00522578 1.0237e+00 -6.723e+01 0.1519593 0.000 0.0860976 0.0658617 
-0.00156664 0.00547463 1.0266e+00 -6.729e+01 0.1519475 0.000 0.0861830 0.0657647 
-0.00156664 0.00572347 1.0297e+00 -6.734e+01 0.1519448 0.000 0.0862172 0.0657276 
-0.00156664 0.00597232 1.0330e+00 -6.737e+01 0.1519306 0.000 0.0862432 0.0656874 
-0.00156664 0.00622117 1.0368e+00 -6.735e+01 0.1519386 0.000 0.0861514 0.0657872 
-0.00156664 0.00647002 1.0402e+00 -6.743e+01 0.1519335 0.000 0.0862609 0.0656725 
-0.00156664 0.00671886 1.0439e+00 -6.746e+01 0.1519496 0.000 0.0862541 0.0656955 
-0.00156664 0.00696771 1.0480e+00 -6.743e+01 0.1519447 0.000 0.0861912 0.0657535 
-0.00156664 0.00721656 1.0520e+00 -6.744e+01 0.1519343 0.000 0.0861866 0.0657479 
-0.00156664 0.00746540 1.0559e+00 -6.748e+01 0.1519572 0.000 0.0862059 0.0657511 
-0.00156664 0.00771425 1.0602e+00 -6.746e+01 0.1519522 0.000 0.0861927 0.0657595 
-0.00156664 0.00796310 1.0642e+00 -6.750e+01 0.1519674 0.000 0.0862159 0.0657517 
-0.00156664 0.00821194 1.0689e+00 -6.739e+01 0.1519606 0.000 0.0861051 0.0658556 
-0.00156664 0.00846079 1.0731e+00 -6.739e+01 0.1519667 0.000 0.0861192 0.0658477 
-0.00156664 0.00870964 1.0775e+00 -6.737e+01 0.1519628 0.000 0.0860130 0.0659500 
-0.00156664 0.00895848 1.0818e+00 -6.735e+01 0.1519600 0.000 0.0859976 0.0659624 
-0.00156664 0.00920733 1.0862e+00 -6.731e+01 0.1519569 0.000 0.0860056 0.0659514 
-0.00156664 0.00945618 1.0904e+00 -6.733e+01 0.1519595 0.000 0.0860812 0.0658783 
-0.00169107 0.00248847 1.0077e+00 -6.669e+01 0.1518627 0.000 0.0858271 0.0660355 
-0.00169107 0.00273731 1.0070e+00 -6.674e+01 0.1518370 0.000 0.0859578 0.0658791 
-0.00169107 0.00298616 1.0071e+00 -6.670e+01 0.1518483 0.000 0.0858437 0.0660046 
-0.00169107 0.00323501 1.0066e+00 -6.686e+01 0.1518473 0.000 0.0860677 0.0657798 
-0.00169107 0.00348385 1.0070e+00 -6.691e+01 0.1518496 0.000 0.0861482 0.0657015 
-0.00169107 0.00373270 1.0086e+00 -6.680e+01 0.1518472 0.000 0.0859767 0.0658704 
-0.00169107 0.00398155 1.0097e+00 -6.683e+01 0.1518605 0.000 0.0859655 0.0658949 
-0.00169107 0.00423039 1.0109e+00 -6.690e+01 0.1518425 0.000 0.0859402 0.0659025 
-0.00169107 0.00447924 1.0115e+00 -6.714e+01 0.1519265 0.000 0.0862113 0.0657151 
-0.00169107 0.00472809 1.0135e+00 -6.719e+01 0.1519686 0.000 0.0861403 0.0658282 
-0.00169107 0.00497693 1.0156e+00 -6.725e+01 0.1519504 0.000 0.0861968 0.0657538 
-0.00169107 0.00522578 1.0187e+00 -6.716e+01 0.1519584 0.000 0.0860114 0.0659471 
-0.00169107 0.00547463 1.0215e+00 -6.717e+01 0.1519568 0.000 0.0859981 0.0659588 
-0.00169107 0.00572347 1.0242e+00 -6.724e+01 0.1519698 0.000 0.0861225 0.0658472 
-0.00169107 0.00597232 1.0270e+00 -6.734e+01 0.1519581 0.000 0.0862496 0.0657081 
-0.00169107 0.00622117 1.0308e+00 -6.727e+01 0.1519372 0.000 0.0861424 0.0657948 
-0.00169107 0.00647002 1.0340e+00 -6.734e+01 0.1519397 0.000 0.0861878 0.0657521 
-0.00169107 0.00671886 1.0372e+00 -6.743e+01 0.1519481 0.000 0.0862986 0.0656494 
-0.00169107 0.00696771 1.0412e+00 -6.739e+01 0.1519376 0.000 0.0862293 0.0657083 
-0.00169107 0.00721656 1.0449e+00 -6.743e+01 0.1519535 0.000 0.0862426 0.0657108 
-0.00169107 0.00746540 1.0490e+00 -6.740e+01 0.1519284 0.000 0.0862048 0.0657235 
-0.00169107 0.00771425 1.0526e+00 -6.748e+01 0.1519425 0.000 0.0862615 0.0656810 
-0.00169107 0.00796310 1.0568e+00 -6.746e+01 0.1519410 0.000 0.0862176 0.0657234 
-0.00169107 0.00821194 1.0613e+00 -6.740e+01 0.1519610 0.000 0.0860093 0.0659516 
-0.00169107 0.00846079 1.0656e+00 -6.736e+01 0.1519651 0.000 0.0860424 0.0659227 
-0.00169107 0.00870964 1.0698e+00 -6.735e+01 0.1519677 0.000 0.0861220 0.0658458 
-0.00169107 0.00895848 1.0739e+00 -6.737e+01 0.1519624 0.000 0.0860933 0.0658691 
-0.00169107 0.00920733 1.0784e+00 -6.731e+01 0.1519633 0.000 0.0859924 0.0659708 
-0.00169107 0.00945618 1.0825e+00 -6.731e+01 0.1519614 0.000 0.0860432 0.0659181 
-0.00181549 0.00248847 1.0071e+00 -6.678e+01 0.1518598 0.000 0.0859208 0.0659390 
-0.00181549 0.00273731 1.0067e+00 -6.670e+01 0.1518206 0.000 0.0858388 0.0659820 
-0.00181549 0.00298616 1.0063e+00 -6.667e+01 0.1518456 0.000 0.0858325 0.0660131 
-0.00181549 0.00323501 1.0057e+00 -6.675e+01 0.1518445 0.000 0.0859265 0.0659180 
-0.00181549 0.00348385 1.0056e+00 -6.681e+01 0.1518490 0.000 0.0859678 0.0658814 
-0.00181549 0.00373270 1.0051e+00 -6.699e+01 0.1518591 0.000 0.0862054 0.0656536 
-0.00181549 0.00398155 1.0060e+00 -6.699e+01 0.1518659 0.000 0.0861589 0.0657070 
-0.00181549 0.00423039 1.0079e+00 -6.685e+01 0.1518448 0.000 0.0859840 0.0658609 
-0.00181549 0.00447924 1.0090e+00 -6.693e+01 0.1518340 0.000 0.0860517 0.0657822 
-0.00181549 0.00472809 1.0107e+00 -6.694e+01 0.1518138 0.000 0.0860253 0.0657884 
-0.00181549 0.00497693 1.0121e+00 -6.706e+01 0.1519286 0.000 0.0860604 0.0658681 
-0.00181549 0.00522578 1.0138e+00 -6.719e+01 0.1519609 0.000 0.0861025 0.0658583 
-0.00181549 0.00547463 1.0162e+00 -6.721e+01 0.1519587 0.000 0.0861600 0.0657989 
-0.00181549 0.00572347 1.0193e+00 -6.715e+01 0.1519614 0.000 0.0860088 0.0659523 
-0.00181549 0.00597232 1.0223e+00 -6.715e+01 0.1519565 0.000 0.0859857 0.0659709 
-0.00181549 0.00622117 1.0254e+00 -6.716e+01 0.1519609 0.000 0.0859797 0.0659811 
-0.00181549 0.00647002 1.0283e+00 -6.724e+01 0.1519659 0.000 0.0861261 0.0658396 
-0.00181549 0.00671886 1.0316e+00 -6.727e+01 0.1519662 0.000 0.0861434 0.0658226 
-0.00181549 0.00696771 1.0349e+00 -6.733e+01 0.1519625 0.000 0.0861903 0.0657721 
-0.00181549 0.00721656 1.0387e+00 -6.732e+01 0.1519631 0.000 0.0861376 0.0658255 
-0.00181549 0.00746540 1.0424e+00 -6.733e+01 0.1519553 0.000 0.0861390 0.0658161 
-0.00181549 0.00771425 1.0458e+00 -6.744e+01 0.1519462 0.000 0.0862847 0.0656615 
-0.00181549 0.00796310 1.0499e+00 -6.740e+01 0.1519381 0.000 0.0862219 0.0657162 
-0.00181549 0.00821194 1.0540e+00 -6.738e+01 0.1519465 0.000 0.0861823 0.0657642 
-0.00181549 0.00846079 1.0574e+00 -6.752e+01 0.1519593 0.000 0.0863170 0.0656423 
-0.00181549 0.00870964 1.0621e+00 -6.738e+01 0.1519567 0.000 0.0861858 0.0657708 
-0.00181549 0.00895848 1.0666e+00 -6.732e+01 0.1519637 0.000 0.0861137 0.0658502 
-0.00181549 0.00920733 1.0708e+00 -6.730e+01 0.1519700 0.000 0.0860150 0.0659549 
-0.00181549 0.00945618 1.0752e+00 -6.725e+01 0.1519562 0.000 0.0859897 0.0659665 
-0.00193991 0.00248847 1.0076e+00 -6.681e+01 0.1518681 0.000 0.0859164 0.0659518 
-0.00193991 0.00273731 1.0062e+00 -6.683e+01 0.1518476 0.000 0.0859603 0.0658873 
-0.00193991 0.00298616 1.0055e+00 -6.676e+01 0.1518598 0.000 0.0858928 0.0659670 
-0.00193991 0.00323501 1.0041e+00 -6.689e+01 0.1518639 0.000 0.0861204 0.0657435 
-0.00193991 0.00348385 1.0040e+00 -6.686e+01 0.1518371 0.000 0.0861024 0.0657349 
-0.00193991 0.00373270 1.0040e+00 -6.687e+01 0.1518474 0.000 0.0860787 0.0657686 
-0.00193991 0.00398155 1.0044e+00 -6.689e+01 0.1518603 0.000 0.0860563 0.0658040 
-0.00193991 0.00423039 1.0058e+00 -6.676e+01 0.1518363 0.000 0.0858933 0.0659431 
-0.00193991 0.00447924 1.0063e+00 -6.686e+01 0.1518465 0.000 0.0859686 0.0658779 
-0.00193991 0.00472809 1.0071e+00 -6.696e+01 0.1518636 0.000 0.0860929 0.0657707 
-0.00193991 0.00497693 1.0086e+00 -6.700e+01 0.1518546 0.000 0.0860767 0.0657776 
-0.00193991 0.00522578 1.0097e+00 -6.716e+01 0.1519333 0.000 0.0861818 0.0657515 
-0.00193991 0.00547463 1.0118e+00 -6.719e+01 0.1519632 0.000 0.0861301 0.0658332 
-0.00193991 0.00572347 1.0142e+00 -6.719e+01 0.1519456 0.000 0.0861499 0.0657958 
-0.00193991 0.00597232 1.0168e+00 -6.720e+01 0.1519380 0.000 0.0861463 0.0657918 
-0.00193991 0.00622117 1.0200e+00 -6.713e+01 0.1519592 0.000 0.0859891 0.0659700 
-0.00193991 0.00647002 1.0231e+00 -6.714e+01 0.1519523 0.000 0.0859933 0.0659591 
-0.00193991 0.00671886 1.0263e+00 -6.714e+01 0.1519403 0.000 0.0859861 0.0659543 
-0.00193991 0.00696771 1.0292e+00 -6.724e+01 0.1519760 0.000 0.0861218 0.0658540 
-0.00193991 0.00721656 1.0327e+00 -6.724e+01 0.1519588 0.000 0.0860972 0.0658616 
-0.00193991 0.00746540 1.0360e+00 -6.730e+01 0.1519546 0.000 0.0861539 0.0658008 
-0.00193991 0.00771425 1.0397e+00 -6.730e+01 0.1519536 0.000 0.0861440 0.0658096 
-0.00193991 0.00796310 1.0433e+00 -6.734e+01 0.1519615 0.000 0.0861824 0.0657789 
-0.00193991 0.00821194 1.0475e+00 -6.728e+01 0.1519444 0.000 0.0860748 0.0658697 
-0.00193991 0.00846079 1.0504e+00 -6.749e+01 0.1519659 0.000 0.0863251 0.0656410 
-0.00193991 0.00870964 1.0554e+00 -6.730e+01 0.1519565 0.000 0.0860977 0.0658591 
-0.00193991 0.00895848 1.0595e+00 -6.728e+01 0.1519685 0.000 0.0860944 0.0658742 
-0.00193991 0.00920733 1.0634e+00 -6.731e+01 0.1519557 0.000 0.0861403 0.0658152 
-0.00193991 0.00945618 1.0675e+00 -6.730e+01 0.1519616 0.000 0.0861444 0.0658174 
-0.00206434 0.00248847 1.0089e+00 -6.683e+01 0.1518370 0.000 0.0859251 0.0659121 
-0.00206434 0.00273731 1.0071e+00 -6.681e+01 0.1518345 0.000 0.0858988 0.0659356 
-0.00206434 0.00298616 1.0055e+00 -6.684e+01 0.1518281 0.000 0.0859568 0.0658713 
-0.00206434 0.00323501 1.0045e+00 -6.681e+01 0.1518689 0.000 0.0858584 0.0660105 
-0.00206434 0.00348385 1.0038e+00 -6.680e+01 0.1518437 0.000 0.0859184 0.0659254 
-0.00206434 0.00373270 1.0032e+00 -6.684e+01 0.1518520 0.000 0.0859937 0.0658584 
-0.00206434 0.00398155 1.0034e+00 -6.679e+01 0.1518581 0.000 0.0858767 0.0659812 
-0.00206434 0.00423039 1.0027e+00 -6.698e+01 0.1518770 0.000 0.0861720 0.0657050 
-0.00206434 0.00447924 1.0040e+00 -6.685e+01 0.1518653 0.000 0.0859879 0.0658773 
-0.00206434 0.00472809 1.0046e+00 -6.692e+01 0.1518671 0.000 0.0859919 0.0658751 
-0.00206434 0.00497693 1.0060e+00 -6.690e+01 0.1518774 0.000 0.0859671 0.0659104 
-0.00206434 0.00522578 1.0068e+00 -6.703e+01 0.1518731 0.000 0.0861242 0.0657488 
-0.00206434 0.00547463 1.0076e+00 -6.723e+01 0.1519430 0.000 0.0862657 0.0656773 
-0.00206434 0.00572347 1.0098e+00 -6.721e+01 0.1519340 0.000 0.0862157 0.0657182 
-0.00206434 0.00597232 1.0122e+00 -6.721e+01 0.1519299 0.000 0.0862291 0.0657005 
-0.00206434 0.00622117 1.0149e+00 -6.718e+01 0.1519446 0.000 0.0861189 0.0658256 
-0.00206434 0.00647002 1.0180e+00 -6.712e+01 0.1519479 0.000 0.0860004 0.0659476 
-0.00206434 0.00671886 1.0209e+00 -6.714e+01 0.1519557 0.000 0.0860097 0.0659459 
-0.00206434 0.00696771 1.0241e+00 -6.711e+01 0.1519524 0.000 0.0859692 0.0659831 
-0.00206434 0.00721656 1.0269e+00 -6.722e+01 0.1519476 0.000 0.0861004 0.0658473 
-0.00206434 0.00746540 1.0305e+00 -6.718e+01 0.1519426 0.000 0.0860344 0.0659082 
-0.00206434 0.00771425 1.0336e+00 -6.725e+01 0.1519581 0.000 0.0860926 0.0658656 
-0.00206434 0.00796310 1.0370e+00 -6.731e+01 0.1519456 0.000 0.0861977 0.0657479 
-0.00206434 0.00821194 1.0407e+00 -6.732e+01 0.1519569 0.000 0.0861920 0.0657650 
-0.00206434 0.00846079 1.0445e+00 -6.732e+01 0.1519539 0.000 0.0861751 0.0657788 
-0.00206434 0.00870964 1.0484e+00 -6.731e+01 0.1519653 0.000 0.0861033 0.0658619 
-0.00206434 0.00895848 1.0521e+00 -6.735e+01 0.1519570 0.000 0.0861438 0.0658132 
-0.00206434 0.00920733 1.0566e+00 -6.725e+01 0.1519531 0.000 0.0860051 0.0659479 
-0.00206434 0.00945618 1.0603e+00 -6.730e+01 0.1519658 0.000 0.0861437 0.0658222 
-0.00218876 0.00248847 1.0106e+00 -6.692e+01 0.1518452 0.000 0.0860376 0.0658076 
-0.00218876 0.00273731 1.0087e+00 -6.682e+01 0.1518519 0.000 0.0859458 0.0659057 
-0.00218876 0.00298616 1.0068e+00 -6.681e+01 0.1518828 0.000 0.0858222 0.0660605 
-0.00218876 0.00323501 1.0050e+00 -6.686e+01 0.1518634 0.000 0.0859158 0.0659477 
-0.00218876 0.00348385 1.0037e+00 -6.686e+01 0.1518557 0.000 0.0859413 0.0659141 
-0.00218876 0.00373270 1.0029e+00 -6.684e+01 0.1518741 0.000 0.0859412 0.0659331 
-0.00218876 0.00398155 1.0024e+00 -6.684e+01 0.1518636 0.000 0.0859914 0.0658724 
-0.00218876 0.00423039 1.0022e+00 -6.684e+01 0.1518763 0.000 0.0860450 0.0658312 
-0.00218876 0.00447924 1.0024e+00 -6.684e+01 0.1518651 0.000 0.0860462 0.0658188 
-0.00218876 0.00472809 1.0025e+00 -6.693e+01 0.1518830 0.000 0.0861115 0.0657716 
-0.00218876 0.00497693 1.0031e+00 -6.697e+01 0.1518694 0.000 0.0861497 0.0657198 
-0.00218876 0.00522578 1.0046e+00 -6.691e+01 0.1518844 0.000 0.0859431 0.0659411 
-0.00218876 0.00547463 1.0058e+00 -6.695e+01 0.1518656 0.000 0.0860675 0.0657980 
-0.00218876 0.00572347 1.0071e+00 -6.703e+01 0.1518806 0.000 0.0860738 0.0658068 
-0.00218876 0.00597232 1.0083e+00 -6.719e+01 0.1519430 0.000 0.0861925 0.0657506 
-0.00218876 0.00622117 1.0103e+00 -6.723e+01 0.1519500 0.000 0.0862232 0.0657268 
-0.00218876 0.00647002 1.0129e+00 -6.721e+01 0.1519231 0.000 0.0862220 0.0657009 
-0.00218876 0.00671886 1.0156e+00 -6.720e+01 0.1519467 0.000 0.0862101 0.0657366 
-0.00218876 0.00696771 1.0186e+00 -6.718e+01 0.1519513 0.000 0.0861102 0.0658412 
-0.00218876 0.00721656 1.0218e+00 -6.714e+01 0.1519558 0.000 0.0860968 0.0658591 
-0.00218876 0.00746540 1.0246e+00 -6.723e+01 0.1519665 0.000 0.0861305 0.0658360 
-0.00218876 0.00771425 1.0277e+00 -6.727e+01 0.1519548 0.000 0.0861611 0.0657936 
-0.00218876 0.00796310 1.0312e+00 -6.726e+01 0.1519746 0.000 0.0861013 0.0658733 
-0.00218876 0.00821194 1.0351e+00 -6.719e+01 0.1519528 0.000 0.0859935 0.0659595 
-0.00218876 0.00846079 1.0387e+00 -6.721e+01 0.1519584 0.000 0.0860478 0.0659107 
-0.00218876 0.00870964 1.0421e+00 -6.728e+01 0.1519581 0.000 0.0861409 0.0658172 
-0.00218876 0.00895848 1.0458e+00 -6.727e+01 0.1519508 0.000 0.0860984 0.0658523 
-0.00218876 0.00920733 1.0497e+00 -6.728e+01 0.1519591 0.000 0.0860770 0.0658822 
-0.00218876 0.00945618 1.0534e+00 -6.730e+01 0.1519552 0.000 0.0861045 0.0658508 
-0.00231318 0.00248847 1.0140e+00 -6.680e+01 0.1518819 0.000 0.0857781 0.0661040 
-0.00231318 0.00273731 1.0109e+00 -6.686e+01 0.1518467 0.000 0.0858812 0.0659654 
-0.00231318 0.00298616 1.0085e+00 -6.685e+01 0.1518506 0.000 0.0859847 0.0658660 
-0.00231318 0.00323501 1.0062e+00 -6.688e+01 0.1518561 0.000 0.0860465 0.0658099 
-0.00231318 0.00348385 1.0045e+00 -6.687e+01 0.1518663 0.000 0.0859484 0.0659178 
-0.00231318 0.00373270 1.0037e+00 -6.677e+01 0.1518291 0.000 0.0858715 0.0659575 
-0.00231318 0.00398155 1.0022e+00 -6.688e+01 0.1518702 0.000 0.0860254 0.0658449 
-0.00231318 0.00423039 1.0020e+00 -6.679e+01 0.1518558 0.000 0.0859279 0.0659278 
-0.00231318 0.00447924 1.0017e+00 -6.680e+01 0.1518553 0.000 0.0860040 0.0658513 
-0.00231318 0.00472809 1.0015e+00 -6.685e+01 0.1518632 0.000 0.0860320 0.0658313 
-0.00231318 0.00497693 1.0025e+00 -6.675e+01 0.1518514 0.000 0.0859349 0.0659162 
-0.00231318 0.00522578 1.0026e+00 -6.686e+01 0.1518675 0.000 0.0860479 0.0658195 
-0.00231318 0.00547463 1.0033e+00 -6.693e+01 0.1518640 0.000 0.0860993 0.0657646 
-0.00231318 0.00572347 1.0051e+00 -6.684e+01 0.1518692 0.000 0.0858410 0.0660283 
-0.00231318 0.00597232 1.0059e+00 -6.700e+01 0.1518661 0.000 0.0861130 0.0657528 
-0.00231318 0.00622117 1.0076e+00 -6.703e+01 0.1518681 0.000 0.0861057 0.0657626 
-0.00231318 0.00647002 1.0090e+00 -6.719e+01 0.1519428 0.000 0.0862399 0.0657029 
-0.00231318 0.00671886 1.0119e+00 -6.707e+01 0.1519378 0.000 0.0860682 0.0658696 
-0.00231318 0.00696771 1.0138e+00 -6.720e+01 0.1519383 0.000 0.0862399 0.0656983 
-0.00231318 0.00721656 1.0173e+00 -6.707e+01 0.1519448 0.000 0.0859970 0.0659479 
-0.00231318 0.00746540 1.0198e+00 -6.716e+01 0.1519500 0.000 0.0861479 0.0658022 
-0.00231318 0.00771425 1.0230e+00 -6.712e+01 0.1519572 0.000 0.0861000 0.0658574 
-0.00231318 0.00796310 1.0263e+00 -6.711e+01 0.1519384 0.000 0.0860154 0.0659231 
-0.00231318 0.00821194 1.0292e+00 -6.720e+01 0.1519667 0.000 0.0861055 0.0658613 
-0.00231318 0.00846079 1.0329e+00 -6.716e+01 0.1519640 0.000 0.0860720 0.0658920 
-0.00231318 0.00870964 1.0364e+00 -6.717e+01 0.1519520 0.000 0.0860797 0.0658724 
-0.00231318 0.00895848 1.0394e+00 -6.730e+01 0.1519614 0.000 0.0862179 0.0657434 
-0.00231318 0.00920733 1.0434e+00 -6.725e+01 0.1519601 0.000 0.0861661 0.0657942 
-0.00231318 0.00945618 1.0472e+00 -6.724e+01 0.1519552 0.000 0.0861050 0.0658501 
-0.00243761 0.00248847 1.0172e+00 -6.686e+01 0.1518462 0.000 0.0860324 0.0658138 
-0.00243761 0.00273731 1.0139e+00 -6.686e+01 0.1518532 0.000 0.0858818 0.0659711 
-0.00243761 0.00298616 1.0107e+00 -6.692e+01 0.1518705 0.000 0.0859254 0.0659452 
-0.00243761 0.00323501 1.0085e+00 -6.686e+01 0.1518747 0.000 0.0859767 0.0658979 
-0.00243761 0.00348385 1.0060e+00 -6.690e+01 0.1518624 0.000 0.0859378 0.0659246 
-0.00243761 0.00373270 1.0041e+00 -6.692e+01 0.1518791 0.000 0.0860271 0.0658519 
-0.00243761 0.00398155 1.0027e+00 -6.691e+01 0.1518492 0.000 0.0860816 0.0657673 
-0.00243761 0.00423039 1.0018e+00 -6.687e+01 0.1518431 0.000 0.0860268 0.0658164 
-0.00243761 0.00447924 1.0015e+00 -6.680e+01 0.1518504 0.000 0.0859338 0.0659167 
-0.00243761 0.00472809 1.0004e+00 -6.693e+01 0.1518532 0.000 0.0861190 0.0657341 
-0.00243761 0.00497693 1.0012e+00 -6.679e+01 0.1518618 0.000 0.0859464 0.0659154 
-0.00243761 0.00522578 1.0009e+00 -6.690e+01 0.1518902 0.000 0.0860756 0.0658146 
-0.00243761 0.00547463 1.0018e+00 -6.684e+01 0.1518820 0.000 0.0859977 0.0658843 
-0.00243761 0.00572347 1.0024e+00 -6.692e+01 0.1518815 0.000 0.0860923 0.0657891 
-0.00243761 0.00597232 1.0037e+00 -6.690e+01 0.1518556 0.000 0.0860498 0.0658060 
-0.00243761 0.00622117 1.0049e+00 -6.697e+01 0.1518837 0.000 0.0860760 0.0658077 
-0.00243761 0.00647002 1.0067e+00 -6.697e+01 0.1518605 0.000 0.0860955 0.0657649 
-0.00243761 0.00671886 1.0088e+00 -6.694e+01 0.1518488 0.000 0.0860323 0.0658164 
-0.00243761 0.00696771 1.0105e+00 -6.705e+01 0.1519337 0.000 0.0860970 0.0658368 
-0.00243761 0.00721656 1.0125e+00 -6.714e+01 0.1519429 0.000 0.0861762 0.0657668 
-0.00243761 0.00746540 1.0153e+00 -6.711e+01 0.1519399 0.000 0.0861709 0.0657691 
-0.00243761 0.00771425 1.0184e+00 -6.707e+01 0.1519502 0.000 0.0860575 0.0658926 
-0.00243761 0.00796310 1.0211e+00 -6.713e+01 0.1519506 0.000 0.0861331 0.0658176 
-0.00243761 0.00821194 1.0241e+00 -6.715e+01 0.1519548 0.000 0.0861548 0.0658000 
-0.00243761 0.00846079 1.0279e+00 -6.705e+01 0.1519538 0.000 0.0859169 0.0660370 
-0.00243761 0.00870964 1.0300e+00 -6.730e+01 0.1519527 0.000 0.0863082 0.0656447 
-0.00243761 0.00895848 1.0339e+00 -6.721e+01 0.1519503 0.000 0.0862158 0.0657343 
-0.00243761 0.00920733 1.0376e+00 -6.720e+01 0.1519616 0.000 0.0861763 0.0657852 
-0.00243761 0.00945618 1.0412e+00 -6.721e+01 0.1519593 0.000 0.0861725 0.0657866 
-0.00256203 0.00248847 1.0216e+00 -6.682e+01 0.1518567 0.000 0.0859670 0.0658897 
-0.00256203 0.00273731 1.0174e+00 -6.691e+01 0.1518570 0.000 0.0860663 0.0657907 
-0.00256203 0.00298616 1.0138e+00 -6.696e+01 0.1518728 0.000 0.0860778 0.0657948 
-0.00256203 0.00323501 1.0107e+00 -6.697e+01 0.1518611 0.000 0.0860770 0.0657840 
-0.00256203 0.00348385 1.0087e+00 -6.685e+01 0.1518349 0.000 0.0859393 0.0658956 
-0.00256203 0.00373270 1.0058e+00 -6.697e+01 0.1518853 0.000 0.0860284 0.0658569 
-0.00256203 0.00398155 1.0040e+00 -6.693e+01 0.1518767 0.000 0.0860168 0.0658597 
-0.00256203 0.00423039 1.0030e+00 -6.683e+01 0.1518560 0.000 0.0858939 0.0659622 
-0.00256203 0.00447924 1.0014e+00 -6.690e+01 0.1518649 0.000 0.0860310 0.0658340 
-0.00256203 0.00472809 1.0009e+00 -6.684e+01 0.1518618 0.000 0.0859665 0.0658953 
-0.00256203 0.00497693 1.0004e+00 -6.686e+01 0.1518680 0.000 0.0860036 0.0658644 
-0.00256203 0.00522578 1.0001e+00 -6.689e+01 0.1518721 0.000 0.0860938 0.0657782 
-0.00256203 0.00547463 1.0005e+00 -6.686e+01 0.1518544 0.000 0.0860265 0.0658278 
-0.00256203 0.00572347 1.0008e+00 -6.689e+01 0.1518585 0.000 0.0860551 0.0658034 
-0.00256203 0.00597232 1.0017e+00 -6.688e+01 0.1518675 0.000 0.0860561 0.0658113 
-0.00256203 0.00622117 1.0029e+00 -6.688e+01 0.1518795 0.000 0.0859834 0.0658959 
-0.00256203 0.00647002 1.0040e+00 -6.693e+01 0.1518717 0.000 0.0860611 0.0658107 
-0.00256203 0.00671886 1.0051e+00 -6.705e+01 0.1518656 0.000 0.0861971 0.0656685 
-0.00256203 0.00696771 1.0074e+00 -6.699e+01 0.1518577 0.000 0.0861073 0.0657505 
-0.00256203 0.00721656 1.0094e+00 -6.701e+01 0.1519333 0.000 0.0860517 0.0658816 
-0.00256203 0.00746540 1.0112e+00 -6.712e+01 0.1519259 0.000 0.0862105 0.0657155 
-0.00256203 0.00771425 1.0143e+00 -6.703e+01 0.1519362 0.000 0.0860883 0.0658480 
-0.00256203 0.00796310 1.0157e+00 -6.728e+01 0.1519676 0.000 0.0863372 0.0656303 
-0.00256203 0.00821194 1.0193e+00 -6.715e+01 0.1519612 0.000 0.0861656 0.0657957 
-0.00256203 0.00846079 1.0221e+00 -6.719e+01 0.1519531 0.000 0.0862092 0.0657439 
-0.00256203 0.00870964 1.0256e+00 -6.713e+01 0.1519541 0.000 0.0861855 0.0657687 
-0.00256203 0.00895848 1.0289e+00 -6.714e+01 0.1519496 0.000 0.0860924 0.0658571 
-0.00256203 0.00920733 1.0324e+00 -6.712e+01 0.1519512 0.000 0.0860797 0.0658717 
-0.00256203 0.00945618 1.0361e+00 -6.708e+01 0.1519628 0.000 0.0860814 0.0658815 
-0.00268645 0.00248847 1.0264e+00 -6.684e+01 0.1518996 0.000 0.0858858 0.0660138 
-0.00268645 0.00273731 1.0221e+00 -6.686e+01 0.1518994 0.000 0.0859025 0.0659970 
-0.00268645 0.00298616 1.0178e+00 -6.695e+01 0.1518515 0.000 0.0860893 0.0657622 
-0.00268645 0.00323501 1.0140e+00 -6.701e+01 0.1518648 0.000 0.0861227 0.0657422 
-0.00268645 0.00348385 1.0112e+00 -6.695e+01 0.1518364 0.000 0.0860242 0.0658123 
-0.00268645 0.00373270 1.0080e+00 -6.704e+01 0.1518833 0.000 0.0861147 0.0657683 
-0.00268645 0.00398155 1.0057e+00 -6.701e+01 0.1518589 0.000 0.0861096 0.0657492 
-0.00268645 0.00423039 1.0042e+00 -6.692e+01 0.1518508 0.000 0.0860010 0.0658497 
-0.00268645 0.00447924 1.0023e+00 -6.697e+01 0.1518701 0.000 0.0860921 0.0657778 
-0.00268645 0.00472809 1.0012e+00 -6.693e+01 0.1518918 0.000 0.0860697 0.0658224 
-0.00268645 0.00497693 1.0003e+00 -6.693e+01 0.1518465 0.000 0.0861149 0.0657315 
-0.00268645 0.00522578 9.9965e-01 -6.695e+01 0.1518701 0.000 0.0861342 0.0657359 
-0.00268645 0.00547463 9.9991e-01 -6.686e+01 0.1518680 0.000 0.0860028 0.0658654 
-0.00268645 0.00572347 9.9968e-01 -6.692e+01 0.1518783 0.000 0.0861257 0.0657526 
-0.00268645 0.00597232 9.9983e-01 -6.698e+01 0.1518449 0.000 0.0861853 0.0656596 
-0.00268645 0.00622117 1.0011e+00 -6.688e+01 0.1518897 0.000 0.0860565 0.0658330 
-0.00268645 0.00647002 1.0020e+00 -6.691e+01 0.1518691 0.000 0.0860646 0.0658045 
-0.00268645 0.00671886 1.0029e+00 -6.699e+01 0.1518808 0.000 0.0861109 0.0657700 
-0.00268645 0.00696771 1.0048e+00 -6.693e+01 0.1518791 0.000 0.0859694 0.0659097 
-0.00268645 0.00721656 1.0061e+00 -6.702e+01 0.1518749 0.000 0.0861416 0.0657333 
-0.00268645 0.00746540 1.0084e+00 -6.698e+01 0.1518795 0.000 0.0860677 0.0658118 
-0.00268645 0.00771425 1.0100e+00 -6.711e+01 0.1519581 0.000 0.0861770 0.0657810 
-0.00268645 0.00796310 1.0127e+00 -6.707e+01 0.1519396 0.000 0.0861598 0.0657798 
-0.00268645 0.00821194 1.0156e+00 -6.702e+01 0.1519431 0.000 0.0860733 0.0658698 
-0.00268645 0.00846079 1.0183e+00 -6.703e+01 0.1519505 0.000 0.0859877 0.0659627 
-0.00268645 0.00870964 1.0205e+00 -6.718e+01 0.1519582 0.000 0.0861886 0.0657699 
-0.00268645 0.00895848 1.0235e+00 -6.720e+01 0.1519527 0.000 0.0862492 0.0657035 
-0.00268645 0.00920733 1.0270e+00 -6.716e+01 0.1519609 0.000 0.0861225 0.0658385 
-0.00268645 0.00945618 1.0303e+00 -6.716e+01 0.1519508 0.000 0.0861389 0.0658119 
-0.00281088 0.00248847 1.0314e+00 -6.689e+01 0.1519066 0.000 0.0859133 0.0659934 
-0.00281088 0.00273731 1.0269e+00 -6.690e+01 0.1518912 0.000 0.0859038 0.0659876 
-0.00281088 0.00298616 1.0224e+00 -6.694e+01 0.1519092 0.000 0.0859357 0.0659734 
-0.00281088 0.00323501 1.0184e+00 -6.697e+01 0.1518633 0.000 0.0860476 0.0658157 
-0.00281088 0.00348385 1.0147e+00 -6.700e+01 0.1518483 0.000 0.0859917 0.0658565 
-0.00281088 0.00373270 1.0113e+00 -6.705e+01 0.1518849 0.000 0.0860445 0.0658404 
-0.00281088 0.00398155 1.0088e+00 -6.698e+01 0.1518648 0.000 0.0860105 0.0658540 
-0.00281088 0.00423039 1.0060e+00 -6.703e+01 0.1518472 0.000 0.0861201 0.0657271 
-0.00281088 0.00447924 1.0040e+00 -6.702e+01 0.1518583 0.000 0.0861218 0.0657365 
-0.00281088 0.00472809 1.0025e+00 -6.697e+01 0.1518626 0.000 0.0860479 0.0658147 
-0.00281088 0.00497693 1.0014e+00 -6.692e+01 0.1518513 0.000 0.0860009 0.0658504 
-0.00281088 0.00522578 1.0001e+00 -6.697e+01 0.1518845 0.000 0.0860970 0.0657878 
-0.00281088 0.00547463 9.9948e-01 -6.696e+01 0.1518779 0.000 0.0861068 0.0657710 
-0.00281088 0.00572347 9.9918e-01 -6.696e+01 0.1518368 0.000 0.0861666 0.0656701 
-0.00281088 0.00597232 9.9931e-01 -6.694e+01 0.1518860 0.000 0.0861100 0.0657759 
-0.00281088 0.00622117 9.9926e-01 -6.701e+01 0.1518650 0.000 0.0862117 0.0656532 
-0.00281088 0.00647002 1.0000e+00 -6.699e+01 0.1518671 0.000 0.0861823 0.0656849 
-0.00281088 0.00671886 1.0013e+00 -6.692e+01 0.1518809 0.000 0.0860599 0.0658208 
-0.00281088 0.00696771 1.0025e+00 -6.693e+01 0.1518500 0.000 0.0860764 0.0657737 
-0.00281088 0.00721656 1.0036e+00 -6.701e+01 0.1518694 0.000 0.0860884 0.0657809 
-0.00281088 0.00746540 1.0058e+00 -6.692e+01 0.1518799 0.000 0.0860373 0.0658426 
-0.00281088 0.00771425 1.0077e+00 -6.693e+01 0.1518576 0.000 0.0860200 0.0658376 
-0.00281088 0.00796310 1.0098e+00 -6.694e+01 0.1518636 0.000 0.0860292 0.0658344 
-0.00281088 0.00821194 1.0113e+00 -6.712e+01 0.1519333 0.000 0.0861966 0.0657366 
-0.00281088 0.00846079 1.0136e+00 -6.717e+01 0.1519373 0.000 0.0862528 0.0656845 
-0.00281088 0.00870964 1.0167e+00 -6.709e+01 0.1519411 0.000 0.0860876 0.0658535 
-0.00281088 0.00895848 1.0192e+00 -6.716e+01 0.1519531 0.000 0.0861558 0.0657974 
-0.00281088 0.00920733 1.0224e+00 -6.713e+01 0.1519588 0.000 0.0861047 0.0658541 
-0.00281088 0.00945618 1.0252e+00 -6.719e+01 0.1519485 0.000 0.0862375 0.0657111 
-0.00293530 0.00248847 1.0374e+00 -6.691e+01 0.1519145 0.000 0.0859170 0.0659976 
-0.00293530 0.00273731 1.0323e+00 -6.694e+01 0.1519040 0.000 0.0859239 0.0659802 
-0.00293530 0.00298616 1.0275e+00 -6.696e+01 0.1519070 0.000 0.0859385 0.0659685 
-0.00293530 0.00323501 1.0231e+00 -6.698e+01 0.1519066 0.000 0.0859438 0.0659625 
-0.00293530 0.00348385 1.0191e+00 -6.698e+01 0.1518578 0.000 0.0859517 0.0659062 
-0.00293530 0.00373270 1.0157e+00 -6.694e+01 0.1518800 0.000 0.0858300 0.0660498 
-0.00293530 0.00398155 1.0115e+00 -6.712e+01 0.1518892 0.000 0.0860558 0.0658332 
-0.00293530 0.00423039 1.0092e+00 -6.701e+01 0.1518690 0.000 0.0859924 0.0658766 
-0.00293530 0.00447924 1.0060e+00 -6.713e+01 0.1518705 0.000 0.0861718 0.0656988 
-0.00293530 0.00472809 1.0042e+00 -6.706e+01 0.1518721 0.000 0.0860787 0.0657933 
-0.00293530 0.00497693 1.0029e+00 -6.696e+01 0.1518666 0.000 0.0859833 0.0658833 
-0.00293530 0.00522578 1.0015e+00 -6.695e+01 0.1518478 0.000 0.0860442 0.0658035 
-0.00293530 0.00547463 9.9992e-01 -6.703e+01 0.1518730 0.000 0.0861459 0.0657271 
-0.00293530 0.00572347 9.9926e-01 -6.702e+01 0.1518813 0.000 0.0861159 0.0657654 
-0.00293530 0.00597232 9.9928e-01 -6.694e+01 0.1518458 0.000 0.0860529 0.0657930 
-0.00293530 0.00622117 9.9907e-01 -6.696e+01 0.1518682 0.000 0.0861053 0.0657629 
-0.00293530 0.00647002 9.9958e-01 -6.691e+01 0.1518556 0.000 0.0860600 0.0657957 
-0.00293530 0.00671886 9.9990e-01 -6.696e+01 0.1518581 0.000 0.0860940 0.0657641 
-0.00293530 0.00696771 1.0009e+00 -6.692e+01 0.1518803 0.000 0.0860415 0.0658390 
-0.00293530 0.00721656 1.0020e+00 -6.694e+01 0.1518569 0.000 0.0860592 0.0657977 
-0.00293530 0.00746540 1.0031e+00 -6.698e+01 0.1518696 0.000 0.0860829 0.0657866 
-0.00293530 0.00771425 1.0048e+00 -6.699e+01 0.1518787 0.000 0.0860881 0.0657906 
-0.00293530 0.00796310 1.0065e+00 -6.701e+01 0.1518679 0.000 0.0861092 0.0657587 
-0.00293530 0.00821194 1.0087e+00 -6.699e+01 0.1518673 0.000 0.0860812 0.0657859 
-0.00293530 0.00846079 1.0105e+00 -6.707e+01 0.1519306 0.000 0.0861666 0.0657638 
-0.00293530 0.00870964 1.0129e+00 -6.709e+01 0.1519300 0.000 0.0861711 0.0657589 
-0.00293530 0.00895848 1.0159e+00 -6.703e+01 0.1519466 0.000 0.0861054 0.0658413 
-0.00293530 0.00920733 1.0186e+00 -6.704e+01 0.1519665 0.000 0.0859867 0.0659799 
-0.00293530 0.00945618 1.0210e+00 -6.715e+01 0.1519425 0.000 0.0861564 0.0657860 
-0.00305972 0.00248847 1.0431e+00 -6.705e+01 0.1519138 0.000 0.0861882 0.0657256 
-0.00305972 0.00273731 1.0385e+00 -6.692e+01 0.1518956 0.000 0.0859042 0.0659913 
-0.00305972 0.00298616 1.0334e+00 -6.694e+01 0.1518900 0.000 0.0859019 0.0659879 
-0.00305972 0.00323501 1.0283e+00 -6.702e+01 0.1519146 0.000 0.0859687 0.0659459 
-0.00305972 0.00348385 1.0239e+00 -6.703e+01 0.1519075 0.000 0.0859680 0.0659396 
-0.00305972 0.00373270 1.0198e+00 -6.703e+01 0.1518655 0.000 0.0859681 0.0658974 
-0.00305972 0.00398155 1.0159e+00 -6.708e+01 0.1518620 0.000 0.0860119 0.0658501 
-0.00305972 0.00423039 1.0129e+00 -6.701e+01 0.1518650 0.000 0.0858515 0.0660134 
-0.00305972 0.00447924 1.0093e+00 -6.714e+01 0.1518330 0.000 0.0860742 0.0657587 
-0.00305972 0.00472809 1.0069e+00 -6.709e+01 0.1518398 0.000 0.0860966 0.0657433 
-0.00305972 0.00497693 1.0045e+00 -6.712e+01 0.1518736 0.000 0.0860637 0.0658097 
-0.00305972 0.00522578 1.0027e+00 -6.709e+01 0.1518420 0.000 0.0860743 0.0657677 
-0.00305972 0.00547463 1.0016e+00 -6.702e+01 0.1518530 0.000 0.0860776 0.0657754 
-0.00305972 0.00572347 1.0001e+00 -6.705e+01 0.1518705 0.000 0.0861095 0.0657609 
-0.00305972 0.00597232 9.9904e-01 -6.710e+01 0.1518587 0.000 0.0861839 0.0656749 
-0.00305972 0.00622117 9.9880e-01 -6.706e+01 0.1518805 0.000 0.0861222 0.0657582 
-0.00305972 0.00647002 9.9925e-01 -6.695e+01 0.1518581 0.000 0.0860266 0.0658314 
-0.00305972 0.00671886 9.9930e-01 -6.696e+01 0.1518714 0.000 0.0860454 0.0658258 
-0.00305972 0.00696771 9.9935e-01 -6.704e+01 0.1518714 0.000 0.0861550 0.0657164 
-0.00305972 0.00721656 1.0004e+00 -6.699e+01 0.1518754 0.000 0.0860818 0.0657935 
-0.00305972 0.00746540 1.0018e+00 -6.692e+01 0.1518746 0.000 0.0858972 0.0659774 
-0.00305972 0.00771425 1.0025e+00 -6.703e+01 0.1518740 0.000 0.0860326 0.0658413 
-0.00305972 0.00796310 1.0047e+00 -6.690e+01 0.1518733 0.000 0.0858523 0.0660209 
-0.00305972 0.00821194 1.0059e+00 -6.701e+01 0.1518589 0.000 0.0860893 0.0657697 
-0.00305972 0.00846079 1.0083e+00 -6.693e+01 0.1518655 0.000 0.0860025 0.0658630 
-0.00305972 0.00870964 1.0107e+00 -6.689e+01 0.1518590 0.000 0.0859624 0.0658965 
-0.00305972 0.00895848 1.0120e+00 -6.709e+01 0.1519309 0.000 0.0861841 0.0657470 
-0.00305972 0.00920733 1.0144e+00 -6.711e+01 0.1519440 0.000 0.0861754 0.0657685 
-0.00305972 0.00945618 1.0173e+00 -6.709e+01 0.1519542 0.000 0.0861116 0.0658428 
-0.00318415 0.00248847 1.0505e+00 -6.699e+01 0.1519064 0.000 0.0861405 0.0657658 
-0.00318415 0.00273731 1.0453e+00 -6.690e+01 0.1518906 0.000 0.0859198 0.0659709 
-0.00318415 0.00298616 1.0397e+00 -6.697e+01 0.1519165 0.000 0.0859431 0.0659735 
-0.00318415 0.00323501 1.0340e+00 -6.708e+01 0.1518974 0.000 0.0861029 0.0657945 
-0.00318415 0.00348385 1.0296e+00 -6.702e+01 0.1518832 0.000 0.0859746 0.0659087 
-0.00318415 0.00373270 1.0251e+00 -6.703e+01 0.1518776 0.000 0.0859545 0.0659230 
-0.00318415 0.00398155 1.0214e+00 -6.696e+01 0.1518548 0.000 0.0858594 0.0659955 
-0.00318415 0.00423039 1.0175e+00 -6.697e+01 0.1518572 0.000 0.0858398 0.0660173 
-0.00318415 0.00447924 1.0139e+00 -6.701e+01 0.1518678 0.000 0.0858363 0.0660317 
-0.00318415 0.00472809 1.0103e+00 -6.711e+01 0.1518696 0.000 0.0860025 0.0658671 
-0.00318415 0.00497693 1.0081e+00 -6.702e+01 0.1518802 0.000 0.0859362 0.0659439 
-0.00318415 0.00522578 1.0060e+00 -6.698e+01 0.1518445 0.000 0.0858821 0.0659622 
-0.00318415 0.00547463 1.0032e+00 -6.712e+01 0.1518691 0.000 0.0860646 0.0658046 
-0.00318415 0.00572347 1.0015e+00 -6.713e+01 0.1518416 0.000 0.0861263 0.0657152 
-0.00318415 0.00597232 1.0011e+00 -6.698e+01 0.1518705 0.000 0.0860077 0.0658629 
-0.00318415 0.00622117 1.0000e+00 -6.700e+01 0.1518530 0.000 0.0859579 0.0658949 
-0.00318415 0.00647002 9.9955e-01 -6.699e+01 0.1518361 0.000 0.0859840 0.0658521 
-0.00318415 0.00671886 9.9895e-01 -6.705e+01 0.1518601 0.000 0.0860760 0.0657843 
-0.00318415 0.00696771 9.9935e-01 -6.699e+01 0.1518722 0.000 0.0859704 0.0659017 
-0.00318415 0.00721656 9.9982e-01 -6.697e+01 0.1518781 0.000 0.0859422 0.0659358 
-0.00318415 0.00746540 9.9979e-01 -6.709e+01 0.1518731 0.000 0.0861347 0.0657385 
-0.00318415 0.00771425 1.0008e+00 -6.708e+01 0.1518762 0.000 0.0861015 0.0657749 
-0.00318415 0.00796310 1.0021e+00 -6.706e+01 0.1518898 0.000 0.0860486 0.0658412 
-0.00318415 0.00821194 1.0035e+00 -6.707e+01 0.1518832 0.000 0.0860783 0.0658046 
-0.00318415 0.00846079 1.0055e+00 -6.700e+01 0.1518687 0.000 0.0859961 0.0658726 
-0.00318415 0.00870964 1.0070e+00 -6.708e+01 0.1518755 0.000 0.0861740 0.0657015 
-0.00318415 0.00895848 1.0102e+00 -6.687e+01 0.1518606 0.000 0.0858739 0.0659867 
-0.00318415 0.00920733 1.0112e+00 -6.711e+01 0.1519462 0.000 0.0861960 0.0657500 
-0.00318415 0.00945618 1.0138e+00 -6.708e+01 0.1519427 0.000 0.0861547 0.0657878 
-0.00330857 0.00248847 1.0578e+00 -6.702e+01 0.1519153 0.000 0.0861602 0.0657553 
-0.00330857 0.00273731 1.0516e+00 -6.708e+01 0.1519129 0.000 0.0862306 0.0656823 
-0.00330857 0.00298616 1.0468e+00 -6.691e+01 0.1519092 0.000 0.0858910 0.0660181 
-0.00330857 0.00323501 1.0411e+00 -6.697e+01 0.1519109 0.000 0.0859386 0.0659722 
-0.00330857 0.00348385 1.0357e+00 -6.702e+01 0.1519160 0.000 0.0859864 0.0659295 
-0.00330857 0.00373270 1.0305e+00 -6.710e+01 0.1518914 0.000 0.0860974 0.0657940 
-0.00330857 0.00398155 1.0258e+00 -6.715e+01 0.1518968 0.000 0.0861116 0.0657851 
-0.00330857 0.00423039 1.0227e+00 -6.695e+01 0.1518537 0.000 0.0858213 0.0660324 
-0.00330857 0.00447924 1.0187e+00 -6.698e+01 0.1518498 0.000 0.0858491 0.0660007 
-0.00330857 0.00472809 1.0151e+00 -6.700e+01 0.1518395 0.000 0.0858386 0.0660008 
-0.00330857 0.00497693 1.0120e+00 -6.699e+01 0.1518428 0.000 0.0858270 0.0660158 
-0.00330857 0.00522578 1.0085e+00 -6.712e+01 0.1518578 0.000 0.0860838 0.0657739 
-0.00330857 0.00547463 1.0065e+00 -6.706e+01 0.1518820 0.000 0.0859801 0.0659020 
-0.00330857 0.00572347 1.0050e+00 -6.695e+01 0.1518549 0.000 0.0858346 0.0660203 
-0.00330857 0.00597232 1.0033e+00 -6.695e+01 0.1518871 0.000 0.0858469 0.0660404 
-0.00330857 0.00622117 1.0013e+00 -6.707e+01 0.1518737 0.000 0.0860366 0.0658372 
-0.00330857 0.00647002 1.0004e+00 -6.705e+01 0.1518723 0.000 0.0860243 0.0658480 
-0.00330857 0.00671886 9.9960e-01 -6.707e+01 0.1518584 0.000 0.0860857 0.0657726 
-0.00330857 0.00696771 9.9986e-01 -6.696e+01 0.1518516 0.000 0.0859547 0.0658968 
-0.00330857 0.00721656 9.9979e-01 -6.697e+01 0.1518675 0.000 0.0859824 0.0658852 
-0.00330857 0.00746540 1.0003e+00 -6.692e+01 0.1518800 0.000 0.0859116 0.0659684 
-0.00330857 0.00771425 1.0010e+00 -6.690e+01 0.1518639 0.000 0.0858937 0.0659701 
-0.00330857 0.00796310 1.0011e+00 -6.705e+01 0.1518388 0.000 0.0860926 0.0657463 
-0.00330857 0.00821194 1.0024e+00 -6.700e+01 0.1518717 0.000 0.0859784 0.0658933 
-0.00330857 0.00846079 1.0043e+00 -6.689e+01 0.1518774 0.000 0.0858312 0.0660462 
-0.00330857 0.00870964 1.0051e+00 -6.704e+01 0.1518960 0.000 0.0860876 0.0658084 
-0.00330857 0.00895848 1.0071e+00 -6.700e+01 0.1518687 0.000 0.0860572 0.0658115 
-0.00330857 0.00920733 1.0088e+00 -6.705e+01 0.1518744 0.000 0.0861065 0.0657680 
-0.00330857 0.00945618 1.0117e+00 -6.691e+01 0.1518410 0.000 0.0859596 0.0658816 
-0.00343299 0.00248847 1.0664e+00 -6.689e+01 0.1519166 0.000 0.0859705 0.0659460 
-0.00343299 0.00273731 1.0593e+00 -6.707e+01 0.1519164 0.000 0.0861759 0.0657405 
-0.00343299 0.00298616 1.0534e+00 -6.706e+01 0.1519087 0.000 0.0861496 0.0657591 
-0.00343299 0.00323501 1.0482e+00 -6.697e+01 0.1519040 0.000 0.0859202 0.0659837 
-0.00343299 0.00348385 1.0424e+00 -6.703e+01 0.1519113 0.000 0.0859809 0.0659302 
-0.00343299 0.00373270 1.0372e+00 -6.704e+01 0.1518918 0.000 0.0859898 0.0659021 
-0.00343299 0.00398155 1.0323e+00 -6.704e+01 0.1518916 0.000 0.0859720 0.0659195 
-0.00343299 0.00423039 1.0275e+00 -6.709e+01 0.1519021 0.000 0.0859869 0.0659151 
-0.00343299 0.00447924 1.0233e+00 -6.709e+01 0.1518709 0.000 0.0859995 0.0658714 
-0.00343299 0.00472809 1.0199e+00 -6.700e+01 0.1518710 0.000 0.0858525 0.0660185 
-0.00343299 0.00497693 1.0159e+00 -6.709e+01 0.1518753 0.000 0.0859400 0.0659351 
-0.00343299 0.00522578 1.0128e+00 -6.706e+01 0.1518819 0.000 0.0859060 0.0659759 
-0.00343299 0.00547463 1.0105e+00 -6.697e+01 0.1518439 0.000 0.0858437 0.0660002 
-0.00343299 0.00572347 1.0071e+00 -6.715e+01 0.1518636 0.000 0.0861258 0.0657380 
-0.00343299 0.00597232 1.0055e+00 -6.704e+01 0.1518975 0.000 0.0859273 0.0659702 
-0.00343299 0.00622117 1.0036e+00 -6.707e+01 0.1518687 0.000 0.0860255 0.0658434 
-0.00343299 0.00647002 1.0027e+00 -6.698e+01 0.1518932 0.000 0.0858926 0.0660008 
-0.00343299 0.00671886 1.0014e+00 -6.702e+01 0.1518802 0.000 0.0859509 0.0659293 
-0.00343299 0.00696771 9.9997e-01 -6.714e+01 0.1518578 0.000 0.0861713 0.0656864 
-0.00343299 0.00721656 1.0003e+00 -6.700e+01 0.1518740 0.000 0.0859848 0.0658891 
-0.00343299 0.00746540 1.0003e+00 -6.698e+01 0.1518852 0.000 0.0859771 0.0659082 
-0.00343299 0.00771425 9.9995e-01 -6.708e+01 0.1518802 0.000 0.0861026 0.0657776 
-0.00343299 0.00796310 1.0013e+00 -6.692e+01 0.1518590 0.000 0.0859323 0.0659264 
-0.00343299 0.00821194 1.0017e+00 -6.699e+01 0.1518705 0.000 0.0859842 0.0658865 
-0.00343299 0.00846079 1.0024e+00 -6.704e+01 0.1518634 0.000 0.0860452 0.0658181 
-0.00343299 0.00870964 1.0043e+00 -6.691e+01 0.1518731 0.000 0.0858600 0.0660129 
-0.00343299 0.00895848 1.0058e+00 -6.691e+01 0.1518558 0.000 0.0859198 0.0659360 
-0.00343299 0.00920733 1.0072e+00 -6.695e+01 0.1518767 0.000 0.0859605 0.0659162 
-0.00343299 0.00945618 1.0097e+00 -6.685e+01 0.1518669 0.000 0.0858147 0.0660521 
-0.00355742 0.00248847 1.0743e+00 -6.695e+01 0.1519569 0.000 0.0860815 0.0658754 
-0.00355742 0.00273731 1.0677e+00 -6.700e+01 0.1519167 0.000 0.0861010 0.0658156 
-0.00355742 0.00298616 1.0617e+00 -6.696e+01 0.1519028 0.000 0.0859292 0.0659734 
-0.00355742 0.00323501 1.0555e+00 -6.698e+01 0.1518961 0.000 0.0860277 0.0658683 
-0.00355742 0.00348385 1.0488e+00 -6.717e+01 0.1518753 0.000 0.0862641 0.0656113 
-0.00355742 0.00373270 1.0441e+00 -6.704e+01 0.1518915 0.000 0.0859687 0.0659227 
-0.00355742 0.00398155 1.0384e+00 -6.712e+01 0.1518940 0.000 0.0861082 0.0657858 
-0.00355742 0.00423039 1.0337e+00 -6.709e+01 0.1518998 0.000 0.0860139 0.0658858 
-0.00355742 0.00447924 1.0292e+00 -6.708e+01 0.1518961 0.000 0.0859628 0.0659333 
-0.00355742 0.00472809 1.0244e+00 -6.717e+01 0.1518894 0.000 0.0861058 0.0657835 
-0.00355742 0.00497693 1.0213e+00 -6.703e+01 0.1518552 0.000 0.0858919 0.0659634 
-0.00355742 0.00522578 1.0174e+00 -6.708e+01 0.1518413 0.000 0.0859471 0.0658942 
-0.00355742 0.00547463 1.0143e+00 -6.705e+01 0.1518456 0.000 0.0859065 0.0659393 
-0.00355742 0.00572347 1.0114e+00 -6.706e+01 0.1518779 0.000 0.0859277 0.0659502 
-0.00355742 0.00597232 1.0087e+00 -6.709e+01 0.1518661 0.000 0.0860194 0.0658467 
-0.00355742 0.00622117 1.0070e+00 -6.699e+01 0.1518594 0.000 0.0858749 0.0659846 
-0.00355742 0.00647002 1.0050e+00 -6.702e+01 0.1518733 0.000 0.0858953 0.0659779 
-0.00355742 0.00671886 1.0039e+00 -6.695e+01 0.1518557 0.000 0.0858458 0.0660098 
-0.00355742 0.00696771 1.0027e+00 -6.695e+01 0.1518567 0.000 0.0858573 0.0659994 
-0.00355742 0.00721656 1.0009e+00 -6.714e+01 0.1518641 0.000 0.0861327 0.0657316 
-0.00355742 0.00746540 1.0010e+00 -6.703e+01 0.1518578 0.000 0.0860101 0.0658476 
-0.00355742 0.00771425 1.0010e+00 -6.700e+01 0.1518816 0.000 0.0859734 0.0659082 
-0.00355742 0.00796310 1.0005e+00 -6.710e+01 0.1518664 0.000 0.0861146 0.0657519 
-0.00355742 0.00821194 1.0014e+00 -6.699e+01 0.1518758 0.000 0.0859694 0.0659064 
-0.00355742 0.00846079 1.0022e+00 -6.698e+01 0.1518632 0.000 0.0859720 0.0658909 
-0.00355742 0.00870964 1.0037e+00 -6.687e+01 0.1518565 0.000 0.0858088 0.0660476 
-0.00355742 0.00895848 1.0041e+00 -6.700e+01 0.1518635 0.000 0.0859843 0.0658791 
-0.00355742 0.00920733 1.0053e+00 -6.703e+01 0.1518520 0.000 0.0860661 0.0657858 
-0.00355742 0.00945618 1.0071e+00 -6.699e+01 0.1518666 0.000 0.0860119 0.0658547 
-0.00368184 0.00248847 1.0823e+00 -6.708e+01 0.1519507 0.000 0.0861976 0.0657531 
-0.00368184 0.00273731 1.0756e+00 -6.709e+01 0.1519509 0.000 0.0861618 0.0657891 
-0.00368184 0.00298616 1.0697e+00 -6.699e+01 0.1518991 0.000 0.0860301 0.0658690 
-0.00368184 0.00323501 1.0635e+00 -6.698e+01 0.1518933 0.000 0.0859092 0.0659840 
-0.00368184 0.00348385 1.0564e+00 -6.719e+01 0.1519241 0.000 0.0862089 0.0657150 
-0.00368184 0.00373270 1.0513e+00 -6.707e+01 0.1518994 0.000 0.0860570 0.0658425 
-0.00368184 0.00398155 1.0457e+00 -6.707e+01 0.1518844 0.000 0.0859706 0.0659138 
-0.00368184 0.00423039 1.0407e+00 -6.704e+01 0.1518922 0.000 0.0859343 0.0659579 
-0.00368184 0.00447924 1.0353e+00 -6.713e+01 0.1519154 0.000 0.0860198 0.0658957 
-0.00368184 0.00472809 1.0306e+00 -6.714e+01 0.1519068 0.000 0.0860147 0.0658920 
-0.00368184 0.00497693 1.0258e+00 -6.722e+01 0.1518917 0.000 0.0861417 0.0657500 
-0.00368184 0.00522578 1.0224e+00 -6.712e+01 0.1518807 0.000 0.0859867 0.0658940 
-0.00368184 0.00547463 1.0191e+00 -6.706e+01 0.1518358 0.000 0.0859270 0.0659088 
-0.00368184 0.00572347 1.0161e+00 -6.700e+01 0.1518681 0.000 0.0858073 0.0660610 
-0.00368184 0.00597232 1.0129e+00 -6.704e+01 0.1518469 0.000 0.0859266 0.0659205 
-0.00368184 0.00622117 1.0106e+00 -6.700e+01 0.1518628 0.000 0.0858634 0.0659996 
-0.00368184 0.00647002 1.0074e+00 -6.716e+01 0.1518735 0.000 0.0860785 0.0657950 
-0.00368184 0.00671886 1.0063e+00 -6.702e+01 0.1518557 0.000 0.0858747 0.0659811 
-0.00368184 0.00696771 1.0044e+00 -6.709e+01 0.1518589 0.000 0.0860042 0.0658548 
-0.00368184 0.00721656 1.0037e+00 -6.699e+01 0.1518584 0.000 0.0858839 0.0659745 
-0.00368184 0.00746540 1.0029e+00 -6.696e+01 0.1518812 0.000 0.0858481 0.0660331 
-0.00368184 0.00771425 1.0026e+00 -6.691e+01 0.1518582 0.000 0.0858161 0.0660421 
-0.00368184 0.00796310 1.0012e+00 -6.711e+01 0.1518743 0.000 0.0861011 0.0657730 
-0.00368184 0.00821194 1.0018e+00 -6.701e+01 0.1518678 0.000 0.0859690 0.0658987 
-0.00368184 0.00846079 1.0022e+00 -6.699e+01 0.1518421 0.000 0.0859557 0.0658865 
-0.00368184 0.00870964 1.0024e+00 -6.705e+01 0.1518645 0.000 0.0860211 0.0658435 
-0.00368184 0.00895848 1.0039e+00 -6.694e+01 0.1518845 0.000 0.0858532 0.0660314 
-0.00368184 0.00920733 1.0050e+00 -6.692e+01 0.1518475 0.000 0.0858528 0.0659945 
-0.00368184 0.00945618 1.0057e+00 -6.702e+01 0.1518715 0.000 0.0860134 0.0658578 
-0.00380626 0.00248847 1.0913e+00 -6.708e+01 0.1519517 0.000 0.0861418 0.0658100 
-0.00380626 0.00273731 1.0842e+00 -6.713e+01 0.1519377 0.000 0.0861798 0.0657577 
-0.00380626 0.00298616 1.0772e+00 -6.720e+01 0.1519547 0.000 0.0862065 0.0657482 
-0.00380626 0.00323501 1.0706e+00 -6.722e+01 0.1519548 0.000 0.0861795 0.0657750 
-0.00380626 0.00348385 1.0643e+00 -6.722e+01 0.1519198 0.000 0.0861785 0.0657413 
-0.00380626 0.00373270 1.0589e+00 -6.711e+01 0.1519140 0.000 0.0859544 0.0659596 
-0.00380626 0.00398155 1.0524e+00 -6.723e+01 0.1519102 0.000 0.0861432 0.0657669 
-0.00380626 0.00423039 1.0472e+00 -6.716e+01 0.1519125 0.000 0.0859872 0.0659251 
-0.00380626 0.00447924 1.0421e+00 -6.714e+01 0.1518903 0.000 0.0860024 0.0658877 
-0.00380626 0.00472809 1.0370e+00 -6.715e+01 0.1519001 0.000 0.0860113 0.0658887 
-0.00380626 0.00497693 1.0320e+00 -6.723e+01 0.1519124 0.000 0.0861124 0.0658000 
-0.00380626 0.00522578 1.0274e+00 -6.727e+01 0.1519106 0.000 0.0861241 0.0657866 
-0.00380626 0.00547463 1.0231e+00 -6.733e+01 0.1519112 0.000 0.0862164 0.0656948 
-0.00380626 0.00572347 1.0205e+00 -6.712e+01 0.1518509 0.000 0.0859531 0.0658977 
-0.00380626 0.00597232 1.0173e+00 -6.709e+01 0.1518449 0.000 0.0859417 0.0659033 
-0.00380626 0.00622117 1.0140e+00 -6.714e+01 0.1518646 0.000 0.0860401 0.0658244 
-0.00380626 0.00647002 1.0119e+00 -6.705e+01 0.1518658 0.000 0.0859182 0.0659476 
-0.00380626 0.00671886 1.0097e+00 -6.704e+01 0.1518646 0.000 0.0858864 0.0659781 
-0.00380626 0.00696771 1.0077e+00 -6.703e+01 0.1518752 0.000 0.0858644 0.0660108 
-0.00380626 0.00721656 1.0060e+00 -6.705e+01 0.1518497 0.000 0.0859190 0.0659307 
-0.00380626 0.00746540 1.0047e+00 -6.704e+01 0.1518633 0.000 0.0859185 0.0659447 
-0.00380626 0.00771425 1.0041e+00 -6.698e+01 0.1518528 0.000 0.0858674 0.0659854 
-0.00380626 0.00796310 1.0032e+00 -6.701e+01 0.1518729 0.000 0.0859222 0.0659506 
-0.00380626 0.00821194 1.0025e+00 -6.708e+01 0.1518633 0.000 0.0860238 0.0658394 
-0.00380626 0.00846079 1.0031e+00 -6.695e+01 0.1518490 0.000 0.0858580 0.0659910 
-0.00380626 0.00870964 1.0034e+00 -6.694e+01 0.1518593 0.000 0.0858370 0.0660224 
-0.00380626 0.00895848 1.0038e+00 -6.695e+01 0.1518455 0.000 0.0858690 0.0659766 
-0.00380626 0.00920733 1.0044e+00 -6.698e+01 0.1518568 0.000 0.0859034 0.0659533 
-0.00380626 0.00945618 1.0051e+00 -6.702e+01 0.1518549 0.000 0.0860517 0.0658032 
-0.00393069 0.00248847 1.1009e+00 -6.702e+01 0.1519568 0.000 0.0859822 0.0659746 
-0.00393069 0.00273731 1.0930e+00 -6.718e+01 0.1519522 0.000 0.0862057 0.0657465 
-0.00393069 0.00298616 1.0867e+00 -6.708e+01 0.1519550 0.000 0.0860250 0.0659299 
-0.00393069 0.00323501 1.0791e+00 -6.726e+01 0.1519553 0.000 0.0862155 0.0657400 
-0.00393069 0.00348385 1.0723e+00 -6.731e+01 0.1519618 0.000 0.0862247 0.0657371 
-0.00393069 0.00373270 1.0663e+00 -6.725e+01 0.1519005 0.000 0.0861675 0.0657330 
-0.00393069 0.00398155 1.0605e+00 -6.722e+01 0.1519041 0.000 0.0860556 0.0658485 
-0.00393069 0.00423039 1.0545e+00 -6.724e+01 0.1518811 0.000 0.0861254 0.0657559 
-0.00393069 0.00447924 1.0493e+00 -6.716e+01 0.1518922 0.000 0.0859427 0.0659496 
-0.00393069 0.00472809 1.0438e+00 -6.722e+01 0.1518957 0.000 0.0860376 0.0658581 
-0.00393069 0.00497693 1.0388e+00 -6.721e+01 0.1519162 0.000 0.0860309 0.0658853 
-0.00393069 0.00522578 1.0339e+00 -6.724e+01 0.1519086 0.000 0.0860959 0.0658127 
-0.00393069 0.00547463 1.0294e+00 -6.726e+01 0.1518876 0.000 0.0861202 0.0657674 
-0.00393069 0.00572347 1.0250e+00 -6.732e+01 0.1519126 0.000 0.0861896 0.0657229 
-0.00393069 0.00597232 1.0221e+00 -6.718e+01 0.1518880 0.000 0.0859943 0.0658937 
-0.00393069 0.00622117 1.0189e+00 -6.714e+01 0.1518442 0.000 0.0859906 0.0658536 
-0.00393069 0.00647002 1.0159e+00 -6.714e+01 0.1518783 0.000 0.0860001 0.0658781 
-0.00393069 0.00671886 1.0132e+00 -6.714e+01 0.1518532 0.000 0.0860232 0.0658300 
-0.00393069 0.00696771 1.0112e+00 -6.706e+01 0.1518785 0.000 0.0858930 0.0659854 
-0.00393069 0.00721656 1.0094e+00 -6.703e+01 0.1518576 0.000 0.0858525 0.0660051 
-0.00393069 0.00746540 1.0070e+00 -6.715e+01 0.1518772 0.000 0.0860369 0.0658403 
-0.00393069 0.00771425 1.0058e+00 -6.712e+01 0.1518647 0.000 0.0860408 0.0658237 
-0.00393069 0.00796310 1.0052e+00 -6.703e+01 0.1518594 0.000 0.0859109 0.0659485 
-0.00393069 0.00821194 1.0047e+00 -6.698e+01 0.1518760 0.000 0.0858614 0.0660146 
-0.00393069 0.00846079 1.0042e+00 -6.699e+01 0.1518561 0.000 0.0859098 0.0659463 
-0.00393069 0.00870964 1.0043e+00 -6.695e+01 0.1518463 0.000 0.0858659 0.0659803 
-0.00393069 0.00895848 1.0043e+00 -6.698e+01 0.1518741 0.000 0.0858848 0.0659894 
-0.00393069 0.00920733 1.0042e+00 -6.706e+01 0.1518779 0.000 0.0859886 0.0658894 
-0.00393069 0.00945618 1.0047e+00 -6.708e+01 0.1518675 0.000 0.0861052 0.0657622 
-0.00405511 0.00248847 1.1101e+00 -6.707e+01 0.1519598 0.000 0.0861668 0.0657928 
-0.00405511 0.00273731 1.1031e+00 -6.706e+01 0.1519533 0.000 0.0860812 0.0658719 
-0.00405511 0.00298616 1.0952e+00 -6.722e+01 0.1519535 0.000 0.0862272 0.0657264 
-0.00405511 0.00323501 1.0882e+00 -6.724e+01 0.1519575 0.000 0.0861927 0.0657649 
-0.00405511 0.00348385 1.0814e+00 -6.726e+01 0.1519462 0.000 0.0861782 0.0657681 
-0.00405511 0.00373270 1.0744e+00 -6.736e+01 0.1519478 0.000 0.0862620 0.0656856 
-0.00405511 0.00398155 1.0684e+00 -6.729e+01 0.1519059 0.000 0.0861913 0.0657147 
-0.00405511 0.00423039 1.0621e+00 -6.733e+01 0.1519217 0.000 0.0861960 0.0657257 
-0.00405511 0.00447924 1.0564e+00 -6.730e+01 0.1519057 0.000 0.0861869 0.0657188 
-0.00405511 0.00472809 1.0513e+00 -6.722e+01 0.1519007 0.000 0.0859969 0.0659038 
-0.00405511 0.00497693 1.0460e+00 -6.722e+01 0.1519053 0.000 0.0860203 0.0658850 
-0.00405511 0.00522578 1.0411e+00 -6.719e+01 0.1518977 0.000 0.0860357 0.0658618 
-0.00405511 0.00547463 1.0362e+00 -6.722e+01 0.1519140 0.000 0.0860393 0.0658747 
-0.00405511 0.00572347 1.0314e+00 -6.729e+01 0.1519005 0.000 0.0861539 0.0657466 
-0.00405511 0.00597232 1.0272e+00 -6.731e+01 0.1519153 0.000 0.0861773 0.0657381 
-0.00405511 0.00622117 1.0236e+00 -6.727e+01 0.1519030 0.000 0.0861576 0.0657454 
-0.00405511 0.00647002 1.0212e+00 -6.710e+01 0.1518514 0.000 0.0859446 0.0659068 
-0.00405511 0.00671886 1.0188e+00 -6.697e+01 0.1518495 0.000 0.0857965 0.0660529 
-0.00405511 0.00696771 1.0153e+00 -6.709e+01 0.1518725 0.000 0.0859710 0.0659015 
-0.00405511 0.00721656 1.0130e+00 -6.708e+01 0.1518712 0.000 0.0859640 0.0659072 
-0.00405511 0.00746540 1.0111e+00 -6.704e+01 0.1518676 0.000 0.0858894 0.0659782 
-0.00405511 0.00771425 1.0096e+00 -6.699e+01 0.1518553 0.000 0.0858353 0.0660199 
-0.00405511 0.00796310 1.0076e+00 -6.710e+01 0.1518671 0.000 0.0860181 0.0658488 
-0.00405511 0.00821194 1.0070e+00 -6.700e+01 0.1518809 0.000 0.0858989 0.0659818 
-0.00405511 0.00846079 1.0058e+00 -6.708e+01 0.1518626 0.000 0.0860516 0.0658110 
-0.00405511 0.00870964 1.0057e+00 -6.700e+01 0.1518613 0.000 0.0859443 0.0659172 
-0.00405511 0.00895848 1.0054e+00 -6.699e+01 0.1518757 0.000 0.0859391 0.0659369 
-0.00405511 0.00920733 1.0055e+00 -6.697e+01 0.1518868 0.000 0.0859031 0.0659838 
-0.00405511 0.00945618 1.0055e+00 -6.703e+01 0.1518814 0.000 0.0860171 0.0658643 
-0.00417953 0.00248847 1.1204e+00 -6.697e+01 0.1519532 0.000 0.0860468 0.0659064 
-0.00417953 0.00273731 1.1127e+00 -6.706e+01 0.1519646 0.000 0.0860714 0.0658934 
-0.00417953 0.00298616 1.1054e+00 -6.708e+01 0.1519455 0.000 0.0860448 0.0659007 
-0.00417953 0.00323501 1.0974e+00 -6.727e+01 0.1519645 0.000 0.0862271 0.0657373 
-0.00417953 0.00348385 1.0903e+00 -6.731e+01 0.1519493 0.000 0.0861998 0.0657495 
-0.00417953 0.00373270 1.0835e+00 -6.733e+01 0.1519574 0.000 0.0862083 0.0657490 
-0.00417953 0.00398155 1.0767e+00 -6.739e+01 0.1519616 0.000 0.0862425 0.0657193 
-0.00417953 0.00423039 1.0707e+00 -6.731e+01 0.1519149 0.000 0.0861753 0.0657397 
-0.00417953 0.00447924 1.0647e+00 -6.730e+01 0.1519183 0.000 0.0861117 0.0658068 
-0.00417953 0.00472809 1.0590e+00 -6.727e+01 0.1519081 0.000 0.0860164 0.0658917 
-0.00417953 0.00497693 1.0530e+00 -6.735e+01 0.1518945 0.000 0.0862094 0.0656850 
-0.00417953 0.00522578 1.0482e+00 -6.724e+01 0.1518962 0.000 0.0860169 0.0658792 
-0.00417953 0.00547463 1.0430e+00 -6.727e+01 0.1519276 0.000 0.0860584 0.0658692 
-0.00417953 0.00572347 1.0385e+00 -6.723e+01 0.1518876 0.000 0.0860403 0.0658474 
-0.00417953 0.00597232 1.0335e+00 -6.733e+01 0.1519037 0.000 0.0861963 0.0657073 
-0.00417953 0.00622117 1.0295e+00 -6.731e+01 0.1518958 0.000 0.0861949 0.0657011 
-0.00417953 0.00647002 1.0260e+00 -6.725e+01 0.1518692 0.000 0.0861532 0.0657162 
-0.00417953 0.00671886 1.0230e+00 -6.717e+01 0.1518795 0.000 0.0860204 0.0658590 
-0.00417953 0.00696771 1.0203e+00 -6.708e+01 0.1518529 0.000 0.0859471 0.0659057 
-0.00417953 0.00721656 1.0176e+00 -6.707e+01 0.1518779 0.000 0.0859285 0.0659493 
-0.00417953 0.00746540 1.0151e+00 -6.706e+01 0.1518722 0.000 0.0859254 0.0659470 
-0.00417953 0.00771425 1.0128e+00 -6.709e+01 0.1518754 0.000 0.0859691 0.0659063 
-0.00417953 0.00796310 1.0116e+00 -6.697e+01 0.1518615 0.000 0.0858126 0.0660487 
-0.00417953 0.00821194 1.0102e+00 -6.697e+01 0.1518470 0.000 0.0858537 0.0659933 
-0.00417953 0.00846079 1.0089e+00 -6.697e+01 0.1518594 0.000 0.0858991 0.0659606 
-0.00417953 0.00870964 1.0078e+00 -6.700e+01 0.1518372 0.000 0.0859823 0.0658548 
-0.00417953 0.00895848 1.0077e+00 -6.693e+01 0.1518620 0.000 0.0858776 0.0659844 
-0.00417953 0.00920733 1.0077e+00 -6.686e+01 0.1518259 0.000 0.0858210 0.0660048 
-0.00417953 0.00945618 1.0065e+00 -6.706e+01 0.1518686 0.000 0.0860828 0.0657856 
-0.00430396 0.00248847 1.1298e+00 -6.709e+01 0.1519407 0.000 0.0861948 0.0657460 
-0.00430396 0.00273731 1.1229e+00 -6.699e+01 0.1519537 0.000 0.0859857 0.0659681 
-0.00430396 0.00298616 1.1152e+00 -6.708e+01 0.1519601 0.000 0.0860358 0.0659244 
-0.00430396 0.00323501 1.1078e+00 -6.713e+01 0.1519422 0.000 0.0860478 0.0658943 
-0.00430396 0.00348385 1.1000e+00 -6.728e+01 0.1519716 0.000 0.0861517 0.0658200 
-0.00430396 0.00373270 1.0928e+00 -6.732e+01 0.1519551 0.000 0.0861573 0.0657981 
-0.00430396 0.00398155 1.0857e+00 -6.739e+01 0.1519559 0.000 0.0861919 0.0657641 
-0.00430396 0.00423039 1.0790e+00 -6.742e+01 0.1519654 0.000 0.0862234 0.0657419 
-0.00430396 0.00447924 1.0726e+00 -6.745e+01 0.1519632 0.000 0.0862260 0.0657373 
-0.00430396 0.00472809 1.0665e+00 -6.743e+01 0.1518880 0.000 0.0862389 0.0656490 
-0.00430396 0.00497693 1.0612e+00 -6.733e+01 0.1518859 0.000 0.0860628 0.0658232 
-0.00430396 0.00522578 1.0555e+00 -6.735e+01 0.1518965 0.000 0.0861516 0.0657450 
-0.00430396 0.00547463 1.0505e+00 -6.728e+01 0.1518976 0.000 0.0859938 0.0659037 
-0.00430396 0.00572347 1.0455e+00 -6.726e+01 0.1519041 0.000 0.0860011 0.0659029 
-0.00430396 0.00597232 1.0404e+00 -6.734e+01 0.1518982 0.000 0.0861505 0.0657477 
-0.00430396 0.00622117 1.0358e+00 -6.735e+01 0.1518923 0.000 0.0861996 0.0656929 
-0.00430396 0.00647002 1.0318e+00 -6.733e+01 0.1518967 0.000 0.0861967 0.0657003 
-0.00430396 0.00671886 1.0285e+00 -6.723e+01 0.1518856 0.000 0.0860565 0.0658292 
-0.00430396 0.00696771 1.0246e+00 -6.730e+01 0.1518971 0.000 0.0862067 0.0656904 
-0.00430396 0.00721656 1.0225e+00 -6.709e+01 0.1518769 0.000 0.0859117 0.0659652 
-0.00430396 0.00746540 1.0194e+00 -6.715e+01 0.1518521 0.000 0.0860454 0.0658068 
-0.00430396 0.00771425 1.0173e+00 -6.707e+01 0.1518728 0.000 0.0859106 0.0659621 
-0.00430396 0.00796310 1.0148e+00 -6.713e+01 0.1518682 0.000 0.0860028 0.0658655 
-0.00430396 0.00821194 1.0133e+00 -6.706e+01 0.1518787 0.000 0.0858795 0.0659993 
-0.00430396 0.00846079 1.0118e+00 -6.703e+01 0.1518337 0.000 0.0859336 0.0659000 
-0.00430396 0.00870964 1.0109e+00 -6.696e+01 0.1518765 0.000 0.0858598 0.0660166 
-0.00430396 0.00895848 1.0097e+00 -6.700e+01 0.1518670 0.000 0.0859425 0.0659244 
-0.00430396 0.00920733 1.0096e+00 -6.689e+01 0.1518294 0.000 0.0858352 0.0659942 
-0.00430396 0.00945618 1.0089e+00 -6.695e+01 0.1518544 0.000 0.0859077 0.0659466 
-0.00442838 0.00248847 1.1403e+00 -6.703e+01 0.1519675 0.000 0.0860583 0.0659092 
-0.00442838 0.00273731 1.1324e+00 -6.712e+01 0.1519577 0.000 0.0861371 0.0658206 
-0.00442838 0.00298616 1.1251e+00 -6.711e+01 0.1519512 0.000 0.0860574 0.0658938 
-0.00442838 0.00323501 1.1178e+00 -6.710e+01 0.1519649 0.000 0.0859810 0.0659835 
-0.00442838 0.00348385 1.1101e+00 -6.720e+01 0.1519605 0.000 0.0860534 0.0659069 
-0.00442838 0.00373270 1.1019e+00 -6.743e+01 0.1519572 0.000 0.0863028 0.0656544 
-0.00442838 0.00398155 1.0955e+00 -6.733e+01 0.1519556 0.000 0.0860790 0.0658764 
-0.00442838 0.00423039 1.0883e+00 -6.742e+01 0.1519564 0.000 0.0861623 0.0657942 
-0.00442838 0.00447924 1.0814e+00 -6.749e+01 0.1519654 0.000 0.0862172 0.0657484 
-0.00442838 0.00472809 1.0753e+00 -6.743e+01 0.1519522 0.000 0.0861482 0.0658040 
-0.00442838 0.00497693 1.0690e+00 -6.746e+01 0.1519187 0.000 0.0861967 0.0657221 
-0.00442838 0.00522578 1.0631e+00 -6.747e+01 0.1518791 0.000 0.0862000 0.0656789 
-0.00442838 0.00547463 1.0580e+00 -6.737e+01 0.1519058 0.000 0.0860232 0.0658824 
-0.00442838 0.00572347 1.0524e+00 -6.741e+01 0.1519087 0.000 0.0861167 0.0657921 
-0.00442838 0.00597232 1.0478e+00 -6.732e+01 0.1518978 0.000 0.0860165 0.0658814 
-0.00442838 0.00622117 1.0430e+00 -6.734e+01 0.1519044 0.000 0.0860450 0.0658594 
-0.00442838 0.00647002 1.0387e+00 -6.729e+01 0.1518843 0.000 0.0860398 0.0658446 
-0.00442838 0.00671886 1.0342e+00 -6.735e+01 0.1519027 0.000 0.0861574 0.0657455 
-0.00442838 0.00696771 1.0314e+00 -6.717e+01 0.1518795 0.000 0.0859900 0.0658895 
-0.00442838 0.00721656 1.0273e+00 -6.726e+01 0.1519124 0.000 0.0861246 0.0657880 
-0.00442838 0.00746540 1.0240e+00 -6.728e+01 0.1518863 0.000 0.0861685 0.0657178 
-0.00442838 0.00771425 1.0216e+00 -6.718e+01 0.1518888 0.000 0.0860239 0.0658649 
-0.00442838 0.00796310 1.0191e+00 -6.717e+01 0.1518669 0.000 0.0860374 0.0658295 
-0.00442838 0.00821194 1.0169e+00 -6.716e+01 0.1518565 0.000 0.0860164 0.0658400 
-0.00442838 0.00846079 1.0150e+00 -6.714e+01 0.1518643 0.000 0.0859820 0.0658824 
-0.00442838 0.00870964 1.0136e+00 -6.710e+01 0.1518817 0.000 0.0859564 0.0659253 
-0.00442838 0.00895848 1.0132e+00 -6.693e+01 0.1518319 0.000 0.0858009 0.0660309 
-0.00442838 0.00920733 1.0120e+00 -6.695e+01 0.1518613 0.000 0.0858461 0.0660151 
-0.00442838 0.00945618 1.0108e+00 -6.704e+01 0.1518690 0.000 0.0860223 0.0658467 
-0.00455280 0.00248847 1.1501e+00 -6.712e+01 0.1519516 0.000 0.0862548 0.0656968 
-0.00455280 0.00273731 1.1429e+00 -6.706e+01 0.1519541 0.000 0.0860433 0.0659109 
-0.00455280 0.00298616 1.1352e+00 -6.712e+01 0.1519573 0.000 0.0860596 0.0658974 
-0.00455280 0.00323501 1.1275e+00 -6.718e+01 0.1519458 0.000 0.0861196 0.0658260 
-0.00455280 0.00348385 1.1203e+00 -6.716e+01 0.1519649 0.000 0.0860090 0.0659559 
-0.00455280 0.00373270 1.1123e+00 -6.733e+01 0.1519534 0.000 0.0861887 0.0657648 
-0.00455280 0.00398155 1.1053e+00 -6.732e+01 0.1519516 0.000 0.0860982 0.0658534 
-0.00455280 0.00423039 1.0974e+00 -6.750e+01 0.1519646 0.000 0.0862838 0.0656810 
-0.00455280 0.00447924 1.0906e+00 -6.752e+01 0.1519625 0.000 0.0862498 0.0657125 
-0.00455280 0.00472809 1.0842e+00 -6.749e+01 0.1519549 0.000 0.0861885 0.0657664 
-0.00455280 0.00497693 1.0773e+00 -6.759e+01 0.1519639 0.000 0.0862867 0.0656771 
-0.00455280 0.00522578 1.0721e+00 -6.741e+01 0.1518992 0.000 0.0860954 0.0658037 
-0.00455280 0.00547463 1.0656e+00 -6.753e+01 0.1519124 0.000 0.0862147 0.0656978 
-0.00455280 0.00572347 1.0595e+00 -6.761e+01 0.1519021 0.000 0.0863262 0.0655759 
-0.00455280 0.00597232 1.0554e+00 -6.738e+01 0.1519191 0.000 0.0859999 0.0659190 
-0.00455280 0.00622117 1.0500e+00 -6.743e+01 0.1519291 0.000 0.0860732 0.0658557 
-0.00455280 0.00647002 1.0455e+00 -6.738e+01 0.1519006 0.000 0.0860401 0.0658603 
-0.00455280 0.00671886 1.0416e+00 -6.726e+01 0.1518920 0.000 0.0859347 0.0659572 
-0.00455280 0.00696771 1.0368e+00 -6.736e+01 0.1518948 0.000 0.0860980 0.0657970 
-0.00455280 0.00721656 1.0331e+00 -6.734e+01 0.1518946 0.000 0.0860884 0.0658063 
-0.00455280 0.00746540 1.0288e+00 -6.747e+01 0.1519088 0.000 0.0863253 0.0655835 
-0.00455280 0.00771425 1.0265e+00 -6.730e+01 0.1518962 0.000 0.0861388 0.0657573 
-0.00455280 0.00796310 1.0241e+00 -6.719e+01 0.1518953 0.000 0.0860151 0.0658804 
-0.00455280 0.00821194 1.0217e+00 -6.715e+01 0.1518578 0.000 0.0859478 0.0659099 
-0.00455280 0.00846079 1.0193e+00 -6.716e+01 0.1518404 0.000 0.0859884 0.0658521 
-0.00455280 0.00870964 1.0170e+00 -6.721e+01 0.1518629 0.000 0.0860552 0.0658076 
-0.00455280 0.00895848 1.0157e+00 -6.714e+01 0.1518596 0.000 0.0859955 0.0658639 
-0.00455280 0.00920733 1.0145e+00 -6.711e+01 0.1518603 0.000 0.0860145 0.0658457 
-0.00455280 0.00945618 1.0132e+00 -6.713e+01 0.1518650 0.000 0.0860833 0.0657815 
-0.00467723 0.00248847 1.1612e+00 -6.701e+01 0.1519659 0.000 0.0861464 0.0658192 
-0.00467723 0.00273731 1.1531e+00 -6.710e+01 0.1519654 0.000 0.0861898 0.0657755 
-0.00467723 0.00298616 1.1457e+00 -6.710e+01 0.1519527 0.000 0.0860487 0.0659036 
-0.00467723 0.00323501 1.1380e+00 -6.714e+01 0.1519525 0.000 0.0860238 0.0659287 
-0.00467723 0.00348385 1.1300e+00 -6.726e+01 0.1519482 0.000 0.0861717 0.0657765 
-0.00467723 0.00373270 1.1230e+00 -6.721e+01 0.1519541 0.000 0.0860542 0.0659000 
-0.00467723 0.00398155 1.1153e+00 -6.729e+01 0.1519639 0.000 0.0860822 0.0658817 
-0.00467723 0.00423039 1.1076e+00 -6.742e+01 0.1519561 0.000 0.0862032 0.0657529 
-0.00467723 0.00447924 1.1003e+00 -6.749e+01 0.1519559 0.000 0.0862558 0.0657000 
-0.00467723 0.00472809 1.0934e+00 -6.753e+01 0.1519487 0.000 0.0862508 0.0656978 
-0.00467723 0.00497693 1.0869e+00 -6.753e+01 0.1519651 0.000 0.0862065 0.0657587 
-0.00467723 0.00522578 1.0801e+00 -6.760e+01 0.1519571 0.000 0.0862920 0.0656651 
-0.00467723 0.00547463 1.0744e+00 -6.752e+01 0.1518756 0.000 0.0862294 0.0656463 
-0.00467723 0.00572347 1.0685e+00 -6.753e+01 0.1518916 0.000 0.0862069 0.0656848 
-0.00467723 0.00597232 1.0636e+00 -6.739e+01 0.1518827 0.000 0.0860190 0.0658636 
-0.00467723 0.00622117 1.0581e+00 -6.742e+01 0.1519048 0.000 0.0860229 0.0658820 
-0.00467723 0.00647002 1.0526e+00 -6.748e+01 0.1519082 0.000 0.0861643 0.0657439 
-0.00467723 0.00671886 1.0480e+00 -6.745e+01 0.1519085 0.000 0.0860883 0.0658203 
-0.00467723 0.00696771 1.0434e+00 -6.746e+01 0.1519036 0.000 0.0861636 0.0657400 
-0.00467723 0.00721656 1.0393e+00 -6.743e+01 0.1519131 0.000 0.0861390 0.0657741 
-0.00467723 0.00746540 1.0358e+00 -6.734e+01 0.1518858 0.000 0.0860701 0.0658158 
-0.00467723 0.00771425 1.0322e+00 -6.736e+01 0.1519065 0.000 0.0861234 0.0657831 
-0.00467723 0.00796310 1.0292e+00 -6.730e+01 0.1519055 0.000 0.0860851 0.0658204 
-0.00467723 0.00821194 1.0256e+00 -6.740e+01 0.1519060 0.000 0.0862119 0.0656940 
-0.00467723 0.00846079 1.0237e+00 -6.727e+01 0.1518808 0.000 0.0860701 0.0658108 
-0.00467723 0.00870964 1.0214e+00 -6.726e+01 0.1518653 0.000 0.0860481 0.0658172 
-0.00467723 0.00895848 1.0191e+00 -6.729e+01 0.1518667 0.000 0.0861080 0.0657586 
-0.00467723 0.00920733 1.0179e+00 -6.719e+01 0.1518558 0.000 0.0860340 0.0658219 
-0.00467723 0.00945618 1.0166e+00 -6.716e+01 0.1518606 0.000 0.0860439 0.0658166 
-0.00480165 0.00248847 1.1726e+00 -6.685e+01 0.1519517 0.000 0.0859367 0.0660151 
-0.00480165 0.00273731 1.1647e+00 -6.692e+01 0.1519543 0.000 0.0859457 0.0660088 
-0.00480165 0.00298616 1.1562e+00 -6.710e+01 0.1519493 0.000 0.0861718 0.0657774 
-0.00480165 0.00323501 1.1482e+00 -6.719e+01 0.1519754 0.000 0.0861484 0.0658271 
-0.00480165 0.00348385 1.1405e+00 -6.724e+01 0.1519480 0.000 0.0861911 0.0657568 
-0.00480165 0.00373270 1.1334e+00 -6.718e+01 0.1519567 0.000 0.0860403 0.0659163 
-0.00480165 0.00398155 1.1256e+00 -6.728e+01 0.1519612 0.000 0.0861163 0.0658450 
-0.00480165 0.00423039 1.1180e+00 -6.736e+01 0.1519594 0.000 0.0861713 0.0657880 
-0.00480165 0.00447924 1.1102e+00 -6.751e+01 0.1519549 0.000 0.0863311 0.0656237 
-0.00480165 0.00472809 1.1040e+00 -6.738e+01 0.1519488 0.000 0.0860861 0.0658627 
-0.00480165 0.00497693 1.0964e+00 -6.753e+01 0.1519641 0.000 0.0862406 0.0657235 
-0.00480165 0.00522578 1.0898e+00 -6.754e+01 0.1519646 0.000 0.0862066 0.0657579 
-0.00480165 0.00547463 1.0839e+00 -6.747e+01 0.1519490 0.000 0.0861043 0.0658447 
-0.00480165 0.00572347 1.0774e+00 -6.754e+01 0.1519193 0.000 0.0862110 0.0657082 
-0.00480165 0.00597232 1.0718e+00 -6.748e+01 0.1519054 0.000 0.0861123 0.0657932 
-0.00480165 0.00622117 1.0656e+00 -6.757e+01 0.1519129 0.000 0.0862293 0.0656836 
-0.00480165 0.00647002 1.0607e+00 -6.749e+01 0.1519025 0.000 0.0861080 0.0657944 
-0.00480165 0.00671886 1.0557e+00 -6.747e+01 0.1518966 0.000 0.0861049 0.0657915 
-0.00480165 0.00696771 1.0509e+00 -6.746e+01 0.1518941 0.000 0.0861873 0.0657068 
-0.00480165 0.00721656 1.0471e+00 -6.731e+01 0.1518864 0.000 0.0859283 0.0659581 
-0.00480165 0.00746540 1.0420e+00 -6.747e+01 0.1519127 0.000 0.0861477 0.0657650 
-0.00480165 0.00771425 1.0384e+00 -6.741e+01 0.1518807 0.000 0.0860986 0.0657822 
-0.00480165 0.00796310 1.0348e+00 -6.740e+01 0.1519188 0.000 0.0860895 0.0658295 
-0.00480165 0.00821194 1.0319e+00 -6.732e+01 0.1519085 0.000 0.0860651 0.0658434 
-0.00480165 0.00846079 1.0288e+00 -6.734e+01 0.1518795 0.000 0.0860818 0.0657977 
-0.00480165 0.00870964 1.0263e+00 -6.731e+01 0.1519082 0.000 0.0860243 0.0658840 
-0.00480165 0.00895848 1.0233e+00 -6.740e+01 0.1519024 0.000 0.0861719 0.0657305 
-0.00480165 0.00920733 1.0217e+00 -6.730e+01 0.1518675 0.000 0.0860532 0.0658143 
-0.00480165 0.00945618 1.0200e+00 -6.727e+01 0.1518735 0.000 0.0860742 0.0657991 
