-0.00185696 0.00290321 1.0001e+00 -6.777e+01 0.1553212 0.000 0.0874664 0.0678545 
-0.00185696 0.00315206 1.0001e+00 -6.769e+01 0.1552404 0.000 0.0874227 0.0678176 
-0.00185696 0.00340091 1.0001e+00 -6.767e+01 0.1552159 0.000 0.0874190 0.0677969 
-0.00185696 0.00364975 1.0001e+00 -6.770e+01 0.1552483 0.000 0.0874188 0.0678296 
-0.00185696 0.00389860 1.0001e+00 -6.779e+01 0.1551218 0.000 0.0878101 0.0673116 
-0.00185696 0.00414745 1.0001e+00 -6.796e+01 0.1554897 0.000 0.0875402 0.0679496 
-0.00185696 0.00439629 1.0000e+00 -6.820e+01 0.1556611 0.000 0.0877152 0.0679459 
-0.00185696 0.00464514 1.0000e+00 -6.847e+01 0.1558949 0.000 0.0878351 0.0680598 
-0.00185696 0.00489399 1.0000e+00 -6.879e+01 0.1558789 0.000 0.0885045 0.0673744 
-0.00185696 0.00514283 1.0001e+00 -6.918e+01 0.1564752 0.000 0.0882516 0.0682236 
-0.00185696 0.00539168 1.0000e+00 -6.964e+01 0.1568428 0.000 0.0885945 0.0682483 
-0.00185696 0.00564053 1.0000e+00 -7.015e+01 0.1573063 0.000 0.0888390 0.0684674 
-0.00185696 0.00588937 1.0001e+00 -7.070e+01 0.1578247 0.000 0.0891213 0.0687034 
-0.00185696 0.00613822 1.0000e+00 -7.131e+01 0.1583808 0.000 0.0894691 0.0689114 
-0.00185696 0.00638707 1.0000e+00 -7.198e+01 0.1589042 0.000 0.0898975 0.0690068 
-0.00185696 0.00663591 1.0001e+00 -7.268e+01 0.1594744 0.000 0.0902834 0.0691909 
-0.00185696 0.00688476 1.0000e+00 -7.344e+01 0.1601140 0.000 0.0907036 0.0694103 
-0.00185696 0.00713361 1.0000e+00 -7.426e+01 0.1608009 0.000 0.0911877 0.0696131 
-0.00185696 0.00738245 1.0000e+00 -7.512e+01 0.1615160 0.000 0.0916952 0.0698209 
-0.00185696 0.00763130 1.0000e+00 -7.603e+01 0.1622751 0.000 0.0922023 0.0700726 
-0.00185696 0.00788015 1.0000e+00 -7.698e+01 0.1629439 0.000 0.0930403 0.0699037 
-0.00185696 0.00812899 1.0000e+00 -7.798e+01 0.1638040 0.000 0.0935991 0.0702049 
-0.00185696 0.00837784 1.0000e+00 -7.904e+01 0.1646976 0.000 0.0942368 0.0704607 
-0.00185696 0.00862669 1.0000e+00 -8.016e+01 0.1658108 0.000 0.0945362 0.0712745 
-0.00185696 0.00887553 1.0000e+00 -8.129e+01 0.1664636 0.000 0.0959038 0.0705598 
-0.00198139 0.00290321 1.0001e+00 -6.780e+01 0.1553416 0.000 0.0875011 0.0678405 
-0.00198139 0.00315206 9.9999e-01 -6.764e+01 0.1552347 0.000 0.0873595 0.0678752 
-0.00198139 0.00340091 1.0000e+00 -6.753e+01 0.1551293 0.000 0.0872776 0.0678517 
-0.00198139 0.00364975 1.0001e+00 -6.747e+01 0.1549468 0.000 0.0874327 0.0675140 
-0.00198139 0.00389860 1.0001e+00 -6.749e+01 0.1550560 0.000 0.0873123 0.0677437 
-0.00198139 0.00414745 1.0001e+00 -6.757e+01 0.1551479 0.000 0.0873050 0.0678430 
-0.00198139 0.00439629 1.0001e+00 -6.770e+01 0.1551411 0.000 0.0875452 0.0675959 
-0.00198139 0.00464514 1.0001e+00 -6.788e+01 0.1551273 0.000 0.0879097 0.0672174 
-0.00198139 0.00489399 1.0001e+00 -6.814e+01 0.1553995 0.000 0.0879621 0.0674374 
-0.00198139 0.00514283 1.0000e+00 -6.847e+01 0.1558610 0.000 0.0878227 0.0680382 
-0.00198139 0.00539168 1.0001e+00 -6.882e+01 0.1561284 0.000 0.0880782 0.0680502 
-0.00198139 0.00564053 1.0001e+00 -6.925e+01 0.1565263 0.000 0.0882940 0.0682322 
-0.00198139 0.00588937 1.0000e+00 -6.973e+01 0.1569021 0.000 0.0886557 0.0682465 
-0.00198139 0.00613822 1.0001e+00 -7.025e+01 0.1573241 0.000 0.0890654 0.0682588 
-0.00198139 0.00638707 1.0000e+00 -7.082e+01 0.1576059 0.000 0.0898299 0.0677760 
-0.00198139 0.00663591 9.9999e-01 -7.147e+01 0.1584810 0.000 0.0896437 0.0688370 
-0.00198139 0.00688476 1.0001e+00 -7.214e+01 0.1590445 0.000 0.0899911 0.0690534 
-0.00198139 0.00713361 1.0001e+00 -7.287e+01 0.1596766 0.000 0.0903696 0.0693069 
-0.00198139 0.00738245 1.0000e+00 -7.364e+01 0.1602136 0.000 0.0910396 0.0691741 
-0.00198139 0.00763130 1.0000e+00 -7.448e+01 0.1610107 0.000 0.0913306 0.0696801 
-0.00198139 0.00788015 1.0000e+00 -7.534e+01 0.1614749 0.000 0.0923637 0.0691111 
-0.00198139 0.00812899 1.0000e+00 -7.627e+01 0.1625082 0.000 0.0923568 0.0701513 
-0.00198139 0.00837784 9.9999e-01 -7.724e+01 0.1630858 0.000 0.0934543 0.0696315 
-0.00198139 0.00862669 1.0000e+00 -7.824e+01 0.1641270 0.000 0.0936039 0.0705231 
-0.00198139 0.00887553 1.0001e+00 -7.929e+01 0.1649269 0.000 0.0944658 0.0704613 
-0.00210581 0.00290321 1.0001e+00 -6.796e+01 0.1555261 0.000 0.0875910 0.0679351 
-0.00210581 0.00315206 1.0000e+00 -6.771e+01 0.1552868 0.000 0.0874534 0.0678333 
-0.00210581 0.00340091 1.0001e+00 -6.751e+01 0.1551179 0.000 0.0872903 0.0678276 
-0.00210581 0.00364975 1.0001e+00 -6.737e+01 0.1549793 0.000 0.0872132 0.0677661 
-0.00210581 0.00389860 1.0000e+00 -6.731e+01 0.1549227 0.000 0.0871753 0.0677474 
-0.00210581 0.00414745 1.0001e+00 -6.730e+01 0.1549417 0.000 0.0871363 0.0678054 
-0.00210581 0.00439629 1.0000e+00 -6.736e+01 0.1549805 0.000 0.0871980 0.0677824 
-0.00210581 0.00464514 1.0000e+00 -6.748e+01 0.1550630 0.000 0.0872730 0.0677901 
-0.00210581 0.00489399 1.0001e+00 -6.765e+01 0.1551841 0.000 0.0873794 0.0678046 
-0.00210581 0.00514283 1.0001e+00 -6.788e+01 0.1553709 0.000 0.0874785 0.0678926 
-0.00210581 0.00539168 9.9999e-01 -6.817e+01 0.1554247 0.000 0.0879575 0.0674673 
-0.00210581 0.00564053 1.0000e+00 -6.851e+01 0.1559155 0.000 0.0878245 0.0680911 
-0.00210581 0.00588937 1.0000e+00 -6.889e+01 0.1559184 0.000 0.0886275 0.0672910 
-0.00210581 0.00613822 1.0000e+00 -6.936e+01 0.1566444 0.000 0.0883446 0.0682999 
-0.00210581 0.00638707 1.0000e+00 -6.985e+01 0.1570273 0.000 0.0887298 0.0682974 
-0.00210581 0.00663591 1.0000e+00 -7.041e+01 0.1575496 0.000 0.0890848 0.0684649 
-0.00210581 0.00688476 1.0000e+00 -7.100e+01 0.1580951 0.000 0.0893703 0.0687249 
-0.00210581 0.00713361 1.0000e+00 -7.166e+01 0.1586450 0.000 0.0897445 0.0689004 
-0.00210581 0.00738245 1.0000e+00 -7.236e+01 0.1592649 0.000 0.0900501 0.0692148 
-0.00210581 0.00763130 1.0000e+00 -7.308e+01 0.1595879 0.000 0.0910705 0.0685177 
-0.00210581 0.00788015 1.0000e+00 -7.386e+01 0.1601572 0.000 0.0917055 0.0684516 
-0.00210581 0.00812899 1.0000e+00 -7.471e+01 0.1610496 0.000 0.0918209 0.0692285 
-0.00210581 0.00837784 1.0000e+00 -7.560e+01 0.1619877 0.000 0.0919232 0.0700647 
-0.00210581 0.00862669 1.0000e+00 -7.653e+01 0.1627523 0.000 0.0925200 0.0702322 
-0.00210581 0.00887553 1.0001e+00 -7.748e+01 0.1633379 0.000 0.0935397 0.0697984 
-0.00223023 0.00290321 1.0001e+00 -6.825e+01 0.1558128 0.000 0.0877628 0.0680501 
-0.00223023 0.00315206 1.0001e+00 -6.790e+01 0.1554316 0.000 0.0876579 0.0677738 
-0.00223023 0.00340091 1.0000e+00 -6.763e+01 0.1552286 0.000 0.0874225 0.0678061 
-0.00223023 0.00364975 1.0001e+00 -6.740e+01 0.1550306 0.000 0.0872610 0.0677696 
-0.00223023 0.00389860 1.0000e+00 -6.725e+01 0.1545999 0.000 0.0875989 0.0670009 
-0.00223023 0.00414745 1.0000e+00 -6.717e+01 0.1547998 0.000 0.0871165 0.0676834 
-0.00223023 0.00439629 1.0001e+00 -6.714e+01 0.1547727 0.000 0.0871020 0.0676708 
-0.00223023 0.00464514 1.0000e+00 -6.719e+01 0.1548245 0.000 0.0871238 0.0677007 
-0.00223023 0.00489399 1.0001e+00 -6.727e+01 0.1548194 0.000 0.0872761 0.0675432 
-0.00223023 0.00514283 1.0000e+00 -6.744e+01 0.1550102 0.000 0.0872898 0.0677204 
-0.00223023 0.00539168 1.0001e+00 -6.764e+01 0.1551651 0.000 0.0873695 0.0677955 
-0.00223023 0.00564053 1.0001e+00 -6.791e+01 0.1554063 0.000 0.0874632 0.0679428 
-0.00223023 0.00588937 1.0001e+00 -6.821e+01 0.1555582 0.000 0.0878334 0.0677250 
-0.00223023 0.00613822 1.0000e+00 -6.859e+01 0.1558426 0.000 0.0881856 0.0676570 
-0.00223023 0.00638707 1.0001e+00 -6.900e+01 0.1561357 0.000 0.0885639 0.0675717 
-0.00223023 0.00663591 1.0000e+00 -6.949e+01 0.1567987 0.000 0.0884374 0.0683614 
-0.00223023 0.00688476 1.0000e+00 -7.002e+01 0.1572919 0.000 0.0887520 0.0685399 
-0.00223023 0.00713361 1.0000e+00 -7.059e+01 0.1578035 0.000 0.0890858 0.0687178 
-0.00223023 0.00738245 1.0000e+00 -7.121e+01 0.1583508 0.000 0.0894163 0.0689347 
-0.00223023 0.00763130 1.0000e+00 -7.188e+01 0.1588199 0.000 0.0899467 0.0688734 
-0.00223023 0.00788015 1.0001e+00 -7.258e+01 0.1594639 0.000 0.0902663 0.0691974 
-0.00223023 0.00812899 1.0000e+00 -7.333e+01 0.1598725 0.000 0.0911648 0.0687076 
-0.00223023 0.00837784 1.0000e+00 -7.414e+01 0.1606369 0.000 0.0914782 0.0691585 
-0.00223023 0.00862669 1.0000e+00 -7.500e+01 0.1615290 0.000 0.0916101 0.0699191 
-0.00223023 0.00887553 1.0000e+00 -7.588e+01 0.1622590 0.000 0.0921393 0.0701196 
-0.00235466 0.00290321 1.0001e+00 -6.868e+01 0.1561709 0.000 0.0880908 0.0680801 
-0.00235466 0.00315206 1.0001e+00 -6.823e+01 0.1557990 0.000 0.0877481 0.0680510 
-0.00235466 0.00340091 1.0001e+00 -6.785e+01 0.1553335 0.000 0.0877392 0.0675943 
-0.00235466 0.00364975 1.0001e+00 -6.757e+01 0.1552252 0.000 0.0873168 0.0679084 
-0.00235466 0.00389860 1.0000e+00 -6.733e+01 0.1547175 0.000 0.0876377 0.0670797 
-0.00235466 0.00414745 1.0000e+00 -6.716e+01 0.1545404 0.000 0.0875702 0.0669702 
-0.00235466 0.00439629 1.0000e+00 -6.707e+01 0.1547083 0.000 0.0870740 0.0676342 
-0.00235466 0.00464514 1.0001e+00 -6.701e+01 0.1546465 0.000 0.0870398 0.0676068 
-0.00235466 0.00489399 1.0001e+00 -6.703e+01 0.1546663 0.000 0.0870462 0.0676201 
-0.00235466 0.00514283 1.0000e+00 -6.710e+01 0.1544841 0.000 0.0874792 0.0670050 
-0.00235466 0.00539168 1.0000e+00 -6.724e+01 0.1545967 0.000 0.0875544 0.0670422 
-0.00235466 0.00564053 1.0001e+00 -6.743e+01 0.1549948 0.000 0.0872713 0.0677236 
-0.00235466 0.00588937 1.0001e+00 -6.768e+01 0.1551881 0.000 0.0873859 0.0678019 
-0.00235466 0.00613822 1.0000e+00 -6.798e+01 0.1554653 0.000 0.0875504 0.0679150 
-0.00235466 0.00638707 1.0001e+00 -6.831e+01 0.1557331 0.000 0.0878309 0.0679021 
-0.00235466 0.00663591 1.0001e+00 -6.871e+01 0.1561513 0.000 0.0879697 0.0681816 
-0.00235466 0.00688476 1.0001e+00 -6.915e+01 0.1563165 0.000 0.0886337 0.0676830 
-0.00235466 0.00713361 1.0001e+00 -6.966e+01 0.1569706 0.000 0.0886179 0.0683526 
-0.00235466 0.00738245 9.9999e-01 -7.022e+01 0.1575087 0.000 0.0888799 0.0686286 
-0.00235466 0.00763130 1.0000e+00 -7.078e+01 0.1576406 0.000 0.0898426 0.0677980 
-0.00235466 0.00788015 1.0000e+00 -7.144e+01 0.1584932 0.000 0.0896963 0.0687970 
-0.00235466 0.00812899 1.0000e+00 -7.212e+01 0.1591092 0.000 0.0900301 0.0690791 
-0.00235466 0.00837784 1.0000e+00 -7.284e+01 0.1595478 0.000 0.0908394 0.0687085 
-0.00235466 0.00862669 9.9998e-01 -7.361e+01 0.1602582 0.000 0.0911791 0.0690789 
-0.00235466 0.00887553 1.0001e+00 -7.442e+01 0.1611045 0.000 0.0913226 0.0697821 
-0.00247908 0.00290321 1.0001e+00 -6.925e+01 0.1566385 0.000 0.0884571 0.0681815 
-0.00247908 0.00315206 1.0001e+00 -6.871e+01 0.1561647 0.000 0.0881131 0.0680514 
-0.00247908 0.00340091 1.0000e+00 -6.826e+01 0.1557757 0.000 0.0878263 0.0679494 
-0.00247908 0.00364975 1.0000e+00 -6.787e+01 0.1554719 0.000 0.0875521 0.0679196 
-0.00247908 0.00389860 1.0000e+00 -6.755e+01 0.1552093 0.000 0.0873411 0.0678681 
-0.00247908 0.00414745 1.0000e+00 -6.730e+01 0.1549749 0.000 0.0872204 0.0677545 
-0.00247908 0.00439629 1.0001e+00 -6.711e+01 0.1547808 0.000 0.0871218 0.0676592 
-0.00247908 0.00464514 1.0000e+00 -6.699e+01 0.1546563 0.000 0.0870494 0.0676068 
-0.00247908 0.00489399 1.0000e+00 -6.693e+01 0.1545906 0.000 0.0870096 0.0675811 
-0.00247908 0.00514283 1.0001e+00 -6.692e+01 0.1545755 0.000 0.0870052 0.0675704 
-0.00247908 0.00539168 1.0001e+00 -6.697e+01 0.1546238 0.000 0.0870209 0.0676030 
-0.00247908 0.00564053 1.0001e+00 -6.708e+01 0.1545013 0.000 0.0874047 0.0670967 
-0.00247908 0.00588937 1.0000e+00 -6.727e+01 0.1548949 0.000 0.0871585 0.0677362 
-0.00247908 0.00613822 1.0000e+00 -6.749e+01 0.1550681 0.000 0.0872681 0.0677999 
-0.00247908 0.00638707 1.0001e+00 -6.776e+01 0.1553128 0.000 0.0873818 0.0679310 
-0.00247908 0.00663591 1.0001e+00 -6.808e+01 0.1555766 0.000 0.0876408 0.0679357 
-0.00247908 0.00688476 1.0001e+00 -6.845e+01 0.1559304 0.000 0.0878401 0.0680903 
-0.00247908 0.00713361 1.0000e+00 -6.888e+01 0.1562903 0.000 0.0881626 0.0681277 
-0.00247908 0.00738245 1.0000e+00 -6.936e+01 0.1567445 0.000 0.0884182 0.0683261 
-0.00247908 0.00763130 1.0000e+00 -6.988e+01 0.1571671 0.000 0.0888092 0.0683580 
-0.00247908 0.00788015 1.0000e+00 -7.044e+01 0.1577065 0.000 0.0890323 0.0686742 
-0.00247908 0.00812899 1.0000e+00 -7.106e+01 0.1582217 0.000 0.0894031 0.0688185 
-0.00247908 0.00837784 1.0000e+00 -7.170e+01 0.1587131 0.000 0.0899143 0.0687989 
-0.00247908 0.00862669 1.0000e+00 -7.240e+01 0.1594282 0.000 0.0901364 0.0692918 
-0.00247908 0.00887553 1.0000e+00 -7.312e+01 0.1597440 0.000 0.0911857 0.0685582 
-0.00260350 0.00290321 1.0001e+00 -6.995e+01 0.1573073 0.000 0.0887253 0.0685821 
-0.00260350 0.00315206 1.0001e+00 -6.932e+01 0.1566776 0.000 0.0884562 0.0682214 
-0.00260350 0.00340091 1.0000e+00 -6.878e+01 0.1562645 0.000 0.0880248 0.0682397 
-0.00260350 0.00364975 1.0001e+00 -6.829e+01 0.1557445 0.000 0.0878610 0.0678834 
-0.00260350 0.00389860 1.0000e+00 -6.789e+01 0.1554631 0.000 0.0875227 0.0679403 
-0.00260350 0.00414745 1.0001e+00 -6.754e+01 0.1551708 0.000 0.0873305 0.0678405 
-0.00260350 0.00439629 1.0000e+00 -6.728e+01 0.1549479 0.000 0.0872113 0.0677367 
-0.00260350 0.00464514 1.0001e+00 -6.706e+01 0.1547332 0.000 0.0870983 0.0676350 
-0.00260350 0.00489399 1.0001e+00 -6.693e+01 0.1546238 0.000 0.0869912 0.0676327 
-0.00260350 0.00514283 1.0000e+00 -6.687e+01 0.1545652 0.000 0.0869554 0.0676098 
-0.00260350 0.00539168 1.0001e+00 -6.683e+01 0.1545265 0.000 0.0869312 0.0675954 
-0.00260350 0.00564053 1.0001e+00 -6.688e+01 0.1545748 0.000 0.0869533 0.0676216 
-0.00260350 0.00588937 1.0000e+00 -6.698e+01 0.1546461 0.000 0.0870315 0.0676146 
-0.00260350 0.00613822 1.0000e+00 -6.713e+01 0.1547773 0.000 0.0871005 0.0676768 
-0.00260350 0.00638707 1.0001e+00 -6.731e+01 0.1546656 0.000 0.0875693 0.0670963 
-0.00260350 0.00663591 1.0001e+00 -6.758e+01 0.1551791 0.000 0.0872995 0.0678795 
-0.00260350 0.00688476 1.0001e+00 -6.788e+01 0.1553112 0.000 0.0876954 0.0676159 
-0.00260350 0.00713361 1.0000e+00 -6.824e+01 0.1557312 0.000 0.0877879 0.0679434 
-0.00260350 0.00738245 1.0001e+00 -6.863e+01 0.1560634 0.000 0.0880877 0.0679758 
-0.00260350 0.00763130 1.0000e+00 -6.909e+01 0.1565340 0.000 0.0882964 0.0682376 
-0.00260350 0.00788015 1.0001e+00 -6.958e+01 0.1569119 0.000 0.0886572 0.0682547 
-0.00260350 0.00812899 1.0000e+00 -7.012e+01 0.1574046 0.000 0.0889410 0.0684636 
-0.00260350 0.00837784 1.0000e+00 -7.070e+01 0.1578673 0.000 0.0893214 0.0685459 
-0.00260350 0.00862669 1.0000e+00 -7.133e+01 0.1585070 0.000 0.0895400 0.0689671 
-0.00260350 0.00887553 1.0000e+00 -7.200e+01 0.1590147 0.000 0.0900687 0.0689460 
-0.00272793 0.00290321 9.9999e-01 -7.081e+01 0.1577729 0.000 0.0896649 0.0681081 
-0.00272793 0.00315206 1.0000e+00 -7.008e+01 0.1573571 0.000 0.0888278 0.0685293 
-0.00272793 0.00340091 1.0000e+00 -6.943e+01 0.1567529 0.000 0.0884578 0.0682951 
-0.00272793 0.00364975 1.0001e+00 -6.885e+01 0.1561713 0.000 0.0882266 0.0679446 
-0.00272793 0.00389860 1.0000e+00 -6.837e+01 0.1558371 0.000 0.0877953 0.0680420 
-0.00272793 0.00414745 1.0001e+00 -6.792e+01 0.1554790 0.000 0.0874986 0.0679804 
-0.00272793 0.00439629 1.0000e+00 -6.758e+01 0.1551775 0.000 0.0873379 0.0678396 
-0.00272793 0.00464514 1.0000e+00 -6.730e+01 0.1549278 0.000 0.0872006 0.0677271 
-0.00272793 0.00489399 1.0001e+00 -6.707e+01 0.1547168 0.000 0.0870940 0.0676228 
-0.00272793 0.00514283 1.0001e+00 -6.691e+01 0.1545959 0.000 0.0869725 0.0676234 
-0.00272793 0.00539168 1.0000e+00 -6.682e+01 0.1545081 0.000 0.0869238 0.0675842 
-0.00272793 0.00564053 1.0001e+00 -6.678e+01 0.1544705 0.000 0.0869052 0.0675655 
-0.00272793 0.00588937 1.0001e+00 -6.680e+01 0.1544980 0.000 0.0869159 0.0675821 
-0.00272793 0.00613822 1.0001e+00 -6.687e+01 0.1545525 0.000 0.0869846 0.0675680 
-0.00272793 0.00638707 1.0000e+00 -6.702e+01 0.1546841 0.000 0.0870471 0.0676369 
-0.00272793 0.00663591 1.0001e+00 -6.718e+01 0.1545515 0.000 0.0875187 0.0670328 
-0.00272793 0.00688476 1.0000e+00 -6.743e+01 0.1547572 0.000 0.0876792 0.0670779 
-0.00272793 0.00713361 1.0001e+00 -6.771e+01 0.1552968 0.000 0.0874276 0.0678691 
-0.00272793 0.00738245 9.9999e-01 -6.806e+01 0.1555893 0.000 0.0876993 0.0678900 
-0.00272793 0.00763130 1.0001e+00 -6.842e+01 0.1559689 0.000 0.0878727 0.0680962 
-0.00272793 0.00788015 1.0000e+00 -6.886e+01 0.1562871 0.000 0.0883159 0.0679711 
-0.00272793 0.00812899 1.0000e+00 -6.933e+01 0.1567965 0.000 0.0884269 0.0683697 
-0.00272793 0.00837784 1.0000e+00 -6.983e+01 0.1569271 0.000 0.0892160 0.0677111 
-0.00272793 0.00862669 1.0001e+00 -7.038e+01 0.1574558 0.000 0.0894436 0.0680123 
-0.00272793 0.00887553 1.0000e+00 -7.101e+01 0.1582137 0.000 0.0894583 0.0687554 
-0.00285235 0.00290321 1.0000e+00 -7.182e+01 0.1588360 0.000 0.0898911 0.0689448 
-0.00285235 0.00315206 1.0000e+00 -7.098e+01 0.1580458 0.000 0.0894703 0.0685756 
-0.00285235 0.00340091 1.0001e+00 -7.022e+01 0.1574711 0.000 0.0888333 0.0686379 
-0.00285235 0.00364975 1.0001e+00 -6.954e+01 0.1568242 0.000 0.0884943 0.0683299 
-0.00285235 0.00389860 1.0001e+00 -6.895e+01 0.1562382 0.000 0.0882674 0.0679707 
-0.00285235 0.00414745 1.0001e+00 -6.844e+01 0.1558761 0.000 0.0878302 0.0680460 
-0.00285235 0.00439629 1.0000e+00 -6.800e+01 0.1553612 0.000 0.0877916 0.0675698 
-0.00285235 0.00464514 1.0001e+00 -6.762e+01 0.1551233 0.000 0.0874809 0.0676422 
-0.00285235 0.00489399 1.0000e+00 -6.734e+01 0.1549536 0.000 0.0872180 0.0677357 
-0.00285235 0.00514283 1.0001e+00 -6.708e+01 0.1547146 0.000 0.0870912 0.0676235 
-0.00285235 0.00539168 1.0001e+00 -6.692e+01 0.1545921 0.000 0.0869762 0.0676161 
-0.00285235 0.00564053 1.0001e+00 -6.680e+01 0.1544801 0.000 0.0869139 0.0675661 
-0.00285235 0.00588937 1.0001e+00 -6.676e+01 0.1544448 0.000 0.0868901 0.0675548 
-0.00285235 0.00613822 1.0000e+00 -6.677e+01 0.1544735 0.000 0.0869029 0.0675707 
-0.00285235 0.00638707 1.0000e+00 -6.684e+01 0.1545512 0.000 0.0869393 0.0676120 
-0.00285235 0.00663591 1.0000e+00 -6.695e+01 0.1546785 0.000 0.0869473 0.0677314 
-0.00285235 0.00688476 1.0000e+00 -6.712e+01 0.1547754 0.000 0.0870962 0.0676792 
-0.00285235 0.00713361 1.0001e+00 -6.730e+01 0.1546697 0.000 0.0875834 0.0670863 
-0.00285235 0.00738245 1.0001e+00 -6.759e+01 0.1551920 0.000 0.0873711 0.0678209 
-0.00285235 0.00763130 1.0001e+00 -6.789e+01 0.1554838 0.000 0.0875482 0.0679354 
-0.00285235 0.00788015 9.9999e-01 -6.827e+01 0.1558198 0.000 0.0878357 0.0679843 
-0.00285235 0.00812899 1.0001e+00 -6.865e+01 0.1561941 0.000 0.0880488 0.0681454 
-0.00285235 0.00837784 1.0000e+00 -6.912e+01 0.1565399 0.000 0.0884634 0.0680766 
-0.00285235 0.00862669 1.0000e+00 -6.959e+01 0.1567889 0.000 0.0889784 0.0678106 
-0.00285235 0.00887553 1.0000e+00 -7.013e+01 0.1571793 0.000 0.0894021 0.0677772 
-0.00297677 0.00290321 1.0000e+00 -7.298e+01 0.1598298 0.000 0.0904928 0.0693371 
-0.00297677 0.00315206 1.0001e+00 -7.202e+01 0.1589738 0.000 0.0899811 0.0689927 
-0.00297677 0.00340091 1.0001e+00 -7.114e+01 0.1577885 0.000 0.0901835 0.0676050 
-0.00297677 0.00364975 1.0000e+00 -7.040e+01 0.1576192 0.000 0.0889195 0.0686998 
-0.00297677 0.00389860 1.0001e+00 -6.969e+01 0.1569419 0.000 0.0885422 0.0683996 
-0.00297677 0.00414745 1.0001e+00 -6.908e+01 0.1563637 0.000 0.0882395 0.0681242 
-0.00297677 0.00439629 9.9998e-01 -6.857e+01 0.1559162 0.000 0.0879478 0.0679684 
-0.00297677 0.00464514 1.0000e+00 -6.809e+01 0.1550386 0.000 0.0884075 0.0666309 
-0.00297677 0.00489399 9.9998e-01 -6.773e+01 0.1552535 0.000 0.0874421 0.0678117 
-0.00297677 0.00514283 1.0000e+00 -6.741e+01 0.1550009 0.000 0.0872467 0.0677542 
-0.00297677 0.00539168 1.0001e+00 -6.715e+01 0.1547575 0.000 0.0871175 0.0676399 
-0.00297677 0.00564053 1.0000e+00 -6.697e+01 0.1546057 0.000 0.0869885 0.0676172 
-0.00297677 0.00588937 1.0000e+00 -6.684e+01 0.1544854 0.000 0.0869217 0.0675640 
-0.00297677 0.00613822 1.0001e+00 -6.676e+01 0.1544407 0.000 0.0868385 0.0676021 
-0.00297677 0.00638707 1.0001e+00 -6.676e+01 0.1544259 0.000 0.0868791 0.0675468 
-0.00297677 0.00663591 1.0000e+00 -6.681e+01 0.1545320 0.000 0.0868761 0.0676559 
-0.00297677 0.00688476 1.0000e+00 -6.691e+01 0.1546119 0.000 0.0869651 0.0676467 
-0.00297677 0.00713361 1.0001e+00 -6.704e+01 0.1547032 0.000 0.0870610 0.0676420 
-0.00297677 0.00738245 1.0001e+00 -6.724e+01 0.1548809 0.000 0.0871557 0.0677250 
-0.00297677 0.00763130 1.0001e+00 -6.748e+01 0.1549986 0.000 0.0874275 0.0675711 
-0.00297677 0.00788015 1.0001e+00 -6.776e+01 0.1549536 0.000 0.0880784 0.0668750 
-0.00297677 0.00812899 1.0000e+00 -6.812e+01 0.1556699 0.000 0.0877559 0.0679143 
-0.00297677 0.00837784 1.0001e+00 -6.850e+01 0.1560261 0.000 0.0880144 0.0680118 
-0.00297677 0.00862669 1.0001e+00 -6.892e+01 0.1564619 0.000 0.0881796 0.0682824 
-0.00297677 0.00887553 1.0000e+00 -6.941e+01 0.1569085 0.000 0.0884240 0.0684844 
-0.00310120 0.00290321 1.0000e+00 -7.429e+01 0.1605909 0.000 0.0918989 0.0686920 
-0.00310120 0.00315206 1.0000e+00 -7.324e+01 0.1600406 0.000 0.0905934 0.0694471 
-0.00310120 0.00340091 1.0000e+00 -7.225e+01 0.1591644 0.000 0.0900858 0.0690786 
-0.00310120 0.00364975 1.0000e+00 -7.136e+01 0.1579396 0.000 0.0903483 0.0675911 
-0.00310120 0.00389860 1.0000e+00 -7.058e+01 0.1576916 0.000 0.0891470 0.0685447 
-0.00310120 0.00414745 1.0001e+00 -6.988e+01 0.1570766 0.000 0.0886864 0.0683900 
-0.00310120 0.00439629 1.0001e+00 -6.925e+01 0.1565411 0.000 0.0882572 0.0682841 
-0.00310120 0.00464514 1.0001e+00 -6.871e+01 0.1560442 0.000 0.0879825 0.0680618 
-0.00310120 0.00489399 1.0000e+00 -6.823e+01 0.1551347 0.000 0.0884848 0.0666498 
-0.00310120 0.00514283 1.0001e+00 -6.782e+01 0.1551333 0.000 0.0877521 0.0673809 
-0.00310120 0.00539168 1.0001e+00 -6.750e+01 0.1550187 0.000 0.0873496 0.0676691 
-0.00310120 0.00564053 1.0000e+00 -6.725e+01 0.1548409 0.000 0.0871593 0.0676817 
-0.00310120 0.00588937 1.0001e+00 -6.703e+01 0.1546628 0.000 0.0870142 0.0676485 
-0.00310120 0.00613822 1.0001e+00 -6.688e+01 0.1545123 0.000 0.0869358 0.0675765 
-0.00310120 0.00638707 1.0001e+00 -6.681e+01 0.1544418 0.000 0.0868985 0.0675434 
-0.00310120 0.00663591 1.0000e+00 -6.679e+01 0.1544433 0.000 0.0868900 0.0675533 
-0.00310120 0.00688476 1.0001e+00 -6.680e+01 0.1544798 0.000 0.0869057 0.0675742 
-0.00310120 0.00713361 1.0001e+00 -6.689e+01 0.1545933 0.000 0.0869573 0.0676359 
-0.00310120 0.00738245 1.0001e+00 -6.701e+01 0.1546966 0.000 0.0870585 0.0676379 
-0.00310120 0.00763130 1.0000e+00 -6.721e+01 0.1548812 0.000 0.0871526 0.0677285 
-0.00310120 0.00788015 1.0001e+00 -6.742e+01 0.1549674 0.000 0.0873960 0.0675715 
-0.00310120 0.00812899 1.0001e+00 -6.768e+01 0.1549243 0.000 0.0879775 0.0669468 
-0.00310120 0.00837784 1.0001e+00 -6.801e+01 0.1555505 0.000 0.0877140 0.0678364 
-0.00310120 0.00862669 1.0000e+00 -6.838e+01 0.1558815 0.000 0.0880090 0.0678725 
-0.00310120 0.00887553 1.0001e+00 -6.878e+01 0.1562811 0.000 0.0881981 0.0680829 
-0.00322562 0.00290321 1.0000e+00 -7.581e+01 0.1622033 0.000 0.0922753 0.0699281 
-0.00322562 0.00315206 1.0000e+00 -7.461e+01 0.1612077 0.000 0.0914539 0.0697539 
-0.00322562 0.00340091 1.0001e+00 -7.350e+01 0.1601628 0.000 0.0909368 0.0692261 
-0.00322562 0.00364975 1.0000e+00 -7.252e+01 0.1593919 0.000 0.0902120 0.0691798 
-0.00322562 0.00389860 1.0000e+00 -7.160e+01 0.1581457 0.000 0.0904738 0.0676719 
-0.00322562 0.00414745 1.0001e+00 -7.081e+01 0.1578193 0.000 0.0893625 0.0684568 
-0.00322562 0.00439629 1.0001e+00 -7.009e+01 0.1572573 0.000 0.0887945 0.0684628 
-0.00322562 0.00464514 1.0001e+00 -6.944e+01 0.1566582 0.000 0.0884486 0.0682094 
-0.00322562 0.00489399 1.0000e+00 -6.889e+01 0.1561422 0.000 0.0881803 0.0679618 
-0.00322562 0.00514283 1.0000e+00 -6.839e+01 0.1552885 0.000 0.0885488 0.0667397 
-0.00322562 0.00539168 1.0001e+00 -6.796e+01 0.1548881 0.000 0.0883528 0.0665355 
-0.00322562 0.00564053 1.0000e+00 -6.765e+01 0.1551394 0.000 0.0873985 0.0677410 
-0.00322562 0.00588937 1.0001e+00 -6.735e+01 0.1549023 0.000 0.0871966 0.0677057 
-0.00322562 0.00613822 1.0001e+00 -6.714e+01 0.1547136 0.000 0.0870980 0.0676157 
-0.00322562 0.00638707 1.0001e+00 -6.698e+01 0.1545777 0.000 0.0869695 0.0676082 
-0.00322562 0.00663591 1.0001e+00 -6.688e+01 0.1544818 0.000 0.0869116 0.0675702 
-0.00322562 0.00688476 1.0000e+00 -6.685e+01 0.1544914 0.000 0.0868651 0.0676264 
-0.00322562 0.00713361 1.0000e+00 -6.686e+01 0.1545072 0.000 0.0869174 0.0675899 
-0.00322562 0.00738245 1.0000e+00 -6.692e+01 0.1546040 0.000 0.0869620 0.0676422 
-0.00322562 0.00763130 1.0001e+00 -6.702e+01 0.1546846 0.000 0.0870504 0.0676343 
-0.00322562 0.00788015 1.0001e+00 -6.719e+01 0.1548563 0.000 0.0871365 0.0677198 
-0.00322562 0.00812899 1.0000e+00 -6.740e+01 0.1549386 0.000 0.0874245 0.0675140 
-0.00322562 0.00837784 1.0001e+00 -6.764e+01 0.1548045 0.000 0.0880911 0.0667131 
-0.00322562 0.00862669 1.0000e+00 -6.794e+01 0.1550634 0.000 0.0883475 0.0667161 
-0.00322562 0.00887553 1.0000e+00 -6.831e+01 0.1558641 0.000 0.0878796 0.0679843 
-0.00335004 0.00290321 1.0000e+00 -7.749e+01 0.1634637 0.000 0.0935337 0.0699300 
-0.00335004 0.00315206 1.0000e+00 -7.615e+01 0.1621440 0.000 0.0930884 0.0690555 
-0.00335004 0.00340091 1.0000e+00 -7.494e+01 0.1615125 0.000 0.0916105 0.0699022 
-0.00335004 0.00364975 1.0001e+00 -7.380e+01 0.1600251 0.000 0.0918394 0.0681856 
-0.00335004 0.00389860 1.0000e+00 -7.282e+01 0.1596481 0.000 0.0903891 0.0692591 
-0.00335004 0.00414745 9.9999e-01 -7.188e+01 0.1584466 0.000 0.0905562 0.0678904 
-0.00335004 0.00439629 1.0000e+00 -7.107e+01 0.1576751 0.000 0.0901570 0.0675180 
-0.00335004 0.00464514 1.0000e+00 -7.034e+01 0.1575072 0.000 0.0888774 0.0686296 
-0.00335004 0.00489399 1.0001e+00 -6.967e+01 0.1568898 0.000 0.0885290 0.0683609 
-0.00335004 0.00514283 1.0001e+00 -6.910e+01 0.1563269 0.000 0.0882706 0.0680562 
-0.00335004 0.00539168 1.0000e+00 -6.859e+01 0.1554644 0.000 0.0886356 0.0668290 
-0.00335004 0.00564053 1.0000e+00 -6.816e+01 0.1550943 0.000 0.0884235 0.0666706 
-0.00335004 0.00588937 1.0001e+00 -6.779e+01 0.1548200 0.000 0.0881352 0.0666850 
-0.00335004 0.00613822 1.0000e+00 -6.751e+01 0.1549903 0.000 0.0873368 0.0676533 
-0.00335004 0.00638707 9.9999e-01 -6.729e+01 0.1548294 0.000 0.0871578 0.0676716 
-0.00335004 0.00663591 1.0000e+00 -6.712e+01 0.1547097 0.000 0.0869889 0.0677208 
-0.00335004 0.00688476 1.0000e+00 -6.700e+01 0.1545669 0.000 0.0869635 0.0676033 
-0.00335004 0.00713361 1.0000e+00 -6.695e+01 0.1545321 0.000 0.0869383 0.0675940 
-0.00335004 0.00738245 1.0000e+00 -6.694e+01 0.1545753 0.000 0.0869014 0.0676740 
-0.00335004 0.00763130 1.0001e+00 -6.697e+01 0.1545877 0.000 0.0870064 0.0675813 
-0.00335004 0.00788015 1.0001e+00 -6.708e+01 0.1547202 0.000 0.0870691 0.0676511 
-0.00335004 0.00812899 1.0001e+00 -6.721e+01 0.1547956 0.000 0.0872230 0.0675729 
-0.00335004 0.00837784 1.0001e+00 -6.741e+01 0.1550008 0.000 0.0872848 0.0677158 
-0.00335004 0.00862669 1.0001e+00 -6.762e+01 0.1547113 0.000 0.0881676 0.0665435 
-0.00335004 0.00887553 1.0000e+00 -6.792e+01 0.1550681 0.000 0.0882455 0.0668227 
-0.00347447 0.00290321 1.0000e+00 -7.941e+01 0.1652635 0.000 0.0941724 0.0710912 
-0.00347447 0.00315206 1.0000e+00 -7.790e+01 0.1636671 0.000 0.0939099 0.0697574 
-0.00347447 0.00340091 1.0000e+00 -7.654e+01 0.1624563 0.000 0.0932213 0.0692350 
-0.00347447 0.00364975 1.0000e+00 -7.531e+01 0.1617792 0.000 0.0918297 0.0699495 
-0.00347447 0.00389860 1.0000e+00 -7.416e+01 0.1603287 0.000 0.0919849 0.0683438 
-0.00347447 0.00414745 1.0001e+00 -7.314e+01 0.1599125 0.000 0.0905608 0.0693516 
-0.00347447 0.00439629 1.0000e+00 -7.219e+01 0.1587171 0.000 0.0907081 0.0680091 
-0.00347447 0.00464514 1.0000e+00 -7.134e+01 0.1578731 0.000 0.0903527 0.0675204 
-0.00347447 0.00489399 1.0000e+00 -7.061e+01 0.1576150 0.000 0.0892517 0.0683633 
-0.00347447 0.00514283 1.0001e+00 -6.992e+01 0.1571067 0.000 0.0886881 0.0684187 
-0.00347447 0.00539168 1.0000e+00 -6.935e+01 0.1565339 0.000 0.0884774 0.0680564 
-0.00347447 0.00564053 1.0000e+00 -6.884e+01 0.1561276 0.000 0.0881094 0.0680182 
-0.00347447 0.00588937 1.0001e+00 -6.836e+01 0.1552715 0.000 0.0885398 0.0667316 
-0.00347447 0.00613822 1.0001e+00 -6.798e+01 0.1549748 0.000 0.0882811 0.0666935 
-0.00347447 0.00638707 1.0000e+00 -6.769e+01 0.1546988 0.000 0.0881385 0.0665603 
-0.00347447 0.00663591 1.0001e+00 -6.744e+01 0.1549121 0.000 0.0872918 0.0676203 
-0.00347447 0.00688476 1.0000e+00 -6.726e+01 0.1546942 0.000 0.0872910 0.0674032 
-0.00347447 0.00713361 1.0001e+00 -6.713e+01 0.1546641 0.000 0.0870578 0.0676063 
-0.00347447 0.00738245 1.0001e+00 -6.706e+01 0.1546454 0.000 0.0869425 0.0677027 
-0.00347447 0.00763130 1.0001e+00 -6.703e+01 0.1545790 0.000 0.0870084 0.0675703 
-0.00347447 0.00788015 1.0000e+00 -6.708e+01 0.1546771 0.000 0.0870518 0.0676253 
-0.00347447 0.00812899 1.0000e+00 -6.715e+01 0.1545993 0.000 0.0873427 0.0672566 
-0.00347447 0.00837784 1.0001e+00 -6.727e+01 0.1548289 0.000 0.0872635 0.0675654 
-0.00347447 0.00862669 1.0000e+00 -6.745e+01 0.1547255 0.000 0.0878003 0.0669253 
-0.00347447 0.00887553 1.0000e+00 -6.767e+01 0.1547803 0.000 0.0881575 0.0666229 
-0.00359889 0.00290321 1.0000e+00 -8.151e+01 0.1669081 0.000 0.0954993 0.0714088 
-0.00359889 0.00315206 1.0000e+00 -7.987e+01 0.1655815 0.000 0.0944053 0.0711761 
-0.00359889 0.00340091 1.0000e+00 -7.834e+01 0.1638879 0.000 0.0942863 0.0696016 
-0.00359889 0.00364975 1.0001e+00 -7.697e+01 0.1631052 0.000 0.0927739 0.0703313 
-0.00359889 0.00389860 1.0001e+00 -7.569e+01 0.1619654 0.000 0.0921962 0.0697692 
-0.00359889 0.00414745 1.0000e+00 -7.453e+01 0.1607230 0.000 0.0919937 0.0687293 
-0.00359889 0.00439629 1.0000e+00 -7.349e+01 0.1600851 0.000 0.0909287 0.0691562 
-0.00359889 0.00464514 1.0001e+00 -7.254e+01 0.1593640 0.000 0.0902321 0.0691318 
-0.00359889 0.00489399 1.0000e+00 -7.167e+01 0.1582165 0.000 0.0904194 0.0677973 
-0.00359889 0.00514283 1.0001e+00 -7.090e+01 0.1575931 0.000 0.0898459 0.0677473 
-0.00359889 0.00539168 1.0001e+00 -7.023e+01 0.1573596 0.000 0.0888977 0.0684619 
-0.00359889 0.00564053 1.0001e+00 -6.962e+01 0.1568814 0.000 0.0884723 0.0684092 
-0.00359889 0.00588937 1.0000e+00 -6.910e+01 0.1563735 0.000 0.0882446 0.0681289 
-0.00359889 0.00613822 1.0001e+00 -6.862e+01 0.1555220 0.000 0.0886333 0.0668887 
-0.00359889 0.00638707 1.0001e+00 -6.821e+01 0.1551203 0.000 0.0884794 0.0666408 
-0.00359889 0.00663591 1.0000e+00 -6.790e+01 0.1550006 0.000 0.0880902 0.0669102 
-0.00359889 0.00688476 1.0001e+00 -6.764e+01 0.1547754 0.000 0.0879067 0.0668687 
-0.00359889 0.00713361 1.0001e+00 -6.743e+01 0.1547843 0.000 0.0874712 0.0673131 
-0.00359889 0.00738245 1.0000e+00 -6.731e+01 0.1547559 0.000 0.0872817 0.0674741 
-0.00359889 0.00763130 1.0000e+00 -6.723e+01 0.1547676 0.000 0.0871075 0.0676602 
-0.00359889 0.00788015 1.0001e+00 -6.718e+01 0.1547275 0.000 0.0870840 0.0676435 
-0.00359889 0.00812899 1.0000e+00 -6.721e+01 0.1547131 0.000 0.0872277 0.0674854 
-0.00359889 0.00837784 1.0001e+00 -6.726e+01 0.1547389 0.000 0.0873302 0.0674088 
-0.00359889 0.00862669 1.0000e+00 -6.737e+01 0.1546518 0.000 0.0877457 0.0669063 
-0.00359889 0.00887553 1.0000e+00 -6.753e+01 0.1547260 0.000 0.0879575 0.0667685 
-0.00372331 0.00290321 1.0000e+00 -8.387e+01 0.1688753 0.000 0.0967309 0.0721444 
-0.00372331 0.00315206 9.9998e-01 -8.206e+01 0.1673188 0.000 0.0956751 0.0716434 
-0.00372331 0.00340091 1.0000e+00 -8.037e+01 0.1658572 0.000 0.0947099 0.0711471 
-0.00372331 0.00364975 1.0000e+00 -7.881e+01 0.1641741 0.000 0.0945330 0.0696409 
-0.00372331 0.00389860 1.0000e+00 -7.742e+01 0.1634463 0.000 0.0929430 0.0705031 
-0.00372331 0.00414745 1.0000e+00 -7.612e+01 0.1618602 0.000 0.0931359 0.0687242 
-0.00372331 0.00439629 1.0000e+00 -7.495e+01 0.1613460 0.000 0.0916303 0.0697157 
-0.00372331 0.00464514 9.9999e-01 -7.387e+01 0.1600565 0.000 0.0916960 0.0683605 
-0.00372331 0.00489399 1.0000e+00 -7.292e+01 0.1596134 0.000 0.0905047 0.0691088 
-0.00372331 0.00514283 1.0000e+00 -7.203e+01 0.1584951 0.000 0.0905966 0.0678985 
-0.00372331 0.00539168 1.0000e+00 -7.124e+01 0.1577567 0.000 0.0902175 0.0675392 
-0.00372331 0.00564053 1.0000e+00 -7.055e+01 0.1576175 0.000 0.0890896 0.0685278 
-0.00372331 0.00588937 1.0000e+00 -6.993e+01 0.1571221 0.000 0.0887076 0.0684146 
-0.00372331 0.00613822 1.0000e+00 -6.938e+01 0.1565792 0.000 0.0885048 0.0680743 
-0.00372331 0.00638707 1.0000e+00 -6.890e+01 0.1558089 0.000 0.0887539 0.0670549 
-0.00372331 0.00663591 1.0000e+00 -6.850e+01 0.1554058 0.000 0.0885957 0.0668100 
-0.00372331 0.00688476 1.0000e+00 -6.816e+01 0.1551873 0.000 0.0882993 0.0668882 
-0.00372331 0.00713361 1.0000e+00 -6.788e+01 0.1550102 0.000 0.0879908 0.0670193 
-0.00372331 0.00738245 1.0001e+00 -6.765e+01 0.1547606 0.000 0.0879130 0.0668475 
-0.00372331 0.00763130 1.0000e+00 -6.751e+01 0.1546866 0.000 0.0877931 0.0668935 
-0.00372331 0.00788015 1.0001e+00 -6.740e+01 0.1548752 0.000 0.0872842 0.0675912 
-0.00372331 0.00812899 1.0000e+00 -6.737e+01 0.1548601 0.000 0.0872912 0.0675690 
-0.00372331 0.00837784 1.0001e+00 -6.735e+01 0.1548345 0.000 0.0873136 0.0675211 
-0.00372331 0.00862669 1.0000e+00 -6.741e+01 0.1545963 0.000 0.0878002 0.0667963 
-0.00372331 0.00887553 1.0001e+00 -6.750e+01 0.1547411 0.000 0.0878316 0.0669095 
-0.00384774 0.00290321 1.0001e+00 -8.649e+01 0.1710011 0.000 0.0981638 0.0728372 
-0.00384774 0.00315206 1.0000e+00 -8.446e+01 0.1691878 0.000 0.0971978 0.0719901 
-0.00384774 0.00340091 1.0000e+00 -8.262e+01 0.1676582 0.000 0.0960095 0.0716485 
-0.00384774 0.00364975 1.0000e+00 -8.089e+01 0.1658941 0.000 0.0955824 0.0703117 
-0.00384774 0.00389860 1.0001e+00 -7.932e+01 0.1646140 0.000 0.0945707 0.0700431 
-0.00384774 0.00414745 1.0000e+00 -7.791e+01 0.1636984 0.000 0.0933521 0.0703463 
-0.00384774 0.00439629 1.0001e+00 -7.657e+01 0.1622819 0.000 0.0931722 0.0691097 
-0.00384774 0.00464514 1.0000e+00 -7.539e+01 0.1616483 0.000 0.0919165 0.0697316 
-0.00384774 0.00489399 1.0000e+00 -7.430e+01 0.1604483 0.000 0.0918133 0.0686351 
-0.00384774 0.00514283 1.0000e+00 -7.332e+01 0.1598966 0.000 0.0907537 0.0691428 
-0.00384774 0.00539168 1.0000e+00 -7.242e+01 0.1588563 0.000 0.0907184 0.0681379 
-0.00384774 0.00564053 1.0000e+00 -7.161e+01 0.1580770 0.000 0.0903816 0.0676956 
-0.00384774 0.00588937 1.0001e+00 -7.089e+01 0.1574426 0.000 0.0900384 0.0674045 
-0.00384774 0.00613822 1.0000e+00 -7.028e+01 0.1573850 0.000 0.0889592 0.0684258 
-0.00384774 0.00638707 1.0000e+00 -6.971e+01 0.1569020 0.000 0.0886127 0.0682893 
-0.00384774 0.00663591 1.0000e+00 -6.921e+01 0.1560345 0.000 0.0889809 0.0670534 
-0.00384774 0.00688476 1.0001e+00 -6.878e+01 0.1556054 0.000 0.0887916 0.0668139 
-0.00384774 0.00713361 1.0001e+00 -6.843e+01 0.1553580 0.000 0.0885141 0.0668441 
-0.00384774 0.00738245 1.0000e+00 -6.814e+01 0.1550506 0.000 0.0884080 0.0666428 
-0.00384774 0.00763130 1.0000e+00 -6.792e+01 0.1547916 0.000 0.0883644 0.0664273 
-0.00384774 0.00788015 1.0001e+00 -6.773e+01 0.1548707 0.000 0.0878976 0.0669730 
-0.00384774 0.00812899 1.0001e+00 -6.762e+01 0.1547218 0.000 0.0879041 0.0668177 
-0.00384774 0.00837784 1.0001e+00 -6.755e+01 0.1547151 0.000 0.0878334 0.0668818 
-0.00384774 0.00862669 1.0001e+00 -6.754e+01 0.1547353 0.000 0.0878144 0.0669209 
-0.00384774 0.00887553 1.0000e+00 -6.758e+01 0.1546953 0.000 0.0879401 0.0667552 
-0.00397216 0.00290321 1.0000e+00 -8.941e+01 0.1732973 0.000 0.0999007 0.0733966 
-0.00397216 0.00315206 1.0001e+00 -8.716e+01 0.1713540 0.000 0.0987917 0.0725624 
-0.00397216 0.00340091 1.0000e+00 -8.511e+01 0.1697044 0.000 0.0974532 0.0722512 
-0.00397216 0.00364975 1.0000e+00 -8.321e+01 0.1678826 0.000 0.0967848 0.0710980 
-0.00397216 0.00389860 1.0000e+00 -8.147e+01 0.1663399 0.000 0.0958881 0.0704516 
-0.00397216 0.00414745 1.0000e+00 -7.989e+01 0.1653717 0.000 0.0942854 0.0710861 
-0.00397216 0.00439629 1.0001e+00 -7.841e+01 0.1636765 0.000 0.0942971 0.0693794 
-0.00397216 0.00464514 1.0000e+00 -7.709e+01 0.1630613 0.000 0.0927631 0.0702981 
-0.00397216 0.00489399 1.0000e+00 -7.588e+01 0.1619548 0.000 0.0923010 0.0696539 
-0.00397216 0.00514283 1.0000e+00 -7.475e+01 0.1607613 0.000 0.0921602 0.0686011 
-0.00397216 0.00539168 1.0000e+00 -7.376e+01 0.1602813 0.000 0.0909945 0.0692869 
-0.00397216 0.00564053 1.0000e+00 -7.286e+01 0.1595200 0.000 0.0904561 0.0690639 
-0.00397216 0.00588937 1.0000e+00 -7.202e+01 0.1584354 0.000 0.0906156 0.0678199 
-0.00397216 0.00613822 1.0000e+00 -7.128e+01 0.1578178 0.000 0.0902301 0.0675876 
-0.00397216 0.00638707 1.0000e+00 -7.064e+01 0.1573799 0.000 0.0896951 0.0676846 
-0.00397216 0.00663591 1.0000e+00 -7.008e+01 0.1571359 0.000 0.0890047 0.0681313 
-0.00397216 0.00688476 1.0001e+00 -6.955e+01 0.1567824 0.000 0.0885084 0.0682738 
-0.00397216 0.00713361 1.0000e+00 -6.913e+01 0.1559824 0.000 0.0889317 0.0670508 
-0.00397216 0.00738245 9.9998e-01 -6.876e+01 0.1557004 0.000 0.0886599 0.0670405 
-0.00397216 0.00763130 1.0001e+00 -6.844e+01 0.1553017 0.000 0.0885932 0.0667086 
-0.00397216 0.00788015 1.0001e+00 -6.820e+01 0.1551491 0.000 0.0883919 0.0667572 
-0.00397216 0.00812899 1.0001e+00 -6.800e+01 0.1549650 0.000 0.0883055 0.0666594 
-0.00397216 0.00837784 1.0000e+00 -6.788e+01 0.1549462 0.000 0.0880822 0.0668640 
-0.00397216 0.00862669 1.0001e+00 -6.780e+01 0.1549370 0.000 0.0879942 0.0669427 
-0.00397216 0.00887553 1.0001e+00 -6.777e+01 0.1549273 0.000 0.0879612 0.0669660 
-0.00409658 0.00290321 1.0000e+00 -9.268e+01 0.1759923 0.000 0.1015642 0.0744282 
-0.00409658 0.00315206 1.0000e+00 -9.019e+01 0.1739242 0.000 0.1001908 0.0737334 
-0.00409658 0.00340091 1.0000e+00 -8.790e+01 0.1720320 0.000 0.0989036 0.0731284 
-0.00409658 0.00364975 1.0000e+00 -8.581e+01 0.1702450 0.000 0.0977498 0.0724954 
-0.00409658 0.00389860 1.0000e+00 -8.389e+01 0.1686618 0.000 0.0966037 0.0720582 
-0.00409658 0.00414745 1.0000e+00 -8.211e+01 0.1671482 0.000 0.0955934 0.0715548 
-0.00409658 0.00439629 1.0000e+00 -8.049e+01 0.1657450 0.000 0.0947572 0.0709880 
-0.00409658 0.00464514 1.0000e+00 -7.899e+01 0.1642055 0.000 0.0944769 0.0697284 
-0.00409658 0.00489399 1.0000e+00 -7.764e+01 0.1634997 0.000 0.0929733 0.0705264 
-0.00409658 0.00514283 1.0000e+00 -7.639e+01 0.1621010 0.000 0.0929788 0.0691222 
-0.00409658 0.00539168 1.0000e+00 -7.528e+01 0.1615590 0.000 0.0917368 0.0698221 
-0.00409658 0.00564053 1.0000e+00 -7.423e+01 0.1603637 0.000 0.0917212 0.0686422 
-0.00409658 0.00588937 1.0000e+00 -7.331e+01 0.1597407 0.000 0.0909204 0.0688202 
-0.00409658 0.00613822 1.0000e+00 -7.247e+01 0.1588816 0.000 0.0907182 0.0681634 
-0.00409658 0.00638707 1.0000e+00 -7.171e+01 0.1581947 0.000 0.0904482 0.0677464 
-0.00409658 0.00663591 1.0000e+00 -7.104e+01 0.1577007 0.000 0.0899608 0.0677397 
-0.00409658 0.00688476 1.0001e+00 -7.045e+01 0.1574051 0.000 0.0892828 0.0681222 
-0.00409658 0.00713361 1.0000e+00 -6.995e+01 0.1571308 0.000 0.0887632 0.0683678 
-0.00409658 0.00738245 1.0000e+00 -6.951e+01 0.1567209 0.000 0.0885294 0.0681915 
-0.00409658 0.00763130 1.0001e+00 -6.909e+01 0.1558664 0.000 0.0890385 0.0668279 
-0.00409658 0.00788015 1.0000e+00 -6.878e+01 0.1556155 0.000 0.0887831 0.0668323 
-0.00409658 0.00812899 1.0001e+00 -6.852e+01 0.1553336 0.000 0.0886913 0.0666422 
-0.00409658 0.00837784 1.0000e+00 -6.832e+01 0.1553038 0.000 0.0883935 0.0669104 
-0.00409658 0.00862669 1.0000e+00 -6.818e+01 0.1551668 0.000 0.0883609 0.0668058 
-0.00409658 0.00887553 1.0001e+00 -6.807e+01 0.1550385 0.000 0.0883839 0.0666548 
