-0.00011504 0.00000000 1.2834e+00 -5.976e+01 0.1299838 0.000 0.0730212 0.0569625 
-0.00011504 0.00033180 1.3016e+00 -6.009e+01 0.1299477 0.000 0.0729165 0.0570312 
-0.00011504 0.00066359 1.3232e+00 -6.045e+01 0.1299584 0.000 0.0729886 0.0569698 
-0.00011504 0.00099539 1.3481e+00 -6.072e+01 0.1299843 0.000 0.0730794 0.0569050 
-0.00011504 0.00132718 1.3787e+00 -6.044e+01 0.1299351 0.000 0.0727151 0.0572199 
-0.00011504 0.00165898 1.4072e+00 -6.027e+01 0.1299624 0.000 0.0726973 0.0572651 
-0.00011504 0.00199077 1.4351e+00 -5.992e+01 0.1299322 0.000 0.0726287 0.0573036 
-0.00011504 0.00232257 1.4591e+00 -5.966e+01 0.1299424 0.000 0.0729187 0.0570235 
-0.00011504 0.00265437 1.4819e+00 -5.915e+01 0.1299445 0.000 0.0725450 0.0573995 
-0.00011504 0.00298616 1.5014e+00 -5.863e+01 0.1299453 0.000 0.0724896 0.0574556 
-0.00011504 0.00331796 1.5174e+00 -5.812e+01 0.1299342 0.000 0.0724435 0.0574912 
-0.00011504 0.00364975 1.5295e+00 -5.770e+01 0.1299469 0.000 0.0724283 0.0575186 
-0.00011504 0.00398155 1.5379e+00 -5.741e+01 0.1299950 0.000 0.0724275 0.0575676 
-0.00011504 0.00431334 1.5460e+00 -5.697e+01 0.1299515 0.000 0.0724551 0.0574962 
-0.00011504 0.00464514 1.5514e+00 -5.666e+01 0.1299655 0.000 0.0724020 0.0575637 
-0.00011504 0.00497693 1.5567e+00 -5.626e+01 0.1299502 0.000 0.0723490 0.0576012 
-0.00011504 0.00530873 1.5603e+00 -5.592e+01 0.1299559 0.000 0.0723384 0.0576174 
-0.00011504 0.00564053 1.5625e+00 -5.567e+01 0.1299461 0.000 0.0723615 0.0575847 
-0.00011504 0.00597232 1.5638e+00 -5.548e+01 0.1299588 0.000 0.0723092 0.0576497 
-0.00011504 0.00630412 1.5648e+00 -5.526e+01 0.1299689 0.000 0.0722415 0.0577275 
-0.00011504 0.00663591 1.5640e+00 -5.519e+01 0.1299654 0.000 0.0723259 0.0576395 
-0.00011504 0.00696771 1.5634e+00 -5.508e+01 0.1299519 0.000 0.0723135 0.0576385 
-0.00011504 0.00729950 1.5621e+00 -5.503e+01 0.1299540 0.000 0.0723361 0.0576179 
-0.00011504 0.00763130 1.5604e+00 -5.502e+01 0.1299509 0.000 0.0724122 0.0575388 
-0.00011504 0.00796310 1.5586e+00 -5.503e+01 0.1299662 0.000 0.0724383 0.0575279 
-0.00028093 0.00000000 1.2538e+00 -5.969e+01 0.1299506 0.000 0.0726561 0.0572944 
-0.00028093 0.00033180 1.2644e+00 -6.004e+01 0.1299470 0.000 0.0727417 0.0572053 
-0.00028093 0.00066359 1.2789e+00 -6.047e+01 0.1299526 0.000 0.0727233 0.0572292 
-0.00028093 0.00099539 1.2991e+00 -6.067e+01 0.1299449 0.000 0.0726799 0.0572651 
-0.00028093 0.00132718 1.3231e+00 -6.068e+01 0.1299406 0.000 0.0726604 0.0572801 
-0.00028093 0.00165898 1.3484e+00 -6.058e+01 0.1299601 0.000 0.0726601 0.0573000 
-0.00028093 0.00199077 1.3743e+00 -6.032e+01 0.1299477 0.000 0.0726411 0.0573067 
-0.00028093 0.00232257 1.3998e+00 -5.988e+01 0.1299359 0.000 0.0725914 0.0573445 
-0.00028093 0.00265437 1.4232e+00 -5.938e+01 0.1299451 0.000 0.0725285 0.0574167 
-0.00028093 0.00298616 1.4444e+00 -5.882e+01 0.1299412 0.000 0.0724800 0.0574613 
-0.00028093 0.00331796 1.4627e+00 -5.825e+01 0.1299445 0.000 0.0724341 0.0575106 
-0.00028093 0.00364975 1.4774e+00 -5.775e+01 0.1299747 0.000 0.0724171 0.0575575 
-0.00028093 0.00398155 1.4889e+00 -5.735e+01 0.1299551 0.000 0.0723826 0.0575726 
-0.00028093 0.00431334 1.4984e+00 -5.693e+01 0.1299597 0.000 0.0724656 0.0574940 
-0.00028093 0.00464514 1.5051e+00 -5.663e+01 0.1299413 0.000 0.0723946 0.0575466 
-0.00028093 0.00497693 1.5101e+00 -5.638e+01 0.1299901 0.000 0.0724048 0.0575854 
-0.00028093 0.00530873 1.5146e+00 -5.608e+01 0.1299697 0.000 0.0724065 0.0575633 
-0.00028093 0.00564053 1.5186e+00 -5.575e+01 0.1299581 0.000 0.0722469 0.0577111 
-0.00028093 0.00597232 1.5211e+00 -5.551e+01 0.1299611 0.000 0.0722490 0.0577122 
-0.00028093 0.00630412 1.5224e+00 -5.535e+01 0.1299726 0.000 0.0722762 0.0576965 
-0.00028093 0.00663591 1.5232e+00 -5.520e+01 0.1299377 0.000 0.0722166 0.0577210 
-0.00028093 0.00696771 1.5223e+00 -5.518e+01 0.1299418 0.000 0.0723450 0.0575967 
-0.00028093 0.00729950 1.5221e+00 -5.507e+01 0.1299607 0.000 0.0723130 0.0576479 
-0.00028093 0.00763130 1.5218e+00 -5.498e+01 0.1299556 0.000 0.0722720 0.0576839 
-0.00028093 0.00796310 1.5206e+00 -5.497e+01 0.1299610 0.000 0.0722799 0.0576809 
-0.00044683 0.00000000 1.2302e+00 -5.990e+01 0.1299600 0.000 0.0726511 0.0573090 
-0.00044683 0.00033180 1.2324e+00 -6.027e+01 0.1299646 0.000 0.0726493 0.0573153 
-0.00044683 0.00066359 1.2398e+00 -6.062e+01 0.1299256 0.000 0.0726618 0.0572638 
-0.00044683 0.00099539 1.2526e+00 -6.087e+01 0.1299504 0.000 0.0726814 0.0572691 
-0.00044683 0.00132718 1.2700e+00 -6.099e+01 0.1299549 0.000 0.0726497 0.0573051 
-0.00044683 0.00165898 1.2908e+00 -6.094e+01 0.1299466 0.000 0.0726163 0.0573304 
-0.00044683 0.00199077 1.3139e+00 -6.070e+01 0.1299588 0.000 0.0725940 0.0573648 
-0.00044683 0.00232257 1.3381e+00 -6.025e+01 0.1299535 0.000 0.0725685 0.0573852 
-0.00044683 0.00265437 1.3611e+00 -5.976e+01 0.1299616 0.000 0.0725371 0.0574243 
-0.00044683 0.00298616 1.3833e+00 -5.914e+01 0.1299405 0.000 0.0724839 0.0574566 
-0.00044683 0.00331796 1.4031e+00 -5.855e+01 0.1299311 0.000 0.0727298 0.0572010 
-0.00044683 0.00364975 1.4204e+00 -5.795e+01 0.1299609 0.000 0.0724041 0.0575569 
-0.00044683 0.00398155 1.4350e+00 -5.741e+01 0.1299342 0.000 0.0723464 0.0575877 
-0.00044683 0.00431334 1.4463e+00 -5.699e+01 0.1299407 0.000 0.0723856 0.0575553 
-0.00044683 0.00464514 1.4547e+00 -5.668e+01 0.1299617 0.000 0.0723976 0.0575642 
-0.00044683 0.00497693 1.4617e+00 -5.638e+01 0.1299409 0.000 0.0723837 0.0575573 
-0.00044683 0.00530873 1.4680e+00 -5.604e+01 0.1299566 0.000 0.0724127 0.0575439 
-0.00044683 0.00564053 1.4721e+00 -5.581e+01 0.1299659 0.000 0.0722541 0.0577117 
-0.00044683 0.00597232 1.4755e+00 -5.559e+01 0.1299687 0.000 0.0723247 0.0576438 
-0.00044683 0.00630412 1.4786e+00 -5.535e+01 0.1299444 0.000 0.0722412 0.0577033 
-0.00044683 0.00663591 1.4802e+00 -5.520e+01 0.1299573 0.000 0.0722445 0.0577127 
-0.00044683 0.00696771 1.4805e+00 -5.515e+01 0.1299454 0.000 0.0723026 0.0576428 
-0.00044683 0.00729950 1.4801e+00 -5.513e+01 0.1299651 0.000 0.0723053 0.0576598 
-0.00044683 0.00763130 1.4800e+00 -5.507e+01 0.1299584 0.000 0.0722765 0.0576818 
-0.00044683 0.00796310 1.4798e+00 -5.502e+01 0.1299440 0.000 0.0722500 0.0576940 
-0.00061273 0.00000000 1.2169e+00 -5.993e+01 0.1299524 0.000 0.0724946 0.0574580 
-0.00061273 0.00033180 1.2107e+00 -6.036e+01 0.1299317 0.000 0.0724158 0.0575159 
-0.00061273 0.00066359 1.2094e+00 -6.074e+01 0.1299609 0.000 0.0725059 0.0574551 
-0.00061273 0.00099539 1.2131e+00 -6.109e+01 0.1299504 0.000 0.0725823 0.0573682 
-0.00061273 0.00132718 1.2226e+00 -6.128e+01 0.1299593 0.000 0.0726360 0.0573233 
-0.00061273 0.00165898 1.2378e+00 -6.123e+01 0.1299379 0.000 0.0726077 0.0573303 
-0.00061273 0.00199077 1.2556e+00 -6.110e+01 0.1299639 0.000 0.0725432 0.0574206 
-0.00061273 0.00232257 1.2777e+00 -6.060e+01 0.1299334 0.000 0.0725119 0.0574213 
-0.00061273 0.00265437 1.3004e+00 -5.999e+01 0.1299541 0.000 0.0727805 0.0571735 
-0.00061273 0.00298616 1.3214e+00 -5.946e+01 0.1299587 0.000 0.0727539 0.0572046 
-0.00061273 0.00331796 1.3425e+00 -5.876e+01 0.1299416 0.000 0.0726930 0.0572483 
-0.00061273 0.00364975 1.3615e+00 -5.810e+01 0.1299613 0.000 0.0725867 0.0573748 
-0.00061273 0.00398155 1.3774e+00 -5.756e+01 0.1299410 0.000 0.0725479 0.0573931 
-0.00061273 0.00431334 1.3911e+00 -5.707e+01 0.1299387 0.000 0.0725038 0.0574349 
-0.00061273 0.00464514 1.4021e+00 -5.668e+01 0.1299471 0.000 0.0724753 0.0574717 
-0.00061273 0.00497693 1.4106e+00 -5.639e+01 0.1299555 0.000 0.0721958 0.0577599 
-0.00061273 0.00530873 1.4180e+00 -5.608e+01 0.1299658 0.000 0.0722207 0.0577451 
-0.00061273 0.00564053 1.4246e+00 -5.576e+01 0.1299421 0.000 0.0721916 0.0577505 
-0.00061273 0.00597232 1.4297e+00 -5.550e+01 0.1299546 0.000 0.0722245 0.0577303 
-0.00061273 0.00630412 1.4340e+00 -5.524e+01 0.1299466 0.000 0.0723399 0.0576067 
-0.00061273 0.00663591 1.4369e+00 -5.507e+01 0.1299453 0.000 0.0723390 0.0576062 
-0.00061273 0.00696771 1.4388e+00 -5.496e+01 0.1299480 0.000 0.0723374 0.0576108 
-0.00061273 0.00729950 1.4396e+00 -5.491e+01 0.1299437 0.000 0.0723380 0.0576057 
-0.00061273 0.00763130 1.4391e+00 -5.497e+01 0.1299495 0.000 0.0722339 0.0577156 
-0.00061273 0.00796310 1.4386e+00 -5.500e+01 0.1299643 0.000 0.0722697 0.0576945 
-0.00077863 0.00000000 1.2103e+00 -6.014e+01 0.1299385 0.000 0.0723291 0.0576093 
-0.00077863 0.00033180 1.1976e+00 -6.049e+01 0.1299618 0.000 0.0723512 0.0576104 
-0.00077863 0.00066359 1.1884e+00 -6.084e+01 0.1299614 0.000 0.0724946 0.0574669 
-0.00077863 0.00099539 1.1845e+00 -6.108e+01 0.1299313 0.000 0.0724751 0.0574560 
-0.00077863 0.00132718 1.1850e+00 -6.135e+01 0.1299515 0.000 0.0725192 0.0574324 
-0.00077863 0.00165898 1.1920e+00 -6.141e+01 0.1299405 0.000 0.0724990 0.0574415 
-0.00077863 0.00199077 1.2042e+00 -6.127e+01 0.1299393 0.000 0.0725622 0.0573771 
-0.00077863 0.00232257 1.2221e+00 -6.076e+01 0.1299552 0.000 0.0725067 0.0574484 
-0.00077863 0.00265437 1.2424e+00 -6.013e+01 0.1299473 0.000 0.0724855 0.0574618 
-0.00077863 0.00298616 1.2629e+00 -5.949e+01 0.1299618 0.000 0.0724374 0.0575244 
-0.00077863 0.00331796 1.2833e+00 -5.883e+01 0.1299362 0.000 0.0723619 0.0575739 
-0.00077863 0.00364975 1.3027e+00 -5.815e+01 0.1299440 0.000 0.0723151 0.0576287 
-0.00077863 0.00398155 1.3198e+00 -5.760e+01 0.1299322 0.000 0.0725420 0.0573903 
-0.00077863 0.00431334 1.3344e+00 -5.714e+01 0.1299375 0.000 0.0725196 0.0574177 
-0.00077863 0.00464514 1.3473e+00 -5.671e+01 0.1299475 0.000 0.0724464 0.0575013 
-0.00077863 0.00497693 1.3592e+00 -5.625e+01 0.1299411 0.000 0.0723795 0.0575618 
-0.00077863 0.00530873 1.3678e+00 -5.598e+01 0.1299432 0.000 0.0723923 0.0575509 
-0.00077863 0.00564053 1.3751e+00 -5.572e+01 0.1299578 0.000 0.0724170 0.0575410 
-0.00077863 0.00597232 1.3815e+00 -5.547e+01 0.1299393 0.000 0.0724074 0.0575319 
-0.00077863 0.00630412 1.3865e+00 -5.527e+01 0.1299473 0.000 0.0724069 0.0575401 
-0.00077863 0.00663591 1.3917e+00 -5.500e+01 0.1299471 0.000 0.0723068 0.0576403 
-0.00077863 0.00696771 1.3943e+00 -5.492e+01 0.1299703 0.000 0.0723762 0.0575942 
-0.00077863 0.00729950 1.3963e+00 -5.485e+01 0.1299851 0.000 0.0723843 0.0576007 
-0.00077863 0.00763130 1.3981e+00 -5.477e+01 0.1299608 0.000 0.0723564 0.0576046 
-0.00077863 0.00796310 1.3987e+00 -5.477e+01 0.1299555 0.000 0.0723428 0.0576128 
-0.00094453 0.00000000 1.2147e+00 -6.009e+01 0.1299404 0.000 0.0721829 0.0577577 
-0.00094453 0.00033180 1.1955e+00 -6.049e+01 0.1299360 0.000 0.0723070 0.0576291 
-0.00094453 0.00066359 1.1794e+00 -6.078e+01 0.1299417 0.000 0.0723143 0.0576275 
-0.00094453 0.00099539 1.1670e+00 -6.104e+01 0.1299289 0.000 0.0723716 0.0575572 
-0.00094453 0.00132718 1.1599e+00 -6.120e+01 0.1299425 0.000 0.0723842 0.0575583 
-0.00094453 0.00165898 1.1580e+00 -6.130e+01 0.1299543 0.000 0.0723994 0.0575548 
-0.00094453 0.00199077 1.1630e+00 -6.115e+01 0.1299491 0.000 0.0724234 0.0575258 
-0.00094453 0.00232257 1.1732e+00 -6.086e+01 0.1299527 0.000 0.0724407 0.0575122 
-0.00094453 0.00265437 1.1888e+00 -6.028e+01 0.1299316 0.000 0.0724653 0.0574661 
-0.00094453 0.00298616 1.2072e+00 -5.958e+01 0.1299381 0.000 0.0724342 0.0575040 
-0.00094453 0.00331796 1.2263e+00 -5.888e+01 0.1299499 0.000 0.0723916 0.0575584 
-0.00094453 0.00364975 1.2453e+00 -5.819e+01 0.1299567 0.000 0.0723129 0.0576437 
-0.00094453 0.00398155 1.2628e+00 -5.761e+01 0.1299415 0.000 0.0723206 0.0576208 
-0.00094453 0.00431334 1.2790e+00 -5.708e+01 0.1299372 0.000 0.0724564 0.0574806 
-0.00094453 0.00464514 1.2928e+00 -5.669e+01 0.1299488 0.000 0.0724574 0.0574913 
-0.00094453 0.00497693 1.3051e+00 -5.631e+01 0.1299450 0.000 0.0724210 0.0575240 
-0.00094453 0.00530873 1.3159e+00 -5.598e+01 0.1299334 0.000 0.0724225 0.0575110 
-0.00094453 0.00564053 1.3249e+00 -5.570e+01 0.1299588 0.000 0.0724119 0.0575469 
-0.00094453 0.00597232 1.3328e+00 -5.543e+01 0.1299483 0.000 0.0721776 0.0577705 
-0.00094453 0.00630412 1.3407e+00 -5.509e+01 0.1299468 0.000 0.0720995 0.0578474 
-0.00094453 0.00663591 1.3450e+00 -5.501e+01 0.1299531 0.000 0.0723640 0.0575891 
-0.00094453 0.00696771 1.3493e+00 -5.488e+01 0.1299577 0.000 0.0723943 0.0575634 
-0.00094453 0.00729950 1.3527e+00 -5.477e+01 0.1299994 0.000 0.0723111 0.0576884 
-0.00094453 0.00763130 1.3552e+00 -5.472e+01 0.1299549 0.000 0.0724235 0.0575315 
-0.00094453 0.00796310 1.3570e+00 -5.469e+01 0.1299715 0.000 0.0724019 0.0575697 
-0.00111042 0.00000000 1.2273e+00 -6.021e+01 0.1299475 0.000 0.0720127 0.0579351 
-0.00111042 0.00033180 1.2037e+00 -6.055e+01 0.1299469 0.000 0.0721502 0.0577967 
-0.00111042 0.00066359 1.1806e+00 -6.092e+01 0.1299403 0.000 0.0723048 0.0576355 
-0.00111042 0.00099539 1.1605e+00 -6.120e+01 0.1299727 0.000 0.0723023 0.0576704 
-0.00111042 0.00132718 1.1459e+00 -6.122e+01 0.1299499 0.000 0.0723477 0.0576023 
-0.00111042 0.00165898 1.1360e+00 -6.123e+01 0.1299284 0.000 0.0722439 0.0576844 
-0.00111042 0.00199077 1.1327e+00 -6.107e+01 0.1299631 0.000 0.0722559 0.0577073 
-0.00111042 0.00232257 1.1360e+00 -6.072e+01 0.1299449 0.000 0.0722908 0.0576541 
-0.00111042 0.00265437 1.1449e+00 -6.023e+01 0.1299312 0.000 0.0723191 0.0576121 
-0.00111042 0.00298616 1.1572e+00 -5.971e+01 0.1299441 0.000 0.0723282 0.0576159 
-0.00111042 0.00331796 1.1739e+00 -5.897e+01 0.1299341 0.000 0.0723487 0.0575856 
-0.00111042 0.00364975 1.1902e+00 -5.840e+01 0.1299601 0.000 0.0723857 0.0575743 
-0.00111042 0.00398155 1.2079e+00 -5.773e+01 0.1299439 0.000 0.0723193 0.0576245 
-0.00111042 0.00431334 1.2241e+00 -5.720e+01 0.1299499 0.000 0.0722916 0.0576584 
-0.00111042 0.00464514 1.2391e+00 -5.675e+01 0.1299371 0.000 0.0725046 0.0574325 
-0.00111042 0.00497693 1.2524e+00 -5.637e+01 0.1299638 0.000 0.0724514 0.0575122 
-0.00111042 0.00530873 1.2651e+00 -5.596e+01 0.1299426 0.000 0.0723859 0.0575568 
-0.00111042 0.00564053 1.2757e+00 -5.566e+01 0.1299517 0.000 0.0721266 0.0578253 
-0.00111042 0.00597232 1.2847e+00 -5.542e+01 0.1299700 0.000 0.0721759 0.0577940 
-0.00111042 0.00630412 1.2928e+00 -5.517e+01 0.1299475 0.000 0.0721531 0.0577944 
-0.00111042 0.00663591 1.2995e+00 -5.498e+01 0.1299721 0.000 0.0721519 0.0578202 
-0.00111042 0.00696771 1.3050e+00 -5.484e+01 0.1299627 0.000 0.0721507 0.0578121 
-0.00111042 0.00729950 1.3095e+00 -5.473e+01 0.1299530 0.000 0.0721718 0.0577812 
-0.00111042 0.00763130 1.3124e+00 -5.473e+01 0.1299669 0.000 0.0722376 0.0577294 
-0.00111042 0.00796310 1.3162e+00 -5.460e+01 0.1299467 0.000 0.0721679 0.0577789 
-0.00127632 0.00000000 1.2472e+00 -6.048e+01 0.1299740 0.000 0.0722704 0.0577036 
-0.00127632 0.00033180 1.2199e+00 -6.085e+01 0.1299758 0.000 0.0723642 0.0576116 
-0.00127632 0.00066359 1.1924e+00 -6.116e+01 0.1299652 0.000 0.0724490 0.0575162 
-0.00127632 0.00099539 1.1665e+00 -6.135e+01 0.1299461 0.000 0.0726158 0.0573304 
-0.00127632 0.00132718 1.1443e+00 -6.135e+01 0.1299598 0.000 0.0725621 0.0573976 
-0.00127632 0.00165898 1.1271e+00 -6.121e+01 0.1299446 0.000 0.0723499 0.0575948 
-0.00127632 0.00199077 1.1154e+00 -6.098e+01 0.1299559 0.000 0.0722276 0.0577284 
-0.00127632 0.00232257 1.1107e+00 -6.060e+01 0.1299451 0.000 0.0722787 0.0576664 
-0.00127632 0.00265437 1.1127e+00 -6.006e+01 0.1299511 0.000 0.0719327 0.0580182 
-0.00127632 0.00298616 1.1192e+00 -5.955e+01 0.1299535 0.000 0.0719103 0.0580430 
-0.00127632 0.00331796 1.1302e+00 -5.895e+01 0.1299330 0.000 0.0719833 0.0579500 
-0.00127632 0.00364975 1.1441e+00 -5.831e+01 0.1299529 0.000 0.0719238 0.0580291 
-0.00127632 0.00398155 1.1587e+00 -5.778e+01 0.1299423 0.000 0.0720696 0.0578727 
-0.00127632 0.00431334 1.1742e+00 -5.724e+01 0.1299635 0.000 0.0721167 0.0578467 
-0.00127632 0.00464514 1.1893e+00 -5.677e+01 0.1299499 0.000 0.0722878 0.0576622 
-0.00127632 0.00497693 1.2032e+00 -5.638e+01 0.1299620 0.000 0.0722984 0.0576635 
-0.00127632 0.00530873 1.2165e+00 -5.599e+01 0.1299350 0.000 0.0722980 0.0576370 
-0.00127632 0.00564053 1.2278e+00 -5.571e+01 0.1299452 0.000 0.0721336 0.0578116 
-0.00127632 0.00597232 1.2386e+00 -5.539e+01 0.1299416 0.000 0.0721106 0.0578308 
-0.00127632 0.00630412 1.2473e+00 -5.521e+01 0.1299454 0.000 0.0721423 0.0578031 
-0.00127632 0.00663591 1.2552e+00 -5.501e+01 0.1299477 0.000 0.0721002 0.0578474 
-0.00127632 0.00696771 1.2618e+00 -5.486e+01 0.1299685 0.000 0.0721499 0.0578185 
-0.00127632 0.00729950 1.2678e+00 -5.471e+01 0.1299486 0.000 0.0721099 0.0578387 
-0.00127632 0.00763130 1.2718e+00 -5.470e+01 0.1299441 0.000 0.0721888 0.0577556 
-0.00127632 0.00796310 1.2762e+00 -5.459e+01 0.1299477 0.000 0.0722466 0.0577009 
-0.00144222 0.00000000 1.2730e+00 -6.070e+01 0.1299706 0.000 0.0720779 0.0578927 
-0.00144222 0.00033180 1.2441e+00 -6.096e+01 0.1299620 0.000 0.0721890 0.0577732 
-0.00144222 0.00066359 1.2138e+00 -6.119e+01 0.1299535 0.000 0.0722951 0.0576584 
-0.00144222 0.00099539 1.1824e+00 -6.146e+01 0.1299815 0.000 0.0723958 0.0575857 
-0.00144222 0.00132718 1.1533e+00 -6.152e+01 0.1299714 0.000 0.0724427 0.0575287 
-0.00144222 0.00165898 1.1292e+00 -6.129e+01 0.1299546 0.000 0.0721430 0.0578118 
-0.00144222 0.00199077 1.1110e+00 -6.086e+01 0.1299533 0.000 0.0722300 0.0577232 
-0.00144222 0.00232257 1.0984e+00 -6.039e+01 0.1299382 0.000 0.0721527 0.0577856 
-0.00144222 0.00265437 1.0925e+00 -5.985e+01 0.1299416 0.000 0.0719406 0.0580009 
-0.00144222 0.00298616 1.0914e+00 -5.940e+01 0.1299534 0.000 0.0717972 0.0581563 
-0.00144222 0.00331796 1.0968e+00 -5.880e+01 0.1299364 0.000 0.0717791 0.0581573 
-0.00144222 0.00364975 1.1061e+00 -5.822e+01 0.1299479 0.000 0.0718954 0.0580527 
-0.00144222 0.00398155 1.1174e+00 -5.772e+01 0.1299639 0.000 0.0719103 0.0580538 
-0.00144222 0.00431334 1.1305e+00 -5.723e+01 0.1299443 0.000 0.0719729 0.0579713 
-0.00144222 0.00464514 1.1441e+00 -5.681e+01 0.1299330 0.000 0.0720084 0.0579243 
-0.00144222 0.00497693 1.1572e+00 -5.648e+01 0.1299500 0.000 0.0720131 0.0579370 
-0.00144222 0.00530873 1.1702e+00 -5.614e+01 0.1299558 0.000 0.0721547 0.0578011 
-0.00144222 0.00564053 1.1831e+00 -5.575e+01 0.1299431 0.000 0.0721000 0.0578431 
-0.00144222 0.00597232 1.1947e+00 -5.544e+01 0.1299428 0.000 0.0721205 0.0578222 
-0.00144222 0.00630412 1.2039e+00 -5.529e+01 0.1299627 0.000 0.0721922 0.0577705 
-0.00144222 0.00663591 1.2126e+00 -5.510e+01 0.1299463 0.000 0.0721733 0.0577732 
-0.00144222 0.00696771 1.2198e+00 -5.500e+01 0.1299415 0.000 0.0722415 0.0577001 
-0.00144222 0.00729950 1.2265e+00 -5.487e+01 0.1299396 0.000 0.0722542 0.0576854 
-0.00144222 0.00763130 1.2332e+00 -5.467e+01 0.1299390 0.000 0.0721821 0.0577569 
-0.00144222 0.00796310 1.2379e+00 -5.462e+01 0.1299399 0.000 0.0722147 0.0577252 
-0.00160812 0.00000000 1.3035e+00 -6.071e+01 0.1299719 0.000 0.0718769 0.0580951 
-0.00160812 0.00033180 1.2713e+00 -6.111e+01 0.1299762 0.000 0.0720032 0.0579730 
-0.00160812 0.00066359 1.2374e+00 -6.145e+01 0.1299689 0.000 0.0720759 0.0578930 
-0.00160812 0.00099539 1.2030e+00 -6.163e+01 0.1299586 0.000 0.0721870 0.0577716 
-0.00160812 0.00132718 1.1695e+00 -6.165e+01 0.1299755 0.000 0.0723155 0.0576598 
-0.00160812 0.00165898 1.1390e+00 -6.146e+01 0.1299732 0.000 0.0722559 0.0577175 
-0.00160812 0.00199077 1.1146e+00 -6.091e+01 0.1299235 0.000 0.0720130 0.0579105 
-0.00160812 0.00232257 1.0947e+00 -6.043e+01 0.1299552 0.000 0.0719002 0.0580552 
-0.00160812 0.00265437 1.0819e+00 -5.980e+01 0.1299279 0.000 0.0717123 0.0582158 
-0.00160812 0.00298616 1.0740e+00 -5.930e+01 0.1299335 0.000 0.0716978 0.0582358 
-0.00160812 0.00331796 1.0722e+00 -5.881e+01 0.1299474 0.000 0.0716157 0.0583316 
-0.00160812 0.00364975 1.0758e+00 -5.825e+01 0.1299468 0.000 0.0717184 0.0582284 
-0.00160812 0.00398155 1.0833e+00 -5.773e+01 0.1299380 0.000 0.0717141 0.0582240 
-0.00160812 0.00431334 1.0936e+00 -5.725e+01 0.1299431 0.000 0.0717193 0.0582239 
-0.00160812 0.00464514 1.1050e+00 -5.684e+01 0.1299449 0.000 0.0717649 0.0581800 
-0.00160812 0.00497693 1.1172e+00 -5.648e+01 0.1299461 0.000 0.0718655 0.0580804 
-0.00160812 0.00530873 1.1295e+00 -5.615e+01 0.1299582 0.000 0.0719541 0.0580042 
-0.00160812 0.00564053 1.1417e+00 -5.585e+01 0.1299571 0.000 0.0719658 0.0579916 
-0.00160812 0.00597232 1.1529e+00 -5.560e+01 0.1299270 0.000 0.0719975 0.0579294 
-0.00160812 0.00630412 1.1628e+00 -5.544e+01 0.1299700 0.000 0.0720788 0.0578911 
-0.00160812 0.00663591 1.1736e+00 -5.511e+01 0.1299455 0.000 0.0720309 0.0579146 
-0.00160812 0.00696771 1.1819e+00 -5.497e+01 0.1299374 0.000 0.0720512 0.0578859 
-0.00160812 0.00729950 1.1890e+00 -5.488e+01 0.1299622 0.000 0.0720975 0.0578646 
-0.00160812 0.00763130 1.1960e+00 -5.473e+01 0.1299188 0.000 0.0720934 0.0578251 
-0.00160812 0.00796310 1.2015e+00 -5.467e+01 0.1299532 0.000 0.0721242 0.0578291 
-0.00177401 0.00000000 1.3363e+00 -6.086e+01 0.1299903 0.000 0.0725516 0.0574389 
-0.00177401 0.00033180 1.3003e+00 -6.142e+01 0.1299600 0.000 0.0726447 0.0573153 
-0.00177401 0.00066359 1.2630e+00 -6.181e+01 0.1299655 0.000 0.0727135 0.0572520 
-0.00177401 0.00099539 1.2271e+00 -6.175e+01 0.1299707 0.000 0.0720695 0.0579013 
-0.00177401 0.00132718 1.1903e+00 -6.170e+01 0.1299698 0.000 0.0721499 0.0578198 
-0.00177401 0.00165898 1.1556e+00 -6.146e+01 0.1299682 0.000 0.0722444 0.0577236 
-0.00177401 0.00199077 1.1246e+00 -6.107e+01 0.1299711 0.000 0.0721774 0.0577938 
-0.00177401 0.00232257 1.0991e+00 -6.052e+01 0.1299386 0.000 0.0719843 0.0579543 
-0.00177401 0.00265437 1.0788e+00 -5.998e+01 0.1299264 0.000 0.0718696 0.0580568 
-0.00177401 0.00298616 1.0650e+00 -5.942e+01 0.1299427 0.000 0.0715762 0.0583664 
-0.00177401 0.00331796 1.0571e+00 -5.888e+01 0.1299344 0.000 0.0714471 0.0584873 
-0.00177401 0.00364975 1.0547e+00 -5.839e+01 0.1299534 0.000 0.0714538 0.0584996 
-0.00177401 0.00398155 1.0580e+00 -5.781e+01 0.1299497 0.000 0.0714072 0.0585426 
-0.00177401 0.00431334 1.0644e+00 -5.731e+01 0.1299453 0.000 0.0713508 0.0585946 
-0.00177401 0.00464514 1.0730e+00 -5.691e+01 0.1299633 0.000 0.0713719 0.0585913 
-0.00177401 0.00497693 1.0836e+00 -5.650e+01 0.1299505 0.000 0.0713791 0.0585713 
-0.00177401 0.00530873 1.0948e+00 -5.615e+01 0.1299611 0.000 0.0714935 0.0584677 
-0.00177401 0.00564053 1.1065e+00 -5.581e+01 0.1299525 0.000 0.0715896 0.0583628 
-0.00177401 0.00597232 1.1172e+00 -5.559e+01 0.1299578 0.000 0.0718014 0.0581563 
-0.00177401 0.00630412 1.1284e+00 -5.530e+01 0.1299345 0.000 0.0716078 0.0583268 
-0.00177401 0.00663591 1.1377e+00 -5.516e+01 0.1299419 0.000 0.0716281 0.0583138 
-0.00177401 0.00696771 1.1462e+00 -5.504e+01 0.1299375 0.000 0.0716794 0.0582581 
-0.00177401 0.00729950 1.1539e+00 -5.495e+01 0.1299422 0.000 0.0717047 0.0582375 
-0.00177401 0.00763130 1.1607e+00 -5.488e+01 0.1299450 0.000 0.0717275 0.0582175 
-0.00177401 0.00796310 1.1668e+00 -5.483e+01 0.1299696 0.000 0.0717831 0.0581864 
-0.00193991 0.00000000 1.3757e+00 -6.087e+01 0.1299660 0.000 0.0724274 0.0575388 
-0.00193991 0.00033180 1.3362e+00 -6.143e+01 0.1299629 0.000 0.0725214 0.0574416 
-0.00193991 0.00066359 1.2949e+00 -6.190e+01 0.1299786 0.000 0.0725970 0.0573816 
-0.00193991 0.00099539 1.2540e+00 -6.202e+01 0.1299935 0.000 0.0726818 0.0573117 
-0.00193991 0.00132718 1.2140e+00 -6.193e+01 0.1299762 0.000 0.0727344 0.0572418 
-0.00193991 0.00165898 1.1775e+00 -6.144e+01 0.1299553 0.000 0.0721297 0.0578257 
-0.00193991 0.00199077 1.1420e+00 -6.109e+01 0.1299791 0.000 0.0721982 0.0577808 
-0.00193991 0.00232257 1.1110e+00 -6.061e+01 0.1299705 0.000 0.0721352 0.0578355 
-0.00193991 0.00265437 1.0854e+00 -6.010e+01 0.1299573 0.000 0.0716558 0.0583014 
-0.00193991 0.00298616 1.0649e+00 -5.963e+01 0.1299599 0.000 0.0717020 0.0582579 
-0.00193991 0.00331796 1.0512e+00 -5.910e+01 0.1299576 0.000 0.0715059 0.0584517 
-0.00193991 0.00364975 1.0435e+00 -5.856e+01 0.1299521 0.000 0.0713638 0.0585882 
-0.00193991 0.00398155 1.0410e+00 -5.804e+01 0.1299383 0.000 0.0714136 0.0585247 
-0.00193991 0.00431334 1.0431e+00 -5.754e+01 0.1299585 0.000 0.0713954 0.0585630 
-0.00193991 0.00464514 1.0492e+00 -5.701e+01 0.1299297 0.000 0.0712421 0.0586876 
-0.00193991 0.00497693 1.0570e+00 -5.660e+01 0.1299479 0.000 0.0712475 0.0587003 
-0.00193991 0.00530873 1.0663e+00 -5.622e+01 0.1299449 0.000 0.0713045 0.0586404 
-0.00193991 0.00564053 1.0771e+00 -5.582e+01 0.1299314 0.000 0.0714500 0.0584814 
-0.00193991 0.00597232 1.0876e+00 -5.552e+01 0.1299506 0.000 0.0714666 0.0584841 
-0.00193991 0.00630412 1.0977e+00 -5.529e+01 0.1299625 0.000 0.0715455 0.0584169 
-0.00193991 0.00663591 1.1077e+00 -5.505e+01 0.1299586 0.000 0.0715061 0.0584526 
-0.00193991 0.00696771 1.1163e+00 -5.494e+01 0.1299435 0.000 0.0715246 0.0584189 
-0.00193991 0.00729950 1.1238e+00 -5.488e+01 0.1299466 0.000 0.0715583 0.0583881 
-0.00193991 0.00763130 1.1309e+00 -5.482e+01 0.1299477 0.000 0.0715901 0.0583575 
-0.00193991 0.00796310 1.1374e+00 -5.476e+01 0.1299635 0.000 0.0716382 0.0583255 
-0.00210581 0.00000000 1.4222e+00 -6.076e+01 0.1299782 0.000 0.0723105 0.0576676 
-0.00210581 0.00033180 1.3792e+00 -6.137e+01 0.1299770 0.000 0.0724322 0.0575448 
-0.00210581 0.00066359 1.3348e+00 -6.172e+01 0.1299777 0.000 0.0725201 0.0574577 
-0.00210581 0.00099539 1.2897e+00 -6.190e+01 0.1299804 0.000 0.0725544 0.0574260 
-0.00210581 0.00132718 1.2460e+00 -6.182e+01 0.1299657 0.000 0.0726341 0.0573317 
-0.00210581 0.00165898 1.2044e+00 -6.153e+01 0.1299707 0.000 0.0726833 0.0572876 
-0.00210581 0.00199077 1.1657e+00 -6.113e+01 0.1299871 0.000 0.0724823 0.0575048 
-0.00210581 0.00232257 1.1307e+00 -6.068e+01 0.1299811 0.000 0.0721772 0.0578039 
-0.00210581 0.00265437 1.0996e+00 -6.029e+01 0.1299777 0.000 0.0719394 0.0580382 
-0.00210581 0.00298616 1.0744e+00 -5.982e+01 0.1299476 0.000 0.0717021 0.0582454 
-0.00210581 0.00331796 1.0554e+00 -5.931e+01 0.1299351 0.000 0.0714667 0.0584683 
-0.00210581 0.00364975 1.0418e+00 -5.883e+01 0.1299417 0.000 0.0714391 0.0585025 
-0.00210581 0.00398155 1.0345e+00 -5.828e+01 0.1299569 0.000 0.0713196 0.0586375 
-0.00210581 0.00431334 1.0323e+00 -5.772e+01 0.1299519 0.000 0.0713639 0.0585879 
-0.00210581 0.00464514 1.0341e+00 -5.719e+01 0.1299409 0.000 0.0713363 0.0586044 
-0.00210581 0.00497693 1.0385e+00 -5.674e+01 0.1299585 0.000 0.0713268 0.0586316 
-0.00210581 0.00530873 1.0456e+00 -5.630e+01 0.1299549 0.000 0.0711649 0.0587901 
-0.00210581 0.00564053 1.0539e+00 -5.593e+01 0.1299574 0.000 0.0711687 0.0587886 
-0.00210581 0.00597232 1.0630e+00 -5.560e+01 0.1299586 0.000 0.0712650 0.0586934 
-0.00210581 0.00630412 1.0727e+00 -5.529e+01 0.1299748 0.000 0.0711315 0.0588434 
-0.00210581 0.00663591 1.0820e+00 -5.505e+01 0.1299647 0.000 0.0712423 0.0587223 
-0.00210581 0.00696771 1.0914e+00 -5.481e+01 0.1299414 0.000 0.0713553 0.0585860 
-0.00210581 0.00729950 1.0995e+00 -5.467e+01 0.1299456 0.000 0.0713843 0.0585613 
-0.00210581 0.00763130 1.1064e+00 -5.463e+01 0.1299697 0.000 0.0714331 0.0585367 
-0.00210581 0.00796310 1.1125e+00 -5.463e+01 0.1299666 0.000 0.0714448 0.0585219 
-0.00227171 0.00000000 1.4745e+00 -6.063e+01 0.1299805 0.000 0.0720228 0.0579576 
-0.00227171 0.00033180 1.4292e+00 -6.124e+01 0.1299713 0.000 0.0722405 0.0577308 
-0.00227171 0.00066359 1.3810e+00 -6.166e+01 0.1299731 0.000 0.0723127 0.0576604 
-0.00227171 0.00099539 1.3327e+00 -6.176e+01 0.1299700 0.000 0.0724110 0.0575592 
-0.00227171 0.00132718 1.2855e+00 -6.163e+01 0.1299773 0.000 0.0725621 0.0574151 
-0.00227171 0.00165898 1.2390e+00 -6.153e+01 0.1299802 0.000 0.0725989 0.0573811 
-0.00227171 0.00199077 1.1964e+00 -6.119e+01 0.1299579 0.000 0.0726336 0.0573242 
-0.00227171 0.00232257 1.1579e+00 -6.076e+01 0.1299658 0.000 0.0721359 0.0578301 
-0.00227171 0.00265437 1.1230e+00 -6.038e+01 0.1299787 0.000 0.0720606 0.0579182 
-0.00227171 0.00298616 1.0934e+00 -5.994e+01 0.1299643 0.000 0.0718808 0.0580835 
-0.00227171 0.00331796 1.0690e+00 -5.952e+01 0.1299798 0.000 0.0716626 0.0583170 
-0.00227171 0.00364975 1.0507e+00 -5.902e+01 0.1299515 0.000 0.0714743 0.0584772 
-0.00227171 0.00398155 1.0385e+00 -5.846e+01 0.1299376 0.000 0.0712963 0.0586413 
-0.00227171 0.00431334 1.0309e+00 -5.796e+01 0.1299445 0.000 0.0713578 0.0585868 
-0.00227171 0.00464514 1.0282e+00 -5.741e+01 0.1299500 0.000 0.0712358 0.0587143 
-0.00227171 0.00497693 1.0295e+00 -5.688e+01 0.1299506 0.000 0.0710731 0.0588773 
-0.00227171 0.00530873 1.0334e+00 -5.640e+01 0.1299599 0.000 0.0711217 0.0588381 
-0.00227171 0.00564053 1.0395e+00 -5.594e+01 0.1299377 0.000 0.0711113 0.0588265 
-0.00227171 0.00597232 1.0466e+00 -5.558e+01 0.1299333 0.000 0.0711265 0.0588069 
-0.00227171 0.00630412 1.0549e+00 -5.522e+01 0.1299376 0.000 0.0710954 0.0588422 
-0.00227171 0.00663591 1.0633e+00 -5.493e+01 0.1299369 0.000 0.0710964 0.0588406 
-0.00227171 0.00696771 1.0715e+00 -5.471e+01 0.1299386 0.000 0.0711124 0.0588263 
-0.00227171 0.00729950 1.0791e+00 -5.456e+01 0.1299580 0.000 0.0711560 0.0588019 
-0.00227171 0.00763130 1.0867e+00 -5.441e+01 0.1299413 0.000 0.0711996 0.0587419 
-0.00227171 0.00796310 1.0934e+00 -5.432e+01 0.1299435 0.000 0.0712320 0.0587116 
-0.00243761 0.00000000 1.5294e+00 -6.067e+01 0.1299669 0.000 0.0718540 0.0581128 
-0.00243761 0.00033180 1.4841e+00 -6.117e+01 0.1299864 0.000 0.0720133 0.0579731 
-0.00243761 0.00066359 1.4344e+00 -6.150e+01 0.1299888 0.000 0.0721038 0.0578853 
-0.00243761 0.00099539 1.3829e+00 -6.162e+01 0.1299745 0.000 0.0723354 0.0576392 
-0.00243761 0.00132718 1.3314e+00 -6.160e+01 0.1299799 0.000 0.0724318 0.0575481 
-0.00243761 0.00165898 1.2823e+00 -6.137e+01 0.1299745 0.000 0.0725282 0.0574463 
-0.00243761 0.00199077 1.2352e+00 -6.117e+01 0.1299760 0.000 0.0725506 0.0574254 
-0.00243761 0.00232257 1.1923e+00 -6.086e+01 0.1299695 0.000 0.0725862 0.0573834 
-0.00243761 0.00265437 1.1538e+00 -6.051e+01 0.1299765 0.000 0.0725260 0.0574505 
-0.00243761 0.00298616 1.1202e+00 -6.011e+01 0.1299818 0.000 0.0720558 0.0579259 
-0.00243761 0.00331796 1.0919e+00 -5.965e+01 0.1299786 0.000 0.0717723 0.0582065 
-0.00243761 0.00364975 1.0689e+00 -5.918e+01 0.1299667 0.000 0.0717092 0.0582575 
-0.00243761 0.00398155 1.0518e+00 -5.866e+01 0.1299475 0.000 0.0713834 0.0585641 
-0.00243761 0.00431334 1.0389e+00 -5.820e+01 0.1299614 0.000 0.0714563 0.0585051 
-0.00243761 0.00464514 1.0317e+00 -5.765e+01 0.1299379 0.000 0.0713365 0.0586012 
-0.00243761 0.00497693 1.0282e+00 -5.715e+01 0.1299479 0.000 0.0712242 0.0587239 
-0.00243761 0.00530873 1.0286e+00 -5.662e+01 0.1299348 0.000 0.0711030 0.0588317 
-0.00243761 0.00564053 1.0313e+00 -5.617e+01 0.1299488 0.000 0.0710911 0.0588576 
-0.00243761 0.00597232 1.0359e+00 -5.575e+01 0.1299578 0.000 0.0710973 0.0588607 
-0.00243761 0.00630412 1.0422e+00 -5.536e+01 0.1299388 0.000 0.0709963 0.0589425 
-0.00243761 0.00663591 1.0493e+00 -5.500e+01 0.1299358 0.000 0.0710047 0.0589312 
-0.00243761 0.00696771 1.0565e+00 -5.472e+01 0.1299396 0.000 0.0710610 0.0588785 
-0.00243761 0.00729950 1.0639e+00 -5.447e+01 0.1299602 0.000 0.0710310 0.0589293 
-0.00243761 0.00763130 1.0707e+00 -5.431e+01 0.1299580 0.000 0.0710545 0.0589033 
-0.00243761 0.00796310 1.0773e+00 -5.416e+01 0.1299525 0.000 0.0709748 0.0589778 
-0.00260350 0.00000000 1.5858e+00 -6.071e+01 0.1299725 0.000 0.0717069 0.0582656 
-0.00260350 0.00033180 1.5422e+00 -6.108e+01 0.1299621 0.000 0.0718426 0.0581193 
-0.00260350 0.00066359 1.4920e+00 -6.141e+01 0.1299705 0.000 0.0719703 0.0580003 
-0.00260350 0.00099539 1.4393e+00 -6.143e+01 0.1299686 0.000 0.0722120 0.0577565 
-0.00260350 0.00132718 1.3853e+00 -6.139e+01 0.1299669 0.000 0.0722900 0.0576767 
-0.00260350 0.00165898 1.3322e+00 -6.128e+01 0.1299734 0.000 0.0723814 0.0575919 
-0.00260350 0.00199077 1.2817e+00 -6.111e+01 0.1299634 0.000 0.0724752 0.0574884 
-0.00260350 0.00232257 1.2346e+00 -6.092e+01 0.1299721 0.000 0.0724997 0.0574725 
-0.00260350 0.00265437 1.1920e+00 -6.066e+01 0.1299774 0.000 0.0725445 0.0574330 
-0.00260350 0.00298616 1.1545e+00 -6.030e+01 0.1299732 0.000 0.0725234 0.0574499 
-0.00260350 0.00331796 1.1217e+00 -5.994e+01 0.1299752 0.000 0.0719987 0.0579765 
-0.00260350 0.00364975 1.0942e+00 -5.952e+01 0.1299658 0.000 0.0716890 0.0582768 
-0.00260350 0.00398155 1.0719e+00 -5.906e+01 0.1299812 0.000 0.0716310 0.0583502 
-0.00260350 0.00431334 1.0555e+00 -5.850e+01 0.1299139 0.000 0.0714561 0.0584578 
-0.00260350 0.00464514 1.0434e+00 -5.797e+01 0.1299173 0.000 0.0713637 0.0585537 
-0.00260350 0.00497693 1.0356e+00 -5.746e+01 0.1299483 0.000 0.0712195 0.0587289 
-0.00260350 0.00530873 1.0314e+00 -5.698e+01 0.1299765 0.000 0.0711741 0.0588025 
-0.00260350 0.00564053 1.0309e+00 -5.645e+01 0.1299520 0.000 0.0711389 0.0588132 
-0.00260350 0.00597232 1.0326e+00 -5.599e+01 0.1299505 0.000 0.0710169 0.0589335 
-0.00260350 0.00630412 1.0361e+00 -5.558e+01 0.1299424 0.000 0.0710108 0.0589316 
-0.00260350 0.00663591 1.0408e+00 -5.521e+01 0.1299499 0.000 0.0710518 0.0588983 
-0.00260350 0.00696771 1.0464e+00 -5.488e+01 0.1299557 0.000 0.0710097 0.0589462 
-0.00260350 0.00729950 1.0527e+00 -5.457e+01 0.1299353 0.000 0.0710119 0.0589233 
-0.00260350 0.00763130 1.0593e+00 -5.430e+01 0.1299515 0.000 0.0709014 0.0590501 
-0.00260350 0.00796310 1.0649e+00 -5.415e+01 0.1299667 0.000 0.0709336 0.0590328 
-0.00276940 0.00000000 1.6420e+00 -6.066e+01 0.1299859 0.000 0.0716337 0.0583522 
-0.00276940 0.00033180 1.6007e+00 -6.098e+01 0.1299725 0.000 0.0717179 0.0582546 
-0.00276940 0.00066359 1.5524e+00 -6.116e+01 0.1299628 0.000 0.0719813 0.0579815 
-0.00276940 0.00099539 1.4986e+00 -6.133e+01 0.1299698 0.000 0.0719929 0.0579769 
-0.00276940 0.00132718 1.4428e+00 -6.131e+01 0.1299859 0.000 0.0722284 0.0577574 
-0.00276940 0.00165898 1.3870e+00 -6.127e+01 0.1299896 0.000 0.0722463 0.0577435 
-0.00276940 0.00199077 1.3337e+00 -6.111e+01 0.1299920 0.000 0.0723412 0.0576509 
-0.00276940 0.00232257 1.2840e+00 -6.089e+01 0.1299707 0.000 0.0724646 0.0575061 
-0.00276940 0.00265437 1.2379e+00 -6.068e+01 0.1299724 0.000 0.0725011 0.0574712 
-0.00276940 0.00298616 1.1964e+00 -6.043e+01 0.1299774 0.000 0.0724145 0.0575630 
-0.00276940 0.00331796 1.1595e+00 -6.015e+01 0.1299752 0.000 0.0725795 0.0573957 
-0.00276940 0.00364975 1.1282e+00 -5.971e+01 0.1299595 0.000 0.0720399 0.0579195 
-0.00276940 0.00398155 1.1011e+00 -5.935e+01 0.1299778 0.000 0.0718706 0.0581072 
-0.00276940 0.00431334 1.0793e+00 -5.891e+01 0.1299651 0.000 0.0716085 0.0583564 
-0.00276940 0.00464514 1.0631e+00 -5.834e+01 0.1299094 0.000 0.0714562 0.0584532 
-0.00276940 0.00497693 1.0508e+00 -5.784e+01 0.1299594 0.000 0.0712890 0.0586704 
-0.00276940 0.00530873 1.0432e+00 -5.727e+01 0.1299330 0.000 0.0710899 0.0588431 
-0.00276940 0.00564053 1.0380e+00 -5.682e+01 0.1299723 0.000 0.0711752 0.0587971 
-0.00276940 0.00597232 1.0363e+00 -5.632e+01 0.1299449 0.000 0.0711258 0.0588189 
-0.00276940 0.00630412 1.0367e+00 -5.588e+01 0.1299516 0.000 0.0711210 0.0588305 
-0.00276940 0.00663591 1.0391e+00 -5.546e+01 0.1299471 0.000 0.0710097 0.0589373 
-0.00276940 0.00696771 1.0425e+00 -5.510e+01 0.1299641 0.000 0.0710206 0.0589438 
-0.00276940 0.00729950 1.0470e+00 -5.475e+01 0.1299342 0.000 0.0710040 0.0589302 
-0.00276940 0.00763130 1.0522e+00 -5.445e+01 0.1299348 0.000 0.0709702 0.0589644 
-0.00276940 0.00796310 1.0575e+00 -5.419e+01 0.1299349 0.000 0.0709440 0.0589910 
-0.00293530 0.00000000 1.6965e+00 -6.039e+01 0.1299638 0.000 0.0714919 0.0584720 
-0.00293530 0.00033180 1.6579e+00 -6.068e+01 0.1299627 0.000 0.0716230 0.0583397 
-0.00293530 0.00066359 1.6119e+00 -6.082e+01 0.1299804 0.000 0.0717034 0.0582770 
-0.00293530 0.00099539 1.5596e+00 -6.090e+01 0.1299694 0.000 0.0720510 0.0579186 
-0.00293530 0.00132718 1.5026e+00 -6.109e+01 0.1299757 0.000 0.0721089 0.0578669 
-0.00293530 0.00165898 1.4454e+00 -6.113e+01 0.1299552 0.000 0.0721620 0.0577933 
-0.00293530 0.00199077 1.3893e+00 -6.113e+01 0.1299815 0.000 0.0723607 0.0576208 
-0.00293530 0.00232257 1.3364e+00 -6.103e+01 0.1299616 0.000 0.0723646 0.0575970 
-0.00293530 0.00265437 1.2875e+00 -6.086e+01 0.1299808 0.000 0.0724811 0.0574997 
-0.00293530 0.00298616 1.2428e+00 -6.065e+01 0.1299852 0.000 0.0723784 0.0576070 
-0.00293530 0.00331796 1.2029e+00 -6.036e+01 0.1299815 0.000 0.0724389 0.0575424 
-0.00293530 0.00364975 1.1670e+00 -6.009e+01 0.1299765 0.000 0.0725986 0.0573779 
-0.00293530 0.00398155 1.1361e+00 -5.974e+01 0.1299763 0.000 0.0723726 0.0576035 
-0.00293530 0.00431334 1.1111e+00 -5.920e+01 0.1299706 0.000 0.0718726 0.0580980 
-0.00293530 0.00464514 1.0897e+00 -5.877e+01 0.1299739 0.000 0.0715762 0.0583976 
-0.00293530 0.00497693 1.0738e+00 -5.820e+01 0.1299451 0.000 0.0712787 0.0586664 
-0.00293530 0.00530873 1.0614e+00 -5.768e+01 0.1299271 0.000 0.0713290 0.0585980 
-0.00293530 0.00564053 1.0526e+00 -5.719e+01 0.1299573 0.000 0.0712716 0.0586857 
-0.00293530 0.00597232 1.0472e+00 -5.669e+01 0.1299364 0.000 0.0711804 0.0587562 
-0.00293530 0.00630412 1.0439e+00 -5.627e+01 0.1299446 0.000 0.0711564 0.0587881 
-0.00293530 0.00663591 1.0431e+00 -5.584e+01 0.1299543 0.000 0.0710351 0.0589193 
-0.00293530 0.00696771 1.0441e+00 -5.544e+01 0.1299417 0.000 0.0710196 0.0589221 
-0.00293530 0.00729950 1.0463e+00 -5.508e+01 0.1299606 0.000 0.0710333 0.0589273 
-0.00293530 0.00763130 1.0497e+00 -5.473e+01 0.1299367 0.000 0.0710339 0.0589029 
-0.00293530 0.00796310 1.0537e+00 -5.443e+01 0.1299457 0.000 0.0710875 0.0588580 
-0.00310120 0.00000000 1.7454e+00 -6.014e+01 0.1299706 0.000 0.0714008 0.0585699 
-0.00310120 0.00033180 1.7100e+00 -6.036e+01 0.1299740 0.000 0.0715478 0.0584262 
-0.00310120 0.00066359 1.6668e+00 -6.043e+01 0.1299857 0.000 0.0716561 0.0583297 
-0.00310120 0.00099539 1.6160e+00 -6.060e+01 0.1299815 0.000 0.0717861 0.0581955 
-0.00310120 0.00132718 1.5603e+00 -6.078e+01 0.1299748 0.000 0.0720075 0.0579675 
-0.00310120 0.00165898 1.5025e+00 -6.097e+01 0.1299699 0.000 0.0722071 0.0577628 
-0.00310120 0.00199077 1.4456e+00 -6.104e+01 0.1299631 0.000 0.0722579 0.0577051 
-0.00310120 0.00232257 1.3909e+00 -6.105e+01 0.1299730 0.000 0.0723912 0.0575817 
-0.00310120 0.00265437 1.3399e+00 -6.094e+01 0.1299702 0.000 0.0724673 0.0575029 
-0.00310120 0.00298616 1.2927e+00 -6.078e+01 0.1299655 0.000 0.0724000 0.0575658 
-0.00310120 0.00331796 1.2496e+00 -6.059e+01 0.1299610 0.000 0.0724160 0.0575447 
-0.00310120 0.00364975 1.2105e+00 -6.037e+01 0.1299829 0.000 0.0725780 0.0574048 
-0.00310120 0.00398155 1.1759e+00 -6.010e+01 0.1299613 0.000 0.0725193 0.0574419 
-0.00310120 0.00431334 1.1465e+00 -5.968e+01 0.1299641 0.000 0.0720337 0.0579304 
-0.00310120 0.00464514 1.1213e+00 -5.926e+01 0.1299795 0.000 0.0720397 0.0579398 
-0.00310120 0.00497693 1.1012e+00 -5.871e+01 0.1299736 0.000 0.0718199 0.0581538 
-0.00310120 0.00530873 1.0850e+00 -5.820e+01 0.1299614 0.000 0.0716663 0.0582952 
-0.00310120 0.00564053 1.0733e+00 -5.758e+01 0.1299326 0.000 0.0713165 0.0586159 
-0.00310120 0.00597232 1.0641e+00 -5.708e+01 0.1299495 0.000 0.0712976 0.0586518 
-0.00310120 0.00630412 1.0580e+00 -5.659e+01 0.1299636 0.000 0.0711623 0.0588014 
-0.00310120 0.00663591 1.0542e+00 -5.613e+01 0.1299443 0.000 0.0710531 0.0588913 
-0.00310120 0.00696771 1.0520e+00 -5.574e+01 0.1299532 0.000 0.0710654 0.0588876 
-0.00310120 0.00729950 1.0513e+00 -5.540e+01 0.1299545 0.000 0.0710710 0.0588833 
-0.00310120 0.00763130 1.0521e+00 -5.508e+01 0.1299494 0.000 0.0710830 0.0588665 
-0.00310120 0.00796310 1.0539e+00 -5.479e+01 0.1299241 0.000 0.0711742 0.0587500 
-0.00326710 0.00000000 1.7892e+00 -5.970e+01 0.1299526 0.000 0.0713798 0.0585727 
-0.00326710 0.00033180 1.7559e+00 -5.992e+01 0.1299706 0.000 0.0714943 0.0584763 
-0.00326710 0.00066359 1.7146e+00 -6.008e+01 0.1299776 0.000 0.0716097 0.0583678 
-0.00326710 0.00099539 1.6662e+00 -6.025e+01 0.1299657 0.000 0.0717979 0.0581678 
-0.00326710 0.00132718 1.6121e+00 -6.053e+01 0.1299779 0.000 0.0719074 0.0580707 
-0.00326710 0.00165898 1.5554e+00 -6.078e+01 0.1299749 0.000 0.0720680 0.0579070 
-0.00326710 0.00199077 1.4984e+00 -6.098e+01 0.1299706 0.000 0.0722441 0.0577268 
-0.00326710 0.00232257 1.4433e+00 -6.107e+01 0.1299805 0.000 0.0723926 0.0575879 
-0.00326710 0.00265437 1.3918e+00 -6.094e+01 0.1299813 0.000 0.0724754 0.0575060 
-0.00326710 0.00298616 1.3436e+00 -6.076e+01 0.1299725 0.000 0.0724332 0.0575391 
-0.00326710 0.00331796 1.2986e+00 -6.061e+01 0.1299729 0.000 0.0724626 0.0575104 
-0.00326710 0.00364975 1.2571e+00 -6.045e+01 0.1299727 0.000 0.0725326 0.0574401 
-0.00326710 0.00398155 1.2196e+00 -6.024e+01 0.1299770 0.000 0.0726249 0.0573519 
-0.00326710 0.00431334 1.1860e+00 -6.000e+01 0.1299764 0.000 0.0727667 0.0572098 
-0.00326710 0.00464514 1.1575e+00 -5.960e+01 0.1299835 0.000 0.0723427 0.0576408 
-0.00326710 0.00497693 1.1329e+00 -5.920e+01 0.1299762 0.000 0.0721171 0.0578591 
-0.00326710 0.00530873 1.1133e+00 -5.865e+01 0.1299662 0.000 0.0718024 0.0581637 
-0.00326710 0.00564053 1.0974e+00 -5.812e+01 0.1299394 0.000 0.0716748 0.0582645 
-0.00326710 0.00597232 1.0855e+00 -5.752e+01 0.1299483 0.000 0.0713871 0.0585612 
-0.00326710 0.00630412 1.0756e+00 -5.705e+01 0.1299573 0.000 0.0713538 0.0586034 
-0.00326710 0.00663591 1.0688e+00 -5.656e+01 0.1299257 0.000 0.0712898 0.0586358 
-0.00326710 0.00696771 1.0643e+00 -5.610e+01 0.1299331 0.000 0.0711302 0.0588030 
-0.00326710 0.00729950 1.0614e+00 -5.570e+01 0.1299330 0.000 0.0710947 0.0588384 
-0.00326710 0.00763130 1.0594e+00 -5.541e+01 0.1299473 0.000 0.0712657 0.0586817 
-0.00326710 0.00796310 1.0593e+00 -5.508e+01 0.1299353 0.000 0.0712758 0.0586594 
-0.00343299 0.00000000 1.8275e+00 -5.940e+01 0.1299747 0.000 0.0714459 0.0585288 
-0.00343299 0.00033180 1.7961e+00 -5.955e+01 0.1299637 0.000 0.0714719 0.0584918 
-0.00343299 0.00066359 1.7566e+00 -5.977e+01 0.1299703 0.000 0.0715076 0.0584629 
-0.00343299 0.00099539 1.7102e+00 -6.000e+01 0.1299594 0.000 0.0717514 0.0582082 
-0.00343299 0.00132718 1.6581e+00 -6.033e+01 0.1299813 0.000 0.0719100 0.0580712 
-0.00343299 0.00165898 1.6032e+00 -6.062e+01 0.1299821 0.000 0.0720187 0.0579634 
-0.00343299 0.00199077 1.5477e+00 -6.082e+01 0.1299794 0.000 0.0721714 0.0578081 
-0.00343299 0.00232257 1.4930e+00 -6.098e+01 0.1299717 0.000 0.0724231 0.0575485 
-0.00343299 0.00265437 1.4411e+00 -6.095e+01 0.1299678 0.000 0.0724736 0.0574942 
-0.00343299 0.00298616 1.3922e+00 -6.084e+01 0.1299802 0.000 0.0726135 0.0573669 
-0.00343299 0.00331796 1.3465e+00 -6.066e+01 0.1299811 0.000 0.0726532 0.0573278 
-0.00343299 0.00364975 1.3038e+00 -6.049e+01 0.1299841 0.000 0.0726469 0.0573372 
-0.00343299 0.00398155 1.2647e+00 -6.029e+01 0.1299818 0.000 0.0727382 0.0572437 
-0.00343299 0.00431334 1.2285e+00 -6.012e+01 0.1299767 0.000 0.0726994 0.0572775 
-0.00343299 0.00464514 1.1971e+00 -5.978e+01 0.1299659 0.000 0.0723611 0.0576048 
-0.00343299 0.00497693 1.1687e+00 -5.950e+01 0.1299732 0.000 0.0723772 0.0575962 
-0.00343299 0.00530873 1.1447e+00 -5.913e+01 0.1299621 0.000 0.0721739 0.0577883 
-0.00343299 0.00564053 1.1254e+00 -5.860e+01 0.1299717 0.000 0.0718943 0.0580774 
-0.00343299 0.00597232 1.1104e+00 -5.798e+01 0.1299017 0.000 0.0718110 0.0580907 
-0.00343299 0.00630412 1.0979e+00 -5.745e+01 0.1299222 0.000 0.0714722 0.0584500 
-0.00343299 0.00663591 1.0873e+00 -5.704e+01 0.1299559 0.000 0.0714451 0.0585107 
-0.00343299 0.00696771 1.0797e+00 -5.658e+01 0.1299544 0.000 0.0713384 0.0586161 
-0.00343299 0.00729950 1.0738e+00 -5.621e+01 0.1299429 0.000 0.0714009 0.0585420 
-0.00343299 0.00763130 1.0699e+00 -5.582e+01 0.1299295 0.000 0.0713966 0.0585328 
-0.00343299 0.00796310 1.0675e+00 -5.549e+01 0.1299288 0.000 0.0713285 0.0586003 
-0.00359889 0.00000000 1.8658e+00 -5.914e+01 0.1299640 0.000 0.0713637 0.0586004 
-0.00359889 0.00033180 1.8342e+00 -5.939e+01 0.1299716 0.000 0.0715815 0.0583901 
-0.00359889 0.00066359 1.7953e+00 -5.969e+01 0.1299760 0.000 0.0716354 0.0583406 
-0.00359889 0.00099539 1.7506e+00 -5.996e+01 0.1299664 0.000 0.0716490 0.0583175 
-0.00359889 0.00132718 1.7007e+00 -6.026e+01 0.1299742 0.000 0.0718283 0.0581459 
-0.00359889 0.00165898 1.6480e+00 -6.053e+01 0.1299962 0.000 0.0719760 0.0580204 
-0.00359889 0.00199077 1.5946e+00 -6.067e+01 0.1299626 0.000 0.0721022 0.0578605 
-0.00359889 0.00232257 1.5412e+00 -6.082e+01 0.1299577 0.000 0.0723173 0.0576403 
-0.00359889 0.00265437 1.4892e+00 -6.089e+01 0.1299655 0.000 0.0724286 0.0575369 
-0.00359889 0.00298616 1.4400e+00 -6.084e+01 0.1299698 0.000 0.0725684 0.0574013 
-0.00359889 0.00331796 1.3934e+00 -6.076e+01 0.1299792 0.000 0.0726829 0.0572964 
-0.00359889 0.00364975 1.3503e+00 -6.054e+01 0.1299714 0.000 0.0726698 0.0573016 
-0.00359889 0.00398155 1.3096e+00 -6.040e+01 0.1299814 0.000 0.0727546 0.0572267 
-0.00359889 0.00431334 1.2720e+00 -6.023e+01 0.1299649 0.000 0.0728008 0.0571641 
-0.00359889 0.00464514 1.2383e+00 -5.995e+01 0.1299689 0.000 0.0723639 0.0576050 
-0.00359889 0.00497693 1.2072e+00 -5.972e+01 0.1299751 0.000 0.0724051 0.0575698 
-0.00359889 0.00530873 1.1796e+00 -5.947e+01 0.1299767 0.000 0.0724038 0.0575729 
-0.00359889 0.00564053 1.1566e+00 -5.907e+01 0.1299692 0.000 0.0724005 0.0575686 
-0.00359889 0.00597232 1.1372e+00 -5.862e+01 0.1299800 0.000 0.0719599 0.0580200 
-0.00359889 0.00630412 1.1217e+00 -5.808e+01 0.1299541 0.000 0.0718727 0.0580814 
-0.00359889 0.00663591 1.1086e+00 -5.762e+01 0.1299567 0.000 0.0717705 0.0581862 
-0.00359889 0.00696771 1.0982e+00 -5.716e+01 0.1299773 0.000 0.0718775 0.0580998 
-0.00359889 0.00729950 1.0906e+00 -5.666e+01 0.1299366 0.000 0.0715978 0.0583388 
-0.00359889 0.00763130 1.0841e+00 -5.629e+01 0.1299621 0.000 0.0714649 0.0584972 
-0.00359889 0.00796310 1.0797e+00 -5.592e+01 0.1299404 0.000 0.0714113 0.0585291 
-0.00376479 0.00000000 1.9094e+00 -5.891e+01 0.1299718 0.000 0.0714784 0.0584935 
-0.00376479 0.00033180 1.8765e+00 -5.933e+01 0.1299702 0.000 0.0715242 0.0584458 
-0.00376479 0.00066359 1.8375e+00 -5.968e+01 0.1299635 0.000 0.0717007 0.0582631 
-0.00376479 0.00099539 1.7934e+00 -5.998e+01 0.1299614 0.000 0.0717981 0.0581631 
-0.00376479 0.00132718 1.7451e+00 -6.022e+01 0.1299741 0.000 0.0720232 0.0579507 
-0.00376479 0.00165898 1.6943e+00 -6.038e+01 0.1299750 0.000 0.0719801 0.0579948 
-0.00376479 0.00199077 1.6418e+00 -6.058e+01 0.1299663 0.000 0.0721444 0.0578220 
-0.00376479 0.00232257 1.5894e+00 -6.070e+01 0.1299678 0.000 0.0723275 0.0576405 
-0.00376479 0.00265437 1.5376e+00 -6.084e+01 0.1299758 0.000 0.0724361 0.0575397 
-0.00376479 0.00298616 1.4879e+00 -6.087e+01 0.1299861 0.000 0.0725830 0.0574031 
-0.00376479 0.00331796 1.4409e+00 -6.081e+01 0.1299737 0.000 0.0727017 0.0572718 
-0.00376479 0.00364975 1.3975e+00 -6.058e+01 0.1299775 0.000 0.0727185 0.0572590 
-0.00376479 0.00398155 1.3558e+00 -6.046e+01 0.1299708 0.000 0.0727815 0.0571892 
-0.00376479 0.00431334 1.3166e+00 -6.035e+01 0.1299706 0.000 0.0728429 0.0571277 
-0.00376479 0.00464514 1.2806e+00 -6.018e+01 0.1299750 0.000 0.0728744 0.0571006 
-0.00376479 0.00497693 1.2482e+00 -5.992e+01 0.1299562 0.000 0.0723948 0.0575614 
-0.00376479 0.00530873 1.2178e+00 -5.974e+01 0.1299719 0.000 0.0724372 0.0575346 
-0.00376479 0.00564053 1.1905e+00 -5.957e+01 0.1299874 0.000 0.0724395 0.0575480 
-0.00376479 0.00597232 1.1678e+00 -5.921e+01 0.1299645 0.000 0.0724149 0.0575498 
-0.00376479 0.00630412 1.1489e+00 -5.877e+01 0.1299796 0.000 0.0720341 0.0579456 
-0.00376479 0.00663591 1.1336e+00 -5.824e+01 0.1299203 0.000 0.0718938 0.0580264 
-0.00376479 0.00696771 1.1205e+00 -5.777e+01 0.1299383 0.000 0.0719309 0.0580073 
-0.00376479 0.00729950 1.1102e+00 -5.729e+01 0.1299292 0.000 0.0719313 0.0579981 
-0.00376479 0.00763130 1.1017e+00 -5.685e+01 0.1299208 0.000 0.0718445 0.0580759 
-0.00376479 0.00796310 1.0951e+00 -5.645e+01 0.1299574 0.000 0.0716865 0.0582711 
-0.00393069 0.00000000 1.9618e+00 -5.893e+01 0.1299761 0.000 0.0712148 0.0587612 
-0.00393069 0.00033180 1.9271e+00 -5.943e+01 0.1299716 0.000 0.0715513 0.0584203 
-0.00393069 0.00066359 1.8875e+00 -5.975e+01 0.1299719 0.000 0.0715931 0.0583786 
-0.00393069 0.00099539 1.8429e+00 -6.003e+01 0.1299809 0.000 0.0715723 0.0584086 
-0.00393069 0.00132718 1.7948e+00 -6.024e+01 0.1299676 0.000 0.0717745 0.0581931 
-0.00393069 0.00165898 1.7442e+00 -6.040e+01 0.1299582 0.000 0.0719792 0.0579791 
-0.00393069 0.00199077 1.6924e+00 -6.053e+01 0.1299670 0.000 0.0722023 0.0577649 
-0.00393069 0.00232257 1.6398e+00 -6.069e+01 0.1299722 0.000 0.0723329 0.0576393 
-0.00393069 0.00265437 1.5886e+00 -6.075e+01 0.1299688 0.000 0.0724869 0.0574819 
-0.00393069 0.00298616 1.5385e+00 -6.081e+01 0.1299572 0.000 0.0725465 0.0574108 
-0.00393069 0.00331796 1.4907e+00 -6.081e+01 0.1299748 0.000 0.0726790 0.0572958 
-0.00393069 0.00364975 1.4459e+00 -6.066e+01 0.1299921 0.000 0.0727576 0.0572345 
-0.00393069 0.00398155 1.4037e+00 -6.051e+01 0.1299779 0.000 0.0727852 0.0571925 
-0.00393069 0.00431334 1.3633e+00 -6.041e+01 0.1299808 0.000 0.0728166 0.0571644 
-0.00393069 0.00464514 1.3252e+00 -6.036e+01 0.1299647 0.000 0.0729004 0.0570641 
-0.00393069 0.00497693 1.2911e+00 -6.011e+01 0.1299708 0.000 0.0724543 0.0575164 
-0.00393069 0.00530873 1.2593e+00 -5.993e+01 0.1299529 0.000 0.0724560 0.0574970 
-0.00393069 0.00564053 1.2301e+00 -5.974e+01 0.1299686 0.000 0.0724791 0.0574896 
-0.00393069 0.00597232 1.2038e+00 -5.955e+01 0.1299620 0.000 0.0724693 0.0574929 
-0.00393069 0.00630412 1.1807e+00 -5.931e+01 0.1299746 0.000 0.0724635 0.0575111 
-0.00393069 0.00663591 1.1621e+00 -5.889e+01 0.1299560 0.000 0.0723238 0.0576323 
-0.00393069 0.00696771 1.1466e+00 -5.841e+01 0.1299498 0.000 0.0723598 0.0575899 
-0.00393069 0.00729950 1.1335e+00 -5.796e+01 0.1299209 0.000 0.0720587 0.0578624 
-0.00393069 0.00763130 1.1226e+00 -5.752e+01 0.1299278 0.000 0.0720497 0.0578781 
-0.00393069 0.00796310 1.1138e+00 -5.709e+01 0.1299637 0.000 0.0718575 0.0581065 
-0.00409658 0.00000000 2.0249e+00 -5.908e+01 0.1299605 0.000 0.0713917 0.0585686 
-0.00409658 0.00033180 1.9886e+00 -5.960e+01 0.1299627 0.000 0.0715326 0.0584302 
-0.00409658 0.00066359 1.9475e+00 -5.989e+01 0.1299561 0.000 0.0716700 0.0582860 
-0.00409658 0.00099539 1.9007e+00 -6.026e+01 0.1299736 0.000 0.0716455 0.0583281 
-0.00409658 0.00132718 1.8511e+00 -6.047e+01 0.1299772 0.000 0.0718358 0.0581414 
-0.00409658 0.00165898 1.8000e+00 -6.054e+01 0.1299655 0.000 0.0720642 0.0579014 
-0.00409658 0.00199077 1.7476e+00 -6.064e+01 0.1299663 0.000 0.0721607 0.0578057 
-0.00409658 0.00232257 1.6954e+00 -6.063e+01 0.1299577 0.000 0.0723449 0.0576130 
-0.00409658 0.00265437 1.6431e+00 -6.073e+01 0.1299801 0.000 0.0724851 0.0574952 
-0.00409658 0.00298616 1.5923e+00 -6.076e+01 0.1299918 0.000 0.0726294 0.0573623 
-0.00409658 0.00331796 1.5435e+00 -6.076e+01 0.1299680 0.000 0.0727125 0.0572556 
-0.00409658 0.00364975 1.4970e+00 -6.073e+01 0.1299917 0.000 0.0727795 0.0572124 
-0.00409658 0.00398155 1.4536e+00 -6.057e+01 0.1299738 0.000 0.0728235 0.0571504 
-0.00409658 0.00431334 1.4131e+00 -6.036e+01 0.1299760 0.000 0.0721786 0.0577973 
-0.00409658 0.00464514 1.3744e+00 -6.022e+01 0.1299773 0.000 0.0722774 0.0576996 
-0.00409658 0.00497693 1.3374e+00 -6.017e+01 0.1299718 0.000 0.0722661 0.0577057 
-0.00409658 0.00530873 1.3029e+00 -6.012e+01 0.1299742 0.000 0.0725216 0.0574526 
-0.00409658 0.00564053 1.2720e+00 -5.995e+01 0.1299793 0.000 0.0725419 0.0574375 
-0.00409658 0.00597232 1.2431e+00 -5.984e+01 0.1299616 0.000 0.0728138 0.0571478 
-0.00409658 0.00630412 1.2178e+00 -5.962e+01 0.1299679 0.000 0.0726062 0.0573618 
-0.00409658 0.00663591 1.1954e+00 -5.937e+01 0.1299817 0.000 0.0724407 0.0575410 
-0.00409658 0.00696771 1.1772e+00 -5.896e+01 0.1299482 0.000 0.0724020 0.0575461 
-0.00409658 0.00729950 1.1617e+00 -5.851e+01 0.1299350 0.000 0.0724201 0.0575146 
-0.00409658 0.00763130 1.1485e+00 -5.807e+01 0.1299296 0.000 0.0722630 0.0576666 
-0.00409658 0.00796310 1.1374e+00 -5.764e+01 0.1299525 0.000 0.0720625 0.0578902 
-0.00426248 0.00000000 2.0962e+00 -5.939e+01 0.1299646 0.000 0.0715339 0.0584306 
-0.00426248 0.00033180 2.0587e+00 -5.985e+01 0.1299732 0.000 0.0716182 0.0583550 
-0.00426248 0.00066359 2.0151e+00 -6.022e+01 0.1299771 0.000 0.0717346 0.0582427 
-0.00426248 0.00099539 1.9664e+00 -6.054e+01 0.1299583 0.000 0.0718045 0.0581538 
-0.00426248 0.00132718 1.9141e+00 -6.084e+01 0.1299733 0.000 0.0719432 0.0580299 
-0.00426248 0.00165898 1.8606e+00 -6.096e+01 0.1299646 0.000 0.0721525 0.0578123 
-0.00426248 0.00199077 1.8064e+00 -6.103e+01 0.1299667 0.000 0.0722740 0.0576927 
-0.00426248 0.00232257 1.7533e+00 -6.094e+01 0.1299586 0.000 0.0724607 0.0574981 
-0.00426248 0.00265437 1.7005e+00 -6.088e+01 0.1299689 0.000 0.0725623 0.0574066 
-0.00426248 0.00298616 1.6487e+00 -6.087e+01 0.1299778 0.000 0.0726882 0.0572896 
-0.00426248 0.00331796 1.5986e+00 -6.084e+01 0.1299721 0.000 0.0727407 0.0572317 
-0.00426248 0.00364975 1.5511e+00 -6.075e+01 0.1299720 0.000 0.0720841 0.0578879 
-0.00426248 0.00398155 1.5058e+00 -6.066e+01 0.1299789 0.000 0.0722609 0.0577181 
-0.00426248 0.00431334 1.4630e+00 -6.054e+01 0.1299635 0.000 0.0722896 0.0576740 
-0.00426248 0.00464514 1.4228e+00 -6.042e+01 0.1299653 0.000 0.0723316 0.0576339 
-0.00426248 0.00497693 1.3847e+00 -6.033e+01 0.1299737 0.000 0.0723668 0.0576069 
-0.00426248 0.00530873 1.3490e+00 -6.026e+01 0.1299811 0.000 0.0723919 0.0575892 
-0.00426248 0.00564053 1.3153e+00 -6.023e+01 0.1299676 0.000 0.0729115 0.0570560 
-0.00426248 0.00597232 1.2854e+00 -6.004e+01 0.1299530 0.000 0.0728684 0.0570848 
-0.00426248 0.00630412 1.2571e+00 -5.997e+01 0.1299930 0.000 0.0728882 0.0571048 
-0.00426248 0.00663591 1.2329e+00 -5.970e+01 0.1299494 0.000 0.0728499 0.0570995 
-0.00426248 0.00696771 1.2116e+00 -5.940e+01 0.1299665 0.000 0.0726468 0.0573198 
-0.00426248 0.00729950 1.1938e+00 -5.898e+01 0.1299433 0.000 0.0724200 0.0575233 
-0.00426248 0.00763130 1.1787e+00 -5.851e+01 0.1299583 0.000 0.0722733 0.0576849 
-0.00426248 0.00796310 1.1654e+00 -5.809e+01 0.1299434 0.000 0.0721519 0.0577917 
-0.00442838 0.00000000 2.1717e+00 -5.977e+01 0.1299691 0.000 0.0715326 0.0584364 
-0.00442838 0.00033180 2.1330e+00 -6.018e+01 0.1299738 0.000 0.0717176 0.0582563 
-0.00442838 0.00066359 2.0875e+00 -6.052e+01 0.1299966 0.000 0.0716766 0.0583199 
-0.00442838 0.00099539 2.0361e+00 -6.091e+01 0.1299811 0.000 0.0719477 0.0580335 
-0.00442838 0.00132718 1.9817e+00 -6.117e+01 0.1299679 0.000 0.0721851 0.0577828 
-0.00442838 0.00165898 1.9252e+00 -6.138e+01 0.1299684 0.000 0.0723247 0.0576438 
-0.00442838 0.00199077 1.8686e+00 -6.150e+01 0.1299789 0.000 0.0724606 0.0575180 
-0.00442838 0.00232257 1.8135e+00 -6.139e+01 0.1299642 0.000 0.0725780 0.0573861 
-0.00442838 0.00265437 1.7587e+00 -6.137e+01 0.1299715 0.000 0.0726707 0.0573006 
-0.00442838 0.00298616 1.7061e+00 -6.121e+01 0.1299781 0.000 0.0722681 0.0577100 
-0.00442838 0.00331796 1.6546e+00 -6.114e+01 0.1299928 0.000 0.0724136 0.0575791 
-0.00442838 0.00364975 1.6046e+00 -6.114e+01 0.1299706 0.000 0.0724131 0.0575578 
-0.00442838 0.00398155 1.5580e+00 -6.098e+01 0.1299684 0.000 0.0723362 0.0576321 
-0.00442838 0.00431334 1.5134e+00 -6.089e+01 0.1299988 0.000 0.0724698 0.0575290 
-0.00442838 0.00464514 1.4718e+00 -6.073e+01 0.1299651 0.000 0.0724456 0.0575196 
-0.00442838 0.00497693 1.4327e+00 -6.059e+01 0.1299779 0.000 0.0724908 0.0574872 
-0.00442838 0.00530873 1.3970e+00 -6.032e+01 0.1299707 0.000 0.0722670 0.0577037 
-0.00442838 0.00564053 1.3627e+00 -6.019e+01 0.1299633 0.000 0.0722490 0.0577142 
-0.00442838 0.00597232 1.3308e+00 -6.005e+01 0.1299340 0.000 0.0722568 0.0576771 
-0.00442838 0.00630412 1.3013e+00 -5.992e+01 0.1299486 0.000 0.0723202 0.0576283 
-0.00442838 0.00663591 1.2750e+00 -5.970e+01 0.1299348 0.000 0.0721535 0.0577814 
-0.00442838 0.00696771 1.2503e+00 -5.958e+01 0.1299265 0.000 0.0725531 0.0573735 
-0.00442838 0.00729950 1.2296e+00 -5.926e+01 0.1299334 0.000 0.0724493 0.0574844 
-0.00442838 0.00763130 1.2115e+00 -5.891e+01 0.1299436 0.000 0.0725710 0.0573727 
-0.00442838 0.00796310 1.1967e+00 -5.843e+01 0.1299461 0.000 0.0723077 0.0576383 
-0.00459428 0.00000000 2.2468e+00 -6.019e+01 0.1299581 0.000 0.0717229 0.0582351 
-0.00459428 0.00033180 2.2078e+00 -6.037e+01 0.1299773 0.000 0.0719468 0.0580307 
-0.00459428 0.00066359 2.1597e+00 -6.080e+01 0.1299720 0.000 0.0719789 0.0579933 
-0.00459428 0.00099539 2.1064e+00 -6.114e+01 0.1299778 0.000 0.0721668 0.0578110 
-0.00459428 0.00132718 2.0494e+00 -6.148e+01 0.1299519 0.000 0.0723082 0.0576436 
-0.00459428 0.00165898 1.9907e+00 -6.172e+01 0.1299828 0.000 0.0724764 0.0575065 
-0.00459428 0.00199077 1.9323e+00 -6.182e+01 0.1299684 0.000 0.0721871 0.0577816 
-0.00459428 0.00232257 1.8746e+00 -6.183e+01 0.1299634 0.000 0.0723187 0.0576446 
-0.00459428 0.00265437 1.8179e+00 -6.182e+01 0.1299667 0.000 0.0723868 0.0575799 
-0.00459428 0.00298616 1.7631e+00 -6.174e+01 0.1299837 0.000 0.0724617 0.0575221 
-0.00459428 0.00331796 1.7101e+00 -6.163e+01 0.1299804 0.000 0.0725276 0.0574527 
-0.00459428 0.00364975 1.6591e+00 -6.153e+01 0.1299593 0.000 0.0726031 0.0573565 
-0.00459428 0.00398155 1.6105e+00 -6.139e+01 0.1299730 0.000 0.0725230 0.0574501 
-0.00459428 0.00431334 1.5644e+00 -6.125e+01 0.1299699 0.000 0.0725522 0.0574177 
-0.00459428 0.00464514 1.5212e+00 -6.107e+01 0.1299801 0.000 0.0726410 0.0573392 
-0.00459428 0.00497693 1.4809e+00 -6.086e+01 0.1299826 0.000 0.0723378 0.0576447 
-0.00459428 0.00530873 1.4434e+00 -6.062e+01 0.1299428 0.000 0.0723195 0.0576234 
-0.00459428 0.00564053 1.4078e+00 -6.046e+01 0.1299522 0.000 0.0723534 0.0575988 
-0.00459428 0.00597232 1.3752e+00 -6.023e+01 0.1299439 0.000 0.0723238 0.0576201 
-0.00459428 0.00630412 1.3448e+00 -6.002e+01 0.1299298 0.000 0.0723431 0.0575867 
-0.00459428 0.00663591 1.3152e+00 -6.001e+01 0.1299524 0.000 0.0725987 0.0573537 
-0.00459428 0.00696771 1.2894e+00 -5.981e+01 0.1299592 0.000 0.0725948 0.0573644 
-0.00459428 0.00729950 1.2667e+00 -5.952e+01 0.1299224 0.000 0.0726829 0.0572396 
-0.00459428 0.00763130 1.2467e+00 -5.917e+01 0.1299477 0.000 0.0726228 0.0573246 
-0.00459428 0.00796310 1.2291e+00 -5.881e+01 0.1299445 0.000 0.0726066 0.0573378 
-0.00476018 0.00000000 2.3211e+00 -6.028e+01 0.1299787 0.000 0.0716696 0.0583094 
-0.00476018 0.00033180 2.2800e+00 -6.050e+01 0.1299680 0.000 0.0717065 0.0582615 
-0.00476018 0.00066359 2.2302e+00 -6.083e+01 0.1299717 0.000 0.0718856 0.0580863 
-0.00476018 0.00099539 2.1742e+00 -6.125e+01 0.1299687 0.000 0.0719875 0.0579812 
-0.00476018 0.00132718 2.1147e+00 -6.167e+01 0.1299672 0.000 0.0720897 0.0578776 
-0.00476018 0.00165898 2.0537e+00 -6.202e+01 0.1299759 0.000 0.0722117 0.0577641 
-0.00476018 0.00199077 1.9933e+00 -6.219e+01 0.1299650 0.000 0.0723765 0.0575883 
-0.00476018 0.00232257 1.9336e+00 -6.229e+01 0.1299628 0.000 0.0724997 0.0574628 
-0.00476018 0.00265437 1.8755e+00 -6.229e+01 0.1299730 0.000 0.0725821 0.0573908 
-0.00476018 0.00298616 1.8191e+00 -6.222e+01 0.1299708 0.000 0.0726403 0.0573304 
-0.00476018 0.00331796 1.7651e+00 -6.205e+01 0.1299693 0.000 0.0727449 0.0572244 
-0.00476018 0.00364975 1.7126e+00 -6.193e+01 0.1299677 0.000 0.0727670 0.0572008 
-0.00476018 0.00398155 1.6623e+00 -6.181e+01 0.1299747 0.000 0.0728187 0.0571560 
-0.00476018 0.00431334 1.6145e+00 -6.167e+01 0.1299783 0.000 0.0727295 0.0572488 
-0.00476018 0.00464514 1.5696e+00 -6.147e+01 0.1299751 0.000 0.0724545 0.0575205 
-0.00476018 0.00497693 1.5274e+00 -6.129e+01 0.1299152 0.000 0.0724108 0.0575045 
-0.00476018 0.00530873 1.4882e+00 -6.105e+01 0.1299329 0.000 0.0724289 0.0575038 
-0.00476018 0.00564053 1.4517e+00 -6.082e+01 0.1299271 0.000 0.0724024 0.0575248 
-0.00476018 0.00597232 1.4176e+00 -6.060e+01 0.1299420 0.000 0.0723841 0.0575578 
-0.00476018 0.00630412 1.3849e+00 -6.048e+01 0.1299569 0.000 0.0727287 0.0572282 
-0.00476018 0.00663591 1.3560e+00 -6.020e+01 0.1299437 0.000 0.0726818 0.0572620 
-0.00476018 0.00696771 1.3285e+00 -6.002e+01 0.1299385 0.000 0.0725855 0.0573529 
-0.00476018 0.00729950 1.3040e+00 -5.976e+01 0.1299323 0.000 0.0727342 0.0571978 
-0.00476018 0.00763130 1.2818e+00 -5.947e+01 0.1299336 0.000 0.0726771 0.0572565 
-0.00476018 0.00796310 1.2618e+00 -5.917e+01 0.1299355 0.000 0.0726789 0.0572567 
-0.00492607 0.00000000 2.3923e+00 -6.030e+01 0.1299631 0.000 0.0715411 0.0584221 
-0.00492607 0.00033180 2.3495e+00 -6.053e+01 0.1299710 0.000 0.0718156 0.0581553 
-0.00492607 0.00066359 2.2966e+00 -6.099e+01 0.1299593 0.000 0.0719750 0.0579844 
-0.00492607 0.00099539 2.2382e+00 -6.144e+01 0.1299856 0.000 0.0721924 0.0577933 
-0.00492607 0.00132718 2.1765e+00 -6.188e+01 0.1299752 0.000 0.0722965 0.0576786 
-0.00492607 0.00165898 2.1138e+00 -6.223e+01 0.1299625 0.000 0.0724116 0.0575509 
-0.00492607 0.00199077 2.0515e+00 -6.247e+01 0.1299578 0.000 0.0725689 0.0573888 
-0.00492607 0.00232257 1.9898e+00 -6.268e+01 0.1299831 0.000 0.0726958 0.0572874 
-0.00492607 0.00265437 1.9312e+00 -6.260e+01 0.1299721 0.000 0.0728017 0.0571706 
-0.00492607 0.00298616 1.8735e+00 -6.257e+01 0.1299746 0.000 0.0728525 0.0571222 
-0.00492607 0.00331796 1.8176e+00 -6.251e+01 0.1299791 0.000 0.0728771 0.0571021 
-0.00492607 0.00364975 1.7636e+00 -6.244e+01 0.1299735 0.000 0.0729739 0.0569995 
-0.00492607 0.00398155 1.7118e+00 -6.233e+01 0.1299732 0.000 0.0729773 0.0569955 
-0.00492607 0.00431334 1.6638e+00 -6.203e+01 0.1299688 0.000 0.0724344 0.0575341 
-0.00492607 0.00464514 1.6171e+00 -6.187e+01 0.1299231 0.000 0.0724895 0.0574336 
-0.00492607 0.00497693 1.5735e+00 -6.165e+01 0.1299192 0.000 0.0725587 0.0573606 
-0.00492607 0.00530873 1.5317e+00 -6.153e+01 0.1299455 0.000 0.0725317 0.0574139 
-0.00492607 0.00564053 1.4937e+00 -6.128e+01 0.1299486 0.000 0.0725343 0.0574142 
-0.00492607 0.00597232 1.4583e+00 -6.103e+01 0.1299468 0.000 0.0728373 0.0571096 
-0.00492607 0.00630412 1.4252e+00 -6.080e+01 0.1299320 0.000 0.0728075 0.0571245 
-0.00492607 0.00663591 1.3943e+00 -6.059e+01 0.1299459 0.000 0.0727880 0.0571579 
-0.00492607 0.00696771 1.3656e+00 -6.037e+01 0.1299381 0.000 0.0727026 0.0572356 
-0.00492607 0.00729950 1.3397e+00 -6.010e+01 0.1299251 0.000 0.0726609 0.0572645 
-0.00492607 0.00763130 1.3155e+00 -5.986e+01 0.1299534 0.000 0.0727648 0.0571886 
-0.00492607 0.00796310 1.2934e+00 -5.963e+01 0.1299538 0.000 0.0727996 0.0571542 
0.00005086 0.00000000 1.3210e+00 -5.970e+01 0.1299593 0.000 0.0729677 0.0569915 
0.00005086 0.00033180 1.3456e+00 -5.999e+01 0.1299484 0.000 0.0729194 0.0570290 
0.00005086 0.00066359 1.3723e+00 -6.034e+01 0.1299554 0.000 0.0730039 0.0569516 
0.00005086 0.00099539 1.4036e+00 -6.031e+01 0.1299481 0.000 0.0729508 0.0569970 
0.00005086 0.00132718 1.4338e+00 -6.031e+01 0.1299418 0.000 0.0729797 0.0569622 
0.00005086 0.00165898 1.4645e+00 -6.002e+01 0.1299459 0.000 0.0728695 0.0570763 
0.00005086 0.00199077 1.4919e+00 -5.974e+01 0.1299386 0.000 0.0728654 0.0570732 
0.00005086 0.00232257 1.5166e+00 -5.931e+01 0.1299302 0.000 0.0728089 0.0571214 
0.00005086 0.00265437 1.5366e+00 -5.894e+01 0.1299552 0.000 0.0727982 0.0571571 
0.00005086 0.00298616 1.5529e+00 -5.854e+01 0.1299608 0.000 0.0727526 0.0572083 
0.00005086 0.00331796 1.5666e+00 -5.806e+01 0.1299388 0.000 0.0724367 0.0575019 
0.00005086 0.00364975 1.5755e+00 -5.778e+01 0.1299547 0.000 0.0724563 0.0574982 
0.00005086 0.00398155 1.5840e+00 -5.732e+01 0.1299363 0.000 0.0724264 0.0575098 
0.00005086 0.00431334 1.5909e+00 -5.687e+01 0.1299354 0.000 0.0723669 0.0575683 
0.00005086 0.00464514 1.5946e+00 -5.660e+01 0.1299589 0.000 0.0724433 0.0575153 
0.00005086 0.00497693 1.5984e+00 -5.625e+01 0.1299609 0.000 0.0724337 0.0575272 
0.00005086 0.00530873 1.6021e+00 -5.584e+01 0.1299539 0.000 0.0723516 0.0576022 
0.00005086 0.00564053 1.6029e+00 -5.565e+01 0.1299596 0.000 0.0723545 0.0576053 
0.00005086 0.00597232 1.6034e+00 -5.544e+01 0.1299620 0.000 0.0723931 0.0575688 
0.00005086 0.00630412 1.6034e+00 -5.527e+01 0.1299464 0.000 0.0723119 0.0576345 
0.00005086 0.00663591 1.6022e+00 -5.518e+01 0.1299580 0.000 0.0723090 0.0576488 
0.00005086 0.00696771 1.6001e+00 -5.516e+01 0.1299557 0.000 0.0724509 0.0575047 
0.00005086 0.00729950 1.5986e+00 -5.511e+01 0.1299521 0.000 0.0724184 0.0575338 
0.00005086 0.00763130 1.5970e+00 -5.506e+01 0.1299576 0.000 0.0723591 0.0575984 
0.00005086 0.00796310 1.5955e+00 -5.501e+01 0.1299421 0.000 0.0723398 0.0576024 
