-0.00368184 0.00605527 1.0200e+00 -7.173e+03 150.717 0.000 
-0.00368184 0.00622117 1.0200e+00 -7.154e+03 150.608 0.000 
-0.00368184 0.00638707 1.0200e+00 -7.137e+03 150.498 0.000 
-0.00368184 0.00655296 1.0200e+00 -7.127e+03 150.435 0.000 
-0.00368184 0.00671886 1.0200e+00 -7.118e+03 150.386 0.000 
-0.00368184 0.00688476 1.0200e+00 -7.112e+03 150.345 0.000 
-0.00368184 0.00705066 1.0200e+00 -7.109e+03 150.318 0.000 
-0.00368184 0.00721656 1.0200e+00 -7.111e+03 150.358 0.000 
-0.00368184 0.00738245 1.0200e+00 -7.118e+03 150.424 0.000 
-0.00368184 0.00754835 1.0200e+00 -7.126e+03 150.527 0.000 
-0.00368184 0.00771425 1.0200e+00 -7.136e+03 150.610 0.000 
-0.00368184 0.00788015 1.0200e+00 -7.150e+03 150.736 0.000 
-0.00368184 0.00804604 1.0200e+00 -7.167e+03 150.930 0.000 
-0.00368184 0.00821194 1.0200e+00 -7.187e+03 151.147 0.000 
-0.00368184 0.00837784 1.0200e+00 -7.209e+03 151.389 0.000 
-0.00368184 0.00854374 1.0200e+00 -7.232e+03 151.631 0.000 
-0.00368184 0.00870964 1.0200e+00 -7.257e+03 151.902 0.000 
-0.00368184 0.00887553 1.0200e+00 -7.287e+03 152.212 0.000 
-0.00368184 0.00904143 1.0200e+00 -7.317e+03 152.536 0.000 
-0.00368184 0.00920733 1.0200e+00 -7.353e+03 152.892 0.000 
-0.00368184 0.00937323 1.0200e+00 -7.389e+03 153.281 0.000 
-0.00368184 0.00953912 1.0200e+00 -7.428e+03 153.663 0.000 
-0.00368184 0.00970502 1.0200e+00 -7.472e+03 154.070 0.000 
-0.00368184 0.00987092 1.0200e+00 -7.518e+03 154.490 0.000 
-0.00368184 0.01003682 1.0200e+00 -7.565e+03 154.908 0.000 
-0.00368184 0.01020272 1.0200e+00 -7.618e+03 155.367 0.000 
-0.00368184 0.01036861 1.0200e+00 -7.675e+03 155.853 0.000 
-0.00368184 0.01053451 1.0200e+00 -7.731e+03 156.311 0.000 
-0.00368184 0.01070041 1.0200e+00 -7.796e+03 156.837 0.000 
-0.00368184 0.01086631 1.0200e+00 -7.861e+03 157.357 0.000 
-0.00368184 0.01103221 1.0200e+00 -7.930e+03 157.906 0.000 
-0.00368184 0.01119810 1.0200e+00 -8.002e+03 158.479 0.000 
-0.00368184 0.01136400 1.0200e+00 -8.077e+03 159.079 0.000 
-0.00368184 0.01152990 1.0200e+00 -8.155e+03 159.660 0.000 
-0.00368184 0.01169580 1.0200e+00 -8.236e+03 160.351 0.000 
-0.00368184 0.01186169 1.0200e+00 -8.320e+03 161.006 0.000 
-0.00368184 0.01202759 1.0200e+00 -8.406e+03 161.692 0.000 
-0.00368184 0.01219349 1.0200e+00 -8.497e+03 162.429 0.000 
-0.00368184 0.01235939 1.0200e+00 -8.589e+03 163.189 0.000 
-0.00380626 0.00605527 1.0200e+00 -7.193e+03 150.686 0.000 
-0.00380626 0.00622117 1.0200e+00 -7.167e+03 150.511 0.000 
-0.00380626 0.00638707 1.0200e+00 -7.146e+03 150.357 0.000 
-0.00380626 0.00655296 1.0200e+00 -7.127e+03 150.249 0.000 
-0.00380626 0.00671886 1.0200e+00 -7.113e+03 150.168 0.000 
-0.00380626 0.00688476 1.0200e+00 -7.103e+03 150.122 0.000 
-0.00380626 0.00705066 1.0200e+00 -7.094e+03 150.055 0.000 
-0.00380626 0.00721656 1.0200e+00 -7.090e+03 150.033 0.000 
-0.00380626 0.00738245 1.0200e+00 -7.090e+03 150.058 0.000 
-0.00380626 0.00754835 1.0200e+00 -7.092e+03 150.100 0.000 
-0.00380626 0.00771425 1.0200e+00 -7.098e+03 150.161 0.000 
-0.00380626 0.00788015 1.0200e+00 -7.107e+03 150.263 0.000 
-0.00380626 0.00804604 1.0200e+00 -7.120e+03 150.412 0.000 
-0.00380626 0.00821194 1.0200e+00 -7.134e+03 150.565 0.000 
-0.00380626 0.00837784 1.0200e+00 -7.149e+03 150.731 0.000 
-0.00380626 0.00854374 1.0200e+00 -7.169e+03 150.975 0.000 
-0.00380626 0.00870964 1.0200e+00 -7.191e+03 151.198 0.000 
-0.00380626 0.00887553 1.0200e+00 -7.215e+03 151.454 0.000 
-0.00380626 0.00904143 1.0200e+00 -7.238e+03 151.726 0.000 
-0.00380626 0.00920733 1.0200e+00 -7.269e+03 152.043 0.000 
-0.00380626 0.00937323 1.0200e+00 -7.299e+03 152.367 0.000 
-0.00380626 0.00953912 1.0200e+00 -7.334e+03 152.718 0.000 
-0.00380626 0.00970502 1.0200e+00 -7.370e+03 153.071 0.000 
-0.00380626 0.00987092 1.0200e+00 -7.410e+03 153.480 0.000 
-0.00380626 0.01003682 1.0200e+00 -7.453e+03 153.865 0.000 
-0.00380626 0.01020272 1.0200e+00 -7.498e+03 154.284 0.000 
-0.00380626 0.01036861 1.0200e+00 -7.548e+03 154.730 0.000 
-0.00380626 0.01053451 1.0200e+00 -7.601e+03 155.172 0.000 
-0.00380626 0.01070041 1.0200e+00 -7.657e+03 155.654 0.000 
-0.00380626 0.01086631 1.0200e+00 -7.716e+03 156.123 0.000 
-0.00380626 0.01103221 1.0200e+00 -7.779e+03 156.645 0.000 
-0.00380626 0.01119810 1.0200e+00 -7.845e+03 157.182 0.000 
-0.00380626 0.01136400 1.0200e+00 -7.915e+03 157.725 0.000 
-0.00380626 0.01152990 1.0200e+00 -7.987e+03 158.312 0.000 
-0.00380626 0.01169580 1.0200e+00 -8.062e+03 158.914 0.000 
-0.00380626 0.01186169 1.0200e+00 -8.139e+03 159.522 0.000 
-0.00380626 0.01202759 1.0200e+00 -8.220e+03 160.194 0.000 
-0.00380626 0.01219349 1.0200e+00 -8.305e+03 160.865 0.000 
-0.00380626 0.01235939 1.0200e+00 -8.390e+03 161.560 0.000 
-0.00393069 0.00605527 1.0200e+00 -7.225e+03 150.713 0.000 
-0.00393069 0.00622117 1.0200e+00 -7.194e+03 150.497 0.000 
-0.00393069 0.00638707 1.0200e+00 -7.167e+03 150.328 0.000 
-0.00393069 0.00655296 1.0200e+00 -7.141e+03 150.155 0.000 
-0.00393069 0.00671886 1.0200e+00 -7.121e+03 150.047 0.000 
-0.00393069 0.00688476 1.0200e+00 -7.106e+03 149.976 0.000 
-0.00393069 0.00705066 1.0200e+00 -7.093e+03 149.865 0.000 
-0.00393069 0.00721656 1.0200e+00 -7.082e+03 149.825 0.000 
-0.00393069 0.00738245 1.0200e+00 -7.076e+03 149.795 0.000 
-0.00393069 0.00754835 1.0200e+00 -7.072e+03 149.775 0.000 
-0.00393069 0.00771425 1.0200e+00 -7.073e+03 149.805 0.000 
-0.00393069 0.00788015 1.0200e+00 -7.078e+03 149.883 0.000 
-0.00393069 0.00804604 1.0200e+00 -7.083e+03 149.941 0.000 
-0.00393069 0.00821194 1.0200e+00 -7.094e+03 150.069 0.000 
-0.00393069 0.00837784 1.0200e+00 -7.105e+03 150.182 0.000 
-0.00393069 0.00854374 1.0200e+00 -7.119e+03 150.362 0.000 
-0.00393069 0.00870964 1.0200e+00 -7.135e+03 150.560 0.000 
-0.00393069 0.00887553 1.0200e+00 -7.153e+03 150.769 0.000 
-0.00393069 0.00904143 1.0200e+00 -7.177e+03 151.015 0.000 
-0.00393069 0.00920733 1.0200e+00 -7.199e+03 151.280 0.000 
-0.00393069 0.00937323 1.0200e+00 -7.226e+03 151.570 0.000 
-0.00393069 0.00953912 1.0200e+00 -7.253e+03 151.872 0.000 
-0.00393069 0.00970502 1.0200e+00 -7.285e+03 152.214 0.000 
-0.00393069 0.00987092 1.0200e+00 -7.319e+03 152.564 0.000 
-0.00393069 0.01003682 1.0200e+00 -7.356e+03 152.917 0.000 
-0.00393069 0.01020272 1.0200e+00 -7.398e+03 153.314 0.000 
-0.00393069 0.01036861 1.0200e+00 -7.441e+03 153.709 0.000 
-0.00393069 0.01053451 1.0200e+00 -7.487e+03 154.128 0.000 
-0.00393069 0.01070041 1.0200e+00 -7.537e+03 154.560 0.000 
-0.00393069 0.01086631 1.0200e+00 -7.591e+03 155.005 0.000 
-0.00393069 0.01103221 1.0200e+00 -7.645e+03 155.471 0.000 
-0.00393069 0.01119810 1.0200e+00 -7.706e+03 155.949 0.000 
-0.00393069 0.01136400 1.0200e+00 -7.768e+03 156.479 0.000 
-0.00393069 0.01152990 1.0200e+00 -7.836e+03 157.009 0.000 
-0.00393069 0.01169580 1.0200e+00 -7.904e+03 157.576 0.000 
-0.00393069 0.01186169 1.0200e+00 -7.976e+03 158.172 0.000 
-0.00393069 0.01202759 1.0200e+00 -8.052e+03 158.784 0.000 
-0.00393069 0.01219349 1.0200e+00 -8.130e+03 159.426 0.000 
-0.00393069 0.01235939 1.0200e+00 -8.210e+03 160.095 0.000 
-0.00405511 0.00605527 1.0200e+00 -7.272e+03 150.837 0.000 
-0.00405511 0.00622117 1.0200e+00 -7.236e+03 150.598 0.000 
-0.00405511 0.00638707 1.0200e+00 -7.203e+03 150.387 0.000 
-0.00405511 0.00655296 1.0200e+00 -7.173e+03 150.191 0.000 
-0.00405511 0.00671886 1.0200e+00 -7.145e+03 150.004 0.000 
-0.00405511 0.00688476 1.0200e+00 -7.123e+03 149.867 0.000 
-0.00405511 0.00705066 1.0200e+00 -7.104e+03 149.757 0.000 
-0.00405511 0.00721656 1.0200e+00 -7.087e+03 149.659 0.000 
-0.00405511 0.00738245 1.0200e+00 -7.076e+03 149.589 0.000 
-0.00405511 0.00754835 1.0200e+00 -7.067e+03 149.548 0.000 
-0.00405511 0.00771425 1.0200e+00 -7.062e+03 149.534 0.000 
-0.00405511 0.00788015 1.0200e+00 -7.061e+03 149.548 0.000 
-0.00405511 0.00804604 1.0200e+00 -7.062e+03 149.610 0.000 
-0.00405511 0.00821194 1.0200e+00 -7.066e+03 149.654 0.000 
-0.00405511 0.00837784 1.0200e+00 -7.074e+03 149.765 0.000 
-0.00405511 0.00854374 1.0200e+00 -7.083e+03 149.909 0.000 
-0.00405511 0.00870964 1.0200e+00 -7.096e+03 150.050 0.000 
-0.00405511 0.00887553 1.0200e+00 -7.109e+03 150.209 0.000 
-0.00405511 0.00904143 1.0200e+00 -7.126e+03 150.420 0.000 
-0.00405511 0.00920733 1.0200e+00 -7.145e+03 150.632 0.000 
-0.00405511 0.00937323 1.0200e+00 -7.167e+03 150.887 0.000 
-0.00405511 0.00953912 1.0200e+00 -7.190e+03 151.149 0.000 
-0.00405511 0.00970502 1.0200e+00 -7.216e+03 151.428 0.000 
-0.00405511 0.00987092 1.0200e+00 -7.246e+03 151.744 0.000 
-0.00405511 0.01003682 1.0200e+00 -7.277e+03 152.088 0.000 
-0.00405511 0.01020272 1.0200e+00 -7.312e+03 152.437 0.000 
-0.00405511 0.01036861 1.0200e+00 -7.350e+03 152.797 0.000 
-0.00405511 0.01053451 1.0200e+00 -7.390e+03 153.174 0.000 
-0.00405511 0.01070041 1.0200e+00 -7.433e+03 153.572 0.000 
-0.00405511 0.01086631 1.0200e+00 -7.480e+03 153.988 0.000 
-0.00405511 0.01103221 1.0200e+00 -7.532e+03 154.419 0.000 
-0.00405511 0.01119810 1.0200e+00 -7.583e+03 154.857 0.000 
-0.00405511 0.01136400 1.0200e+00 -7.640e+03 155.335 0.000 
-0.00405511 0.01152990 1.0200e+00 -7.702e+03 155.844 0.000 
-0.00405511 0.01169580 1.0200e+00 -7.764e+03 156.366 0.000 
-0.00405511 0.01186169 1.0200e+00 -7.831e+03 156.898 0.000 
-0.00405511 0.01202759 1.0200e+00 -7.901e+03 157.474 0.000 
-0.00405511 0.01219349 1.0200e+00 -7.972e+03 158.088 0.000 
-0.00405511 0.01235939 1.0200e+00 -8.046e+03 158.704 0.000 
-0.00417953 0.00605527 1.0200e+00 -7.337e+03 151.134 0.000 
-0.00417953 0.00622117 1.0200e+00 -7.294e+03 150.826 0.000 
-0.00417953 0.00638707 1.0200e+00 -7.254e+03 150.559 0.000 
-0.00417953 0.00655296 1.0200e+00 -7.218e+03 150.309 0.000 
-0.00417953 0.00671886 1.0200e+00 -7.185e+03 150.078 0.000 
-0.00417953 0.00688476 1.0200e+00 -7.156e+03 149.910 0.000 
-0.00417953 0.00705066 1.0200e+00 -7.132e+03 149.750 0.000 
-0.00417953 0.00721656 1.0200e+00 -7.110e+03 149.602 0.000 
-0.00417953 0.00738245 1.0200e+00 -7.092e+03 149.499 0.000 
-0.00417953 0.00754835 1.0200e+00 -7.075e+03 149.403 0.000 
-0.00417953 0.00771425 1.0200e+00 -7.065e+03 149.356 0.000 
-0.00417953 0.00788015 1.0200e+00 -7.056e+03 149.309 0.000 
-0.00417953 0.00804604 1.0200e+00 -7.053e+03 149.331 0.000 
-0.00417953 0.00821194 1.0200e+00 -7.051e+03 149.344 0.000 
-0.00417953 0.00837784 1.0200e+00 -7.054e+03 149.389 0.000 
-0.00417953 0.00854374 1.0200e+00 -7.059e+03 149.491 0.000 
-0.00417953 0.00870964 1.0200e+00 -7.067e+03 149.597 0.000 
-0.00417953 0.00887553 1.0200e+00 -7.077e+03 149.736 0.000 
-0.00417953 0.00904143 1.0200e+00 -7.090e+03 149.896 0.000 
-0.00417953 0.00920733 1.0200e+00 -7.103e+03 150.091 0.000 
-0.00417953 0.00937323 1.0200e+00 -7.120e+03 150.312 0.000 
-0.00417953 0.00953912 1.0200e+00 -7.140e+03 150.530 0.000 
-0.00417953 0.00970502 1.0200e+00 -7.160e+03 150.770 0.000 
-0.00417953 0.00987092 1.0200e+00 -7.184e+03 151.049 0.000 
-0.00417953 0.01003682 1.0200e+00 -7.212e+03 151.336 0.000 
-0.00417953 0.01020272 1.0200e+00 -7.240e+03 151.659 0.000 
-0.00417953 0.01036861 1.0200e+00 -7.273e+03 151.967 0.000 
-0.00417953 0.01053451 1.0200e+00 -7.309e+03 152.336 0.000 
-0.00417953 0.01070041 1.0200e+00 -7.347e+03 152.698 0.000 
-0.00417953 0.01086631 1.0200e+00 -7.388e+03 153.047 0.000 
-0.00417953 0.01103221 1.0200e+00 -7.433e+03 153.491 0.000 
-0.00417953 0.01119810 1.0200e+00 -7.481e+03 153.892 0.000 
-0.00417953 0.01136400 1.0200e+00 -7.531e+03 154.310 0.000 
-0.00417953 0.01152990 1.0200e+00 -7.584e+03 154.754 0.000 
-0.00417953 0.01169580 1.0200e+00 -7.642e+03 155.241 0.000 
-0.00417953 0.01186169 1.0200e+00 -7.703e+03 155.794 0.000 
-0.00417953 0.01202759 1.0200e+00 -7.767e+03 156.297 0.000 
-0.00417953 0.01219349 1.0200e+00 -7.833e+03 156.844 0.000 
-0.00417953 0.01235939 1.0200e+00 -7.903e+03 157.452 0.000 
-0.00430396 0.00605527 1.0200e+00 -7.417e+03 151.565 0.000 
-0.00430396 0.00622117 1.0200e+00 -7.368e+03 151.214 0.000 
-0.00430396 0.00638707 1.0200e+00 -7.321e+03 150.872 0.000 
-0.00430396 0.00655296 1.0200e+00 -7.278e+03 150.572 0.000 
-0.00430396 0.00671886 1.0200e+00 -7.240e+03 150.327 0.000 
-0.00430396 0.00688476 1.0200e+00 -7.205e+03 150.061 0.000 
-0.00430396 0.00705066 1.0200e+00 -7.173e+03 149.861 0.000 
-0.00430396 0.00721656 1.0200e+00 -7.146e+03 149.660 0.000 
-0.00430396 0.00738245 1.0200e+00 -7.121e+03 149.508 0.000 
-0.00430396 0.00754835 1.0200e+00 -7.101e+03 149.402 0.000 
-0.00430396 0.00771425 1.0200e+00 -7.083e+03 149.294 0.000 
-0.00430396 0.00788015 1.0200e+00 -7.070e+03 149.217 0.000 
-0.00430396 0.00804604 1.0200e+00 -7.061e+03 149.181 0.000 
-0.00430396 0.00821194 1.0200e+00 -7.054e+03 149.164 0.000 
-0.00430396 0.00837784 1.0200e+00 -7.051e+03 149.184 0.000 
-0.00430396 0.00854374 1.0200e+00 -7.049e+03 149.220 0.000 
-0.00430396 0.00870964 1.0200e+00 -7.054e+03 149.297 0.000 
-0.00430396 0.00887553 1.0200e+00 -7.059e+03 149.367 0.000 
-0.00430396 0.00904143 1.0200e+00 -7.067e+03 149.501 0.000 
-0.00430396 0.00920733 1.0200e+00 -7.077e+03 149.656 0.000 
-0.00430396 0.00937323 1.0200e+00 -7.090e+03 149.835 0.000 
-0.00430396 0.00953912 1.0200e+00 -7.104e+03 150.015 0.000 
-0.00430396 0.00970502 1.0200e+00 -7.121e+03 150.243 0.000 
-0.00430396 0.00987092 1.0200e+00 -7.138e+03 150.438 0.000 
-0.00430396 0.01003682 1.0200e+00 -7.160e+03 150.712 0.000 
-0.00430396 0.01020272 1.0200e+00 -7.185e+03 150.967 0.000 
-0.00430396 0.01036861 1.0200e+00 -7.212e+03 151.268 0.000 
-0.00430396 0.01053451 1.0200e+00 -7.243e+03 151.601 0.000 
-0.00430396 0.01070041 1.0200e+00 -7.277e+03 151.940 0.000 
-0.00430396 0.01086631 1.0200e+00 -7.312e+03 152.267 0.000 
-0.00430396 0.01103221 1.0200e+00 -7.352e+03 152.653 0.000 
-0.00430396 0.01119810 1.0200e+00 -7.394e+03 153.014 0.000 
-0.00430396 0.01136400 1.0200e+00 -7.439e+03 153.427 0.000 
-0.00430396 0.01152990 1.0200e+00 -7.487e+03 153.845 0.000 
-0.00430396 0.01169580 1.0200e+00 -7.537e+03 154.268 0.000 
-0.00430396 0.01186169 1.0200e+00 -7.592e+03 154.717 0.000 
-0.00430396 0.01202759 1.0200e+00 -7.650e+03 155.217 0.000 
-0.00430396 0.01219349 1.0200e+00 -7.710e+03 155.737 0.000 
-0.00430396 0.01235939 1.0200e+00 -7.774e+03 156.282 0.000 
-0.00442838 0.00605527 1.0200e+00 -7.520e+03 152.226 0.000 
-0.00442838 0.00622117 1.0200e+00 -7.462e+03 151.788 0.000 
-0.00442838 0.00638707 1.0200e+00 -7.407e+03 151.366 0.000 
-0.00442838 0.00655296 1.0200e+00 -7.358e+03 150.991 0.000 
-0.00442838 0.00671886 1.0200e+00 -7.314e+03 150.682 0.000 
-0.00442838 0.00688476 1.0200e+00 -7.272e+03 150.396 0.000 
-0.00442838 0.00705066 1.0200e+00 -7.232e+03 150.113 0.000 
-0.00442838 0.00721656 1.0200e+00 -7.198e+03 149.887 0.000 
-0.00442838 0.00738245 1.0200e+00 -7.170e+03 149.708 0.000 
-0.00442838 0.00754835 1.0200e+00 -7.141e+03 149.498 0.000 
-0.00442838 0.00771425 1.0200e+00 -7.119e+03 149.379 0.000 
-0.00442838 0.00788015 1.0200e+00 -7.099e+03 149.239 0.000 
-0.00442838 0.00804604 1.0200e+00 -7.083e+03 149.120 0.000 
-0.00442838 0.00821194 1.0200e+00 -7.071e+03 149.098 0.000 
-0.00442838 0.00837784 1.0200e+00 -7.062e+03 149.038 0.000 
-0.00442838 0.00854374 1.0200e+00 -7.057e+03 149.065 0.000 
-0.00442838 0.00870964 1.0200e+00 -7.053e+03 149.075 0.000 
-0.00442838 0.00887553 1.0200e+00 -7.053e+03 149.107 0.000 
-0.00442838 0.00904143 1.0200e+00 -7.056e+03 149.189 0.000 
-0.00442838 0.00920733 1.0200e+00 -7.063e+03 149.338 0.000 
-0.00442838 0.00937323 1.0200e+00 -7.070e+03 149.439 0.000 
-0.00442838 0.00953912 1.0200e+00 -7.081e+03 149.598 0.000 
-0.00442838 0.00970502 1.0200e+00 -7.093e+03 149.764 0.000 
-0.00442838 0.00987092 1.0200e+00 -7.108e+03 149.961 0.000 
-0.00442838 0.01003682 1.0200e+00 -7.125e+03 150.205 0.000 
-0.00442838 0.01020272 1.0200e+00 -7.144e+03 150.436 0.000 
-0.00442838 0.01036861 1.0200e+00 -7.167e+03 150.695 0.000 
-0.00442838 0.01053451 1.0200e+00 -7.192e+03 150.957 0.000 
-0.00442838 0.01070041 1.0200e+00 -7.220e+03 151.270 0.000 
-0.00442838 0.01086631 1.0200e+00 -7.251e+03 151.600 0.000 
-0.00442838 0.01103221 1.0200e+00 -7.286e+03 151.937 0.000 
-0.00442838 0.01119810 1.0200e+00 -7.323e+03 152.286 0.000 
-0.00442838 0.01136400 1.0200e+00 -7.360e+03 152.627 0.000 
-0.00442838 0.01152990 1.0200e+00 -7.405e+03 153.040 0.000 
-0.00442838 0.01169580 1.0200e+00 -7.451e+03 153.417 0.000 
-0.00442838 0.01186169 1.0200e+00 -7.499e+03 153.839 0.000 
-0.00442838 0.01202759 1.0200e+00 -7.551e+03 154.283 0.000 
-0.00442838 0.01219349 1.0200e+00 -7.607e+03 154.762 0.000 
-0.00442838 0.01235939 1.0200e+00 -7.666e+03 155.266 0.000 
-0.00455280 0.00605527 1.0200e+00 -7.639e+03 153.027 0.000 
-0.00455280 0.00622117 1.0200e+00 -7.575e+03 152.546 0.000 
-0.00455280 0.00638707 1.0200e+00 -7.514e+03 152.053 0.000 
-0.00455280 0.00655296 1.0200e+00 -7.456e+03 151.619 0.000 
-0.00455280 0.00671886 1.0200e+00 -7.405e+03 151.215 0.000 
-0.00455280 0.00688476 1.0200e+00 -7.357e+03 150.886 0.000 
-0.00455280 0.00705066 1.0200e+00 -7.310e+03 150.529 0.000 
-0.00455280 0.00721656 1.0200e+00 -7.270e+03 150.255 0.000 
-0.00455280 0.00738245 1.0200e+00 -7.233e+03 150.007 0.000 
-0.00455280 0.00754835 1.0200e+00 -7.199e+03 149.762 0.000 
-0.00455280 0.00771425 1.0200e+00 -7.170e+03 149.581 0.000 
-0.00455280 0.00788015 1.0200e+00 -7.143e+03 149.401 0.000 
-0.00455280 0.00804604 1.0200e+00 -7.122e+03 149.264 0.000 
-0.00455280 0.00821194 1.0200e+00 -7.104e+03 149.160 0.000 
-0.00455280 0.00837784 1.0200e+00 -7.089e+03 149.083 0.000 
-0.00455280 0.00854374 1.0200e+00 -7.078e+03 149.019 0.000 
-0.00455280 0.00870964 1.0200e+00 -7.070e+03 149.014 0.000 
-0.00455280 0.00887553 1.0200e+00 -7.065e+03 149.004 0.000 
-0.00455280 0.00904143 1.0200e+00 -7.063e+03 149.056 0.000 
-0.00455280 0.00920733 1.0200e+00 -7.064e+03 149.109 0.000 
-0.00455280 0.00937323 1.0200e+00 -7.068e+03 149.200 0.000 
-0.00455280 0.00953912 1.0200e+00 -7.073e+03 149.323 0.000 
-0.00455280 0.00970502 1.0200e+00 -7.080e+03 149.440 0.000 
-0.00455280 0.00987092 1.0200e+00 -7.092e+03 149.612 0.000 
-0.00455280 0.01003682 1.0200e+00 -7.104e+03 149.775 0.000 
-0.00455280 0.01020272 1.0200e+00 -7.121e+03 149.993 0.000 
-0.00455280 0.01036861 1.0200e+00 -7.137e+03 150.224 0.000 
-0.00455280 0.01053451 1.0200e+00 -7.158e+03 150.456 0.000 
-0.00455280 0.01070041 1.0200e+00 -7.180e+03 150.697 0.000 
-0.00455280 0.01086631 1.0200e+00 -7.205e+03 151.001 0.000 
-0.00455280 0.01103221 1.0200e+00 -7.236e+03 151.307 0.000 
-0.00455280 0.01119810 1.0200e+00 -7.265e+03 151.616 0.000 
-0.00455280 0.01136400 1.0200e+00 -7.301e+03 151.936 0.000 
-0.00455280 0.01152990 1.0200e+00 -7.339e+03 152.317 0.000 
-0.00455280 0.01169580 1.0200e+00 -7.380e+03 152.686 0.000 
-0.00455280 0.01186169 1.0200e+00 -7.422e+03 153.078 0.000 
-0.00455280 0.01202759 1.0200e+00 -7.470e+03 153.484 0.000 
-0.00455280 0.01219349 1.0200e+00 -7.519e+03 153.906 0.000 
-0.00455280 0.01235939 1.0200e+00 -7.572e+03 154.363 0.000 
-0.00467723 0.00605527 1.0200e+00 -7.781e+03 154.037 0.000 
-0.00467723 0.00622117 1.0200e+00 -7.709e+03 153.458 0.000 
-0.00467723 0.00638707 1.0200e+00 -7.640e+03 152.904 0.000 
-0.00467723 0.00655296 1.0200e+00 -7.574e+03 152.379 0.000 
-0.00467723 0.00671886 1.0200e+00 -7.515e+03 151.916 0.000 
-0.00467723 0.00688476 1.0200e+00 -7.459e+03 151.504 0.000 
-0.00467723 0.00705066 1.0200e+00 -7.406e+03 151.123 0.000 
-0.00467723 0.00721656 1.0200e+00 -7.358e+03 150.783 0.000 
-0.00467723 0.00738245 1.0200e+00 -7.315e+03 150.455 0.000 
-0.00467723 0.00754835 1.0200e+00 -7.275e+03 150.181 0.000 
-0.00467723 0.00771425 1.0200e+00 -7.239e+03 149.919 0.000 
-0.00467723 0.00788015 1.0200e+00 -7.206e+03 149.695 0.000 
-0.00467723 0.00804604 1.0200e+00 -7.178e+03 149.521 0.000 
-0.00467723 0.00821194 1.0200e+00 -7.154e+03 149.367 0.000 
-0.00467723 0.00837784 1.0200e+00 -7.133e+03 149.220 0.000 
-0.00467723 0.00854374 1.0200e+00 -7.115e+03 149.120 0.000 
-0.00467723 0.00870964 1.0200e+00 -7.102e+03 149.071 0.000 
-0.00467723 0.00887553 1.0200e+00 -7.090e+03 149.013 0.000 
-0.00467723 0.00904143 1.0200e+00 -7.083e+03 148.990 0.000 
-0.00467723 0.00920733 1.0200e+00 -7.080e+03 149.039 0.000 
-0.00467723 0.00937323 1.0200e+00 -7.078e+03 149.082 0.000 
-0.00467723 0.00953912 1.0200e+00 -7.079e+03 149.139 0.000 
-0.00467723 0.00970502 1.0200e+00 -7.082e+03 149.231 0.000 
-0.00467723 0.00987092 1.0200e+00 -7.089e+03 149.354 0.000 
-0.00467723 0.01003682 1.0200e+00 -7.096e+03 149.495 0.000 
-0.00467723 0.01020272 1.0200e+00 -7.107e+03 149.624 0.000 
-0.00467723 0.01036861 1.0200e+00 -7.120e+03 149.837 0.000 
-0.00467723 0.01053451 1.0200e+00 -7.137e+03 150.062 0.000 
-0.00467723 0.01070041 1.0200e+00 -7.154e+03 150.255 0.000 
-0.00467723 0.01086631 1.0200e+00 -7.176e+03 150.504 0.000 
-0.00467723 0.01103221 1.0200e+00 -7.200e+03 150.800 0.000 
-0.00467723 0.01119810 1.0200e+00 -7.227e+03 151.076 0.000 
-0.00467723 0.01136400 1.0200e+00 -7.255e+03 151.368 0.000 
-0.00467723 0.01152990 1.0200e+00 -7.288e+03 151.687 0.000 
-0.00467723 0.01169580 1.0200e+00 -7.323e+03 152.037 0.000 
-0.00467723 0.01186169 1.0200e+00 -7.361e+03 152.382 0.000 
-0.00467723 0.01202759 1.0200e+00 -7.403e+03 152.763 0.000 
-0.00467723 0.01219349 1.0200e+00 -7.449e+03 153.183 0.000 
-0.00467723 0.01235939 1.0200e+00 -7.496e+03 153.594 0.000 
-0.00480165 0.00605527 1.0200e+00 -7.943e+03 155.202 0.000 
-0.00480165 0.00622117 1.0200e+00 -7.862e+03 154.543 0.000 
-0.00480165 0.00638707 1.0200e+00 -7.785e+03 153.927 0.000 
-0.00480165 0.00655296 1.0200e+00 -7.711e+03 153.339 0.000 
-0.00480165 0.00671886 1.0200e+00 -7.645e+03 152.835 0.000 
-0.00480165 0.00688476 1.0200e+00 -7.581e+03 152.323 0.000 
-0.00480165 0.00705066 1.0200e+00 -7.521e+03 151.853 0.000 
-0.00480165 0.00721656 1.0200e+00 -7.465e+03 151.437 0.000 
-0.00480165 0.00738245 1.0200e+00 -7.414e+03 151.085 0.000 
-0.00480165 0.00754835 1.0200e+00 -7.366e+03 150.721 0.000 
-0.00480165 0.00771425 1.0200e+00 -7.323e+03 150.422 0.000 
-0.00480165 0.00788015 1.0200e+00 -7.286e+03 150.164 0.000 
-0.00480165 0.00804604 1.0200e+00 -7.249e+03 149.903 0.000 
-0.00480165 0.00821194 1.0200e+00 -7.217e+03 149.684 0.000 
-0.00480165 0.00837784 1.0200e+00 -7.192e+03 149.509 0.000 
-0.00480165 0.00854374 1.0200e+00 -7.167e+03 149.354 0.000 
-0.00480165 0.00870964 1.0200e+00 -7.147e+03 149.229 0.000 
-0.00480165 0.00887553 1.0200e+00 -7.132e+03 149.148 0.000 
-0.00480165 0.00904143 1.0200e+00 -7.119e+03 149.079 0.000 
-0.00480165 0.00920733 1.0200e+00 -7.109e+03 149.046 0.000 
-0.00480165 0.00937323 1.0200e+00 -7.103e+03 149.061 0.000 
-0.00480165 0.00953912 1.0200e+00 -7.098e+03 149.082 0.000 
-0.00480165 0.00970502 1.0200e+00 -7.097e+03 149.158 0.000 
-0.00480165 0.00987092 1.0200e+00 -7.099e+03 149.224 0.000 
-0.00480165 0.01003682 1.0200e+00 -7.102e+03 149.313 0.000 
-0.00480165 0.01020272 1.0200e+00 -7.110e+03 149.438 0.000 
-0.00480165 0.01036861 1.0200e+00 -7.118e+03 149.600 0.000 
-0.00480165 0.01053451 1.0200e+00 -7.128e+03 149.758 0.000 
-0.00480165 0.01070041 1.0200e+00 -7.143e+03 149.945 0.000 
-0.00480165 0.01086631 1.0200e+00 -7.157e+03 150.121 0.000 
-0.00480165 0.01103221 1.0200e+00 -7.178e+03 150.375 0.000 
-0.00480165 0.01119810 1.0200e+00 -7.199e+03 150.612 0.000 
-0.00480165 0.01136400 1.0200e+00 -7.224e+03 150.888 0.000 
-0.00480165 0.01152990 1.0200e+00 -7.250e+03 151.159 0.000 
-0.00480165 0.01169580 1.0200e+00 -7.282e+03 151.504 0.000 
-0.00480165 0.01186169 1.0200e+00 -7.315e+03 151.796 0.000 
-0.00480165 0.01202759 1.0200e+00 -7.351e+03 152.137 0.000 
-0.00480165 0.01219349 1.0200e+00 -7.391e+03 152.505 0.000 
-0.00480165 0.01235939 1.0200e+00 -7.434e+03 152.885 0.000 
-0.00492607 0.00605527 1.0200e+00 -8.125e+03 156.492 0.000 
-0.00492607 0.00622117 1.0200e+00 -8.036e+03 155.772 0.000 
-0.00492607 0.00638707 1.0200e+00 -7.949e+03 155.076 0.000 
-0.00492607 0.00655296 1.0200e+00 -7.869e+03 154.408 0.000 
-0.00492607 0.00671886 1.0200e+00 -7.793e+03 153.819 0.000 
-0.00492607 0.00688476 1.0200e+00 -7.719e+03 153.248 0.000 
-0.00492607 0.00705066 1.0200e+00 -7.654e+03 152.760 0.000 
-0.00492607 0.00721656 1.0200e+00 -7.591e+03 152.275 0.000 
-0.00492607 0.00738245 1.0200e+00 -7.532e+03 151.826 0.000 
-0.00492607 0.00754835 1.0200e+00 -7.476e+03 151.398 0.000 
-0.00492607 0.00771425 1.0200e+00 -7.426e+03 151.052 0.000 
-0.00492607 0.00788015 1.0200e+00 -7.381e+03 150.751 0.000 
-0.00492607 0.00804604 1.0200e+00 -7.339e+03 150.455 0.000 
-0.00492607 0.00821194 1.0200e+00 -7.301e+03 150.149 0.000 
-0.00492607 0.00837784 1.0200e+00 -7.267e+03 149.934 0.000 
-0.00492607 0.00854374 1.0200e+00 -7.236e+03 149.735 0.000 
-0.00492607 0.00870964 1.0200e+00 -7.209e+03 149.530 0.000 
-0.00492607 0.00887553 1.0200e+00 -7.187e+03 149.389 0.000 
-0.00492607 0.00904143 1.0200e+00 -7.169e+03 149.298 0.000 
-0.00492607 0.00920733 1.0200e+00 -7.154e+03 149.227 0.000 
-0.00492607 0.00937323 1.0200e+00 -7.141e+03 149.168 0.000 
-0.00492607 0.00953912 1.0200e+00 -7.132e+03 149.147 0.000 
-0.00492607 0.00970502 1.0200e+00 -7.126e+03 149.158 0.000 
-0.00492607 0.00987092 1.0200e+00 -7.123e+03 149.210 0.000 
-0.00492607 0.01003682 1.0200e+00 -7.123e+03 149.270 0.000 
-0.00492607 0.01020272 1.0200e+00 -7.124e+03 149.349 0.000 
-0.00492607 0.01036861 1.0200e+00 -7.128e+03 149.435 0.000 
-0.00492607 0.01053451 1.0200e+00 -7.135e+03 149.585 0.000 
-0.00492607 0.01070041 1.0200e+00 -7.142e+03 149.698 0.000 
-0.00492607 0.01086631 1.0200e+00 -7.153e+03 149.869 0.000 
-0.00492607 0.01103221 1.0200e+00 -7.169e+03 150.091 0.000 
-0.00492607 0.01119810 1.0200e+00 -7.186e+03 150.273 0.000 
-0.00492607 0.01136400 1.0200e+00 -7.206e+03 150.489 0.000 
-0.00492607 0.01152990 1.0200e+00 -7.228e+03 150.738 0.000 
-0.00492607 0.01169580 1.0200e+00 -7.253e+03 151.028 0.000 
-0.00492607 0.01186169 1.0200e+00 -7.281e+03 151.307 0.000 
-0.00492607 0.01202759 1.0200e+00 -7.311e+03 151.596 0.000 
-0.00492607 0.01219349 1.0200e+00 -7.347e+03 151.950 0.000 
-0.00492607 0.01235939 1.0200e+00 -7.384e+03 152.286 0.000 
-0.00505050 0.00605527 1.0200e+00 -8.329e+03 157.908 0.000 
-0.00505050 0.00622117 1.0200e+00 -8.228e+03 157.082 0.000 
-0.00505050 0.00638707 1.0200e+00 -8.132e+03 156.333 0.000 
-0.00505050 0.00655296 1.0200e+00 -8.043e+03 155.601 0.000 
-0.00505050 0.00671886 1.0200e+00 -7.959e+03 154.961 0.000 
-0.00505050 0.00688476 1.0200e+00 -7.879e+03 154.292 0.000 
-0.00505050 0.00705066 1.0200e+00 -7.803e+03 153.724 0.000 
-0.00505050 0.00721656 1.0200e+00 -7.732e+03 153.201 0.000 
-0.00505050 0.00738245 1.0200e+00 -7.664e+03 152.684 0.000 
-0.00505050 0.00754835 1.0200e+00 -7.604e+03 152.227 0.000 
-0.00505050 0.00771425 1.0200e+00 -7.544e+03 151.764 0.000 
-0.00505050 0.00788015 1.0200e+00 -7.491e+03 151.424 0.000 
-0.00505050 0.00804604 1.0200e+00 -7.442e+03 151.075 0.000 
-0.00505050 0.00821194 1.0200e+00 -7.396e+03 150.722 0.000 
-0.00505050 0.00837784 1.0200e+00 -7.356e+03 150.451 0.000 
-0.00505050 0.00854374 1.0200e+00 -7.319e+03 150.185 0.000 
-0.00505050 0.00870964 1.0200e+00 -7.287e+03 149.965 0.000 
-0.00505050 0.00887553 1.0200e+00 -7.259e+03 149.790 0.000 
-0.00505050 0.00904143 1.0200e+00 -7.234e+03 149.624 0.000 
-0.00505050 0.00920733 1.0200e+00 -7.212e+03 149.497 0.000 
-0.00505050 0.00937323 1.0200e+00 -7.194e+03 149.402 0.000 
-0.00505050 0.00953912 1.0200e+00 -7.179e+03 149.327 0.000 
-0.00505050 0.00970502 1.0200e+00 -7.167e+03 149.278 0.000 
-0.00505050 0.00987092 1.0200e+00 -7.161e+03 149.305 0.000 
-0.00505050 0.01003682 1.0200e+00 -7.153e+03 149.296 0.000 
-0.00505050 0.01020272 1.0200e+00 -7.151e+03 149.371 0.000 
-0.00505050 0.01036861 1.0200e+00 -7.151e+03 149.416 0.000 
-0.00505050 0.01053451 1.0200e+00 -7.153e+03 149.529 0.000 
-0.00505050 0.01070041 1.0200e+00 -7.156e+03 149.619 0.000 
-0.00505050 0.01086631 1.0200e+00 -7.162e+03 149.753 0.000 
-0.00505050 0.01103221 1.0200e+00 -7.173e+03 149.887 0.000 
-0.00505050 0.01119810 1.0200e+00 -7.184e+03 150.053 0.000 
-0.00505050 0.01136400 1.0200e+00 -7.198e+03 150.226 0.000 
-0.00505050 0.01152990 1.0200e+00 -7.216e+03 150.445 0.000 
-0.00505050 0.01169580 1.0200e+00 -7.237e+03 150.678 0.000 
-0.00505050 0.01186169 1.0200e+00 -7.260e+03 150.920 0.000 
-0.00505050 0.01202759 1.0200e+00 -7.287e+03 151.204 0.000 
-0.00505050 0.01219349 1.0200e+00 -7.315e+03 151.489 0.000 
-0.00505050 0.01235939 1.0200e+00 -7.348e+03 151.789 0.000 
-0.00517492 0.00605527 1.0200e+00 -8.556e+03 159.435 0.000 
-0.00517492 0.00622117 1.0200e+00 -8.442e+03 158.535 0.000 
-0.00517492 0.00638707 1.0200e+00 -8.336e+03 157.703 0.000 
-0.00517492 0.00655296 1.0200e+00 -8.237e+03 156.930 0.000 
-0.00517492 0.00671886 1.0200e+00 -8.142e+03 156.192 0.000 
-0.00517492 0.00688476 1.0200e+00 -8.054e+03 155.498 0.000 
-0.00517492 0.00705066 1.0200e+00 -7.969e+03 154.850 0.000 
-0.00517492 0.00721656 1.0200e+00 -7.891e+03 154.241 0.000 
-0.00517492 0.00738245 1.0200e+00 -7.817e+03 153.700 0.000 
-0.00517492 0.00754835 1.0200e+00 -7.745e+03 153.162 0.000 
-0.00517492 0.00771425 1.0200e+00 -7.681e+03 152.668 0.000 
-0.00517492 0.00788015 1.0200e+00 -7.619e+03 152.222 0.000 
-0.00517492 0.00804604 1.0200e+00 -7.562e+03 151.784 0.000 
-0.00517492 0.00821194 1.0200e+00 -7.510e+03 151.439 0.000 
-0.00517492 0.00837784 1.0200e+00 -7.462e+03 151.081 0.000 
-0.00517492 0.00854374 1.0200e+00 -7.418e+03 150.763 0.000 
-0.00517492 0.00870964 1.0200e+00 -7.379e+03 150.499 0.000 
-0.00517492 0.00887553 1.0200e+00 -7.342e+03 150.243 0.000 
-0.00517492 0.00904143 1.0200e+00 -7.312e+03 150.034 0.000 
-0.00517492 0.00920733 1.0200e+00 -7.285e+03 149.858 0.000 
-0.00517492 0.00937323 1.0200e+00 -7.259e+03 149.706 0.000 
-0.00517492 0.00953912 1.0200e+00 -7.239e+03 149.585 0.000 
-0.00517492 0.00970502 1.0200e+00 -7.224e+03 149.515 0.000 
-0.00517492 0.00987092 1.0200e+00 -7.208e+03 149.459 0.000 
-0.00517492 0.01003682 1.0200e+00 -7.198e+03 149.445 0.000 
-0.00517492 0.01020272 1.0200e+00 -7.191e+03 149.460 0.000 
-0.00517492 0.01036861 1.0200e+00 -7.184e+03 149.475 0.000 
-0.00517492 0.01053451 1.0200e+00 -7.182e+03 149.545 0.000 
-0.00517492 0.01070041 1.0200e+00 -7.181e+03 149.596 0.000 
-0.00517492 0.01086631 1.0200e+00 -7.183e+03 149.686 0.000 
-0.00517492 0.01103221 1.0200e+00 -7.188e+03 149.819 0.000 
-0.00517492 0.01119810 1.0200e+00 -7.194e+03 149.937 0.000 
-0.00517492 0.01136400 1.0200e+00 -7.204e+03 150.081 0.000 
-0.00517492 0.01152990 1.0200e+00 -7.218e+03 150.238 0.000 
-0.00517492 0.01169580 1.0200e+00 -7.232e+03 150.429 0.000 
-0.00517492 0.01186169 1.0200e+00 -7.251e+03 150.641 0.000 
-0.00517492 0.01202759 1.0200e+00 -7.272e+03 150.871 0.000 
-0.00517492 0.01219349 1.0200e+00 -7.297e+03 151.112 0.000 
-0.00517492 0.01235939 1.0200e+00 -7.324e+03 151.396 0.000 
-0.00529934 0.00605527 1.0200e+00 -8.808e+03 161.104 0.000 
-0.00529934 0.00622117 1.0200e+00 -8.680e+03 160.125 0.000 
-0.00529934 0.00638707 1.0200e+00 -8.561e+03 159.182 0.000 
-0.00529934 0.00655296 1.0200e+00 -8.450e+03 158.323 0.000 
-0.00529934 0.00671886 1.0200e+00 -8.347e+03 157.521 0.000 
-0.00529934 0.00688476 1.0200e+00 -8.248e+03 156.756 0.000 
-0.00529934 0.00705066 1.0200e+00 -8.156e+03 156.094 0.000 
-0.00529934 0.00721656 1.0200e+00 -8.068e+03 155.399 0.000 
-0.00529934 0.00738245 1.0200e+00 -7.985e+03 154.772 0.000 
-0.00529934 0.00754835 1.0200e+00 -7.906e+03 154.174 0.000 
-0.00529934 0.00771425 1.0200e+00 -7.834e+03 153.664 0.000 
-0.00529934 0.00788015 1.0200e+00 -7.764e+03 153.117 0.000 
-0.00529934 0.00804604 1.0200e+00 -7.701e+03 152.678 0.000 
-0.00529934 0.00821194 1.0200e+00 -7.640e+03 152.231 0.000 
-0.00529934 0.00837784 1.0200e+00 -7.585e+03 151.837 0.000 
-0.00529934 0.00854374 1.0200e+00 -7.533e+03 151.485 0.000 
-0.00529934 0.00870964 1.0200e+00 -7.487e+03 151.160 0.000 
-0.00529934 0.00887553 1.0200e+00 -7.445e+03 150.831 0.000 
-0.00529934 0.00904143 1.0200e+00 -7.405e+03 150.540 0.000 
-0.00529934 0.00920733 1.0200e+00 -7.373e+03 150.346 0.000 
-0.00529934 0.00937323 1.0200e+00 -7.341e+03 150.112 0.000 
-0.00529934 0.00953912 1.0200e+00 -7.314e+03 149.941 0.000 
-0.00529934 0.00970502 1.0200e+00 -7.291e+03 149.814 0.000 
-0.00529934 0.00987092 1.0200e+00 -7.272e+03 149.719 0.000 
-0.00529934 0.01003682 1.0200e+00 -7.255e+03 149.657 0.000 
-0.00529934 0.01020272 1.0200e+00 -7.242e+03 149.611 0.000 
-0.00529934 0.01036861 1.0200e+00 -7.233e+03 149.599 0.000 
-0.00529934 0.01053451 1.0200e+00 -7.223e+03 149.615 0.000 
-0.00529934 0.01070041 1.0200e+00 -7.219e+03 149.679 0.000 
-0.00529934 0.01086631 1.0200e+00 -7.217e+03 149.744 0.000 
-0.00529934 0.01103221 1.0200e+00 -7.215e+03 149.776 0.000 
-0.00529934 0.01119810 1.0200e+00 -7.219e+03 149.928 0.000 
-0.00529934 0.01136400 1.0200e+00 -7.222e+03 150.023 0.000 
-0.00529934 0.01152990 1.0200e+00 -7.231e+03 150.163 0.000 
-0.00529934 0.01169580 1.0200e+00 -7.240e+03 150.300 0.000 
-0.00529934 0.01186169 1.0200e+00 -7.256e+03 150.492 0.000 
-0.00529934 0.01202759 1.0200e+00 -7.270e+03 150.643 0.000 
-0.00529934 0.01219349 1.0200e+00 -7.289e+03 150.867 0.000 
-0.00529934 0.01235939 1.0200e+00 -7.313e+03 151.120 0.000 
-0.00542377 0.00605527 1.0200e+00 -9.085e+03 162.893 0.000 
-0.00542377 0.00622117 1.0200e+00 -8.945e+03 161.821 0.000 
-0.00542377 0.00638707 1.0200e+00 -8.813e+03 160.805 0.000 
-0.00542377 0.00655296 1.0200e+00 -8.689e+03 159.906 0.000 
-0.00542377 0.00671886 1.0200e+00 -8.572e+03 159.009 0.000 
-0.00542377 0.00688476 1.0200e+00 -8.464e+03 158.184 0.000 
-0.00542377 0.00705066 1.0200e+00 -8.360e+03 157.388 0.000 
-0.00542377 0.00721656 1.0200e+00 -8.264e+03 156.674 0.000 
-0.00542377 0.00738245 1.0200e+00 -8.172e+03 155.977 0.000 
-0.00542377 0.00754835 1.0200e+00 -8.085e+03 155.329 0.000 
-0.00542377 0.00771425 1.0200e+00 -8.003e+03 154.703 0.000 
-0.00542377 0.00788015 1.0200e+00 -7.925e+03 154.139 0.000 
-0.00542377 0.00804604 1.0200e+00 -7.855e+03 153.630 0.000 
-0.00542377 0.00821194 1.0200e+00 -7.787e+03 153.127 0.000 
-0.00542377 0.00837784 1.0200e+00 -7.724e+03 152.689 0.000 
-0.00542377 0.00854374 1.0200e+00 -7.664e+03 152.249 0.000 
-0.00542377 0.00870964 1.0200e+00 -7.612e+03 151.881 0.000 
-0.00542377 0.00887553 1.0200e+00 -7.561e+03 151.538 0.000 
-0.00542377 0.00904143 1.0200e+00 -7.515e+03 151.203 0.000 
-0.00542377 0.00920733 1.0200e+00 -7.474e+03 150.931 0.000 
-0.00542377 0.00937323 1.0200e+00 -7.438e+03 150.673 0.000 
-0.00542377 0.00953912 1.0200e+00 -7.406e+03 150.451 0.000 
-0.00542377 0.00970502 1.0200e+00 -7.375e+03 150.293 0.000 
-0.00542377 0.00987092 1.0200e+00 -7.351e+03 150.117 0.000 
-0.00542377 0.01003682 1.0200e+00 -7.328e+03 149.986 0.000 
-0.00542377 0.01020272 1.0200e+00 -7.308e+03 149.894 0.000 
-0.00542377 0.01036861 1.0200e+00 -7.294e+03 149.846 0.000 
-0.00542377 0.01053451 1.0200e+00 -7.281e+03 149.802 0.000 
-0.00542377 0.01070041 1.0200e+00 -7.270e+03 149.806 0.000 
-0.00542377 0.01086631 1.0200e+00 -7.263e+03 149.827 0.000 
-0.00542377 0.01103221 1.0200e+00 -7.257e+03 149.896 0.000 
-0.00542377 0.01119810 1.0200e+00 -7.255e+03 149.951 0.000 
-0.00542377 0.01136400 1.0200e+00 -7.255e+03 150.041 0.000 
-0.00542377 0.01152990 1.0200e+00 -7.257e+03 150.148 0.000 
-0.00542377 0.01169580 1.0200e+00 -7.263e+03 150.285 0.000 
-0.00542377 0.01186169 1.0200e+00 -7.271e+03 150.399 0.000 
-0.00542377 0.01202759 1.0200e+00 -7.283e+03 150.564 0.000 
-0.00542377 0.01219349 1.0200e+00 -7.297e+03 150.742 0.000 
-0.00542377 0.01235939 1.0200e+00 -7.314e+03 150.927 0.000 
-0.00554819 0.00605527 1.0200e+00 -9.396e+03 164.896 0.000 
-0.00554819 0.00622117 1.0200e+00 -9.240e+03 163.732 0.000 
-0.00554819 0.00638707 1.0200e+00 -9.093e+03 162.641 0.000 
-0.00554819 0.00655296 1.0200e+00 -8.955e+03 161.598 0.000 
-0.00554819 0.00671886 1.0200e+00 -8.824e+03 160.614 0.000 
-0.00554819 0.00688476 1.0200e+00 -8.703e+03 159.705 0.000 
-0.00554819 0.00705066 1.0200e+00 -8.588e+03 158.867 0.000 
-0.00554819 0.00721656 1.0200e+00 -8.481e+03 158.066 0.000 
-0.00554819 0.00738245 1.0200e+00 -8.380e+03 157.293 0.000 
-0.00554819 0.00754835 1.0200e+00 -8.283e+03 156.585 0.000 
-0.00554819 0.00771425 1.0200e+00 -8.193e+03 155.905 0.000 
-0.00554819 0.00788015 1.0200e+00 -8.107e+03 155.294 0.000 
-0.00554819 0.00804604 1.0200e+00 -8.027e+03 154.703 0.000 
-0.00554819 0.00821194 1.0200e+00 -7.951e+03 154.169 0.000 
-0.00554819 0.00837784 1.0200e+00 -7.881e+03 153.662 0.000 
-0.00554819 0.00854374 1.0200e+00 -7.815e+03 153.196 0.000 
-0.00554819 0.00870964 1.0200e+00 -7.753e+03 152.752 0.000 
-0.00554819 0.00887553 1.0200e+00 -7.695e+03 152.326 0.000 
-0.00554819 0.00904143 1.0200e+00 -7.643e+03 151.977 0.000 
-0.00554819 0.00920733 1.0200e+00 -7.595e+03 151.640 0.000 
-0.00554819 0.00937323 1.0200e+00 -7.549e+03 151.335 0.000 
-0.00554819 0.00953912 1.0200e+00 -7.510e+03 151.048 0.000 
-0.00554819 0.00970502 1.0200e+00 -7.474e+03 150.827 0.000 
-0.00554819 0.00987092 1.0200e+00 -7.444e+03 150.596 0.000 
-0.00554819 0.01003682 1.0200e+00 -7.416e+03 150.438 0.000 
-0.00554819 0.01020272 1.0200e+00 -7.391e+03 150.295 0.000 
-0.00554819 0.01036861 1.0200e+00 -7.368e+03 150.179 0.000 
-0.00554819 0.01053451 1.0200e+00 -7.352e+03 150.104 0.000 
-0.00554819 0.01070041 1.0200e+00 -7.336e+03 150.069 0.000 
-0.00554819 0.01086631 1.0200e+00 -7.324e+03 150.054 0.000 
-0.00554819 0.01103221 1.0200e+00 -7.313e+03 150.070 0.000 
-0.00554819 0.01119810 1.0200e+00 -7.306e+03 150.098 0.000 
-0.00554819 0.01136400 1.0200e+00 -7.302e+03 150.153 0.000 
-0.00554819 0.01152990 1.0200e+00 -7.299e+03 150.222 0.000 
-0.00554819 0.01169580 1.0200e+00 -7.299e+03 150.324 0.000 
-0.00554819 0.01186169 1.0200e+00 -7.302e+03 150.442 0.000 
-0.00554819 0.01202759 1.0200e+00 -7.307e+03 150.540 0.000 
-0.00554819 0.01219349 1.0200e+00 -7.317e+03 150.685 0.000 
-0.00554819 0.01235939 1.0200e+00 -7.329e+03 150.847 0.000 
-0.00567261 0.00605527 1.0200e+00 -9.742e+03 167.129 0.000 
-0.00567261 0.00622117 1.0200e+00 -9.567e+03 165.812 0.000 
-0.00567261 0.00638707 1.0200e+00 -9.405e+03 164.626 0.000 
-0.00567261 0.00655296 1.0200e+00 -9.249e+03 163.489 0.000 
-0.00567261 0.00671886 1.0200e+00 -9.104e+03 162.404 0.000 
-0.00567261 0.00688476 1.0200e+00 -8.969e+03 161.380 0.000 
-0.00567261 0.00705066 1.0200e+00 -8.843e+03 160.465 0.000 
-0.00567261 0.00721656 1.0200e+00 -8.722e+03 159.586 0.000 
-0.00567261 0.00738245 1.0200e+00 -8.610e+03 158.754 0.000 
-0.00567261 0.00754835 1.0200e+00 -8.503e+03 157.986 0.000 
-0.00567261 0.00771425 1.0200e+00 -8.402e+03 157.233 0.000 
-0.00567261 0.00788015 1.0200e+00 -8.307e+03 156.548 0.000 
-0.00567261 0.00804604 1.0200e+00 -8.219e+03 155.889 0.000 
-0.00567261 0.00821194 1.0200e+00 -8.135e+03 155.301 0.000 
-0.00567261 0.00837784 1.0200e+00 -8.055e+03 154.726 0.000 
-0.00567261 0.00854374 1.0200e+00 -7.979e+03 154.187 0.000 
-0.00567261 0.00870964 1.0200e+00 -7.912e+03 153.699 0.000 
-0.00567261 0.00887553 1.0200e+00 -7.846e+03 153.250 0.000 
-0.00567261 0.00904143 1.0200e+00 -7.786e+03 152.814 0.000 
-0.00567261 0.00920733 1.0200e+00 -7.729e+03 152.429 0.000 
-0.00567261 0.00937323 1.0200e+00 -7.680e+03 152.134 0.000 
-0.00567261 0.00953912 1.0200e+00 -7.633e+03 151.782 0.000 
-0.00567261 0.00970502 1.0200e+00 -7.590e+03 151.511 0.000 
-0.00567261 0.00987092 1.0200e+00 -7.551e+03 151.247 0.000 
-0.00567261 0.01003682 1.0200e+00 -7.518e+03 151.017 0.000 
-0.00567261 0.01020272 1.0200e+00 -7.485e+03 150.799 0.000 
-0.00567261 0.01036861 1.0200e+00 -7.460e+03 150.677 0.000 
-0.00567261 0.01053451 1.0200e+00 -7.435e+03 150.522 0.000 
-0.00567261 0.01070041 1.0200e+00 -7.416e+03 150.436 0.000 
-0.00567261 0.01086631 1.0200e+00 -7.397e+03 150.388 0.000 
-0.00567261 0.01103221 1.0200e+00 -7.383e+03 150.359 0.000 
-0.00567261 0.01119810 1.0200e+00 -7.369e+03 150.328 0.000 
-0.00567261 0.01136400 1.0200e+00 -7.362e+03 150.368 0.000 
-0.00567261 0.01152990 1.0200e+00 -7.353e+03 150.400 0.000 
-0.00567261 0.01169580 1.0200e+00 -7.350e+03 150.475 0.000 
-0.00567261 0.01186169 1.0200e+00 -7.348e+03 150.529 0.000 
-0.00567261 0.01202759 1.0200e+00 -7.348e+03 150.613 0.000 
-0.00567261 0.01219349 1.0200e+00 -7.352e+03 150.742 0.000 
-0.00567261 0.01235939 1.0200e+00 -7.358e+03 150.878 0.000 
-0.00579704 0.00605527 1.0200e+00 -1.013e+04 169.633 0.000 
-0.00579704 0.00622117 1.0200e+00 -9.933e+03 168.183 0.000 
-0.00579704 0.00638707 1.0200e+00 -9.751e+03 166.868 0.000 
-0.00579704 0.00655296 1.0200e+00 -9.578e+03 165.604 0.000 
-0.00579704 0.00671886 1.0200e+00 -9.418e+03 164.448 0.000 
-0.00579704 0.00688476 1.0200e+00 -9.267e+03 163.332 0.000 
-0.00579704 0.00705066 1.0200e+00 -9.125e+03 162.272 0.000 
-0.00579704 0.00721656 1.0200e+00 -8.991e+03 161.289 0.000 
-0.00579704 0.00738245 1.0200e+00 -8.866e+03 160.378 0.000 
-0.00579704 0.00754835 1.0200e+00 -8.748e+03 159.533 0.000 
-0.00579704 0.00771425 1.0200e+00 -8.636e+03 158.700 0.000 
-0.00579704 0.00788015 1.0200e+00 -8.532e+03 157.948 0.000 
-0.00579704 0.00804604 1.0200e+00 -8.433e+03 157.240 0.000 
-0.00579704 0.00821194 1.0200e+00 -8.339e+03 156.563 0.000 
-0.00579704 0.00837784 1.0200e+00 -8.250e+03 155.939 0.000 
-0.00579704 0.00854374 1.0200e+00 -8.167e+03 155.357 0.000 
-0.00579704 0.00870964 1.0200e+00 -8.089e+03 154.777 0.000 
-0.00579704 0.00887553 1.0200e+00 -8.016e+03 154.278 0.000 
-0.00579704 0.00904143 1.0200e+00 -7.946e+03 153.791 0.000 
-0.00579704 0.00920733 1.0200e+00 -7.883e+03 153.344 0.000 
-0.00579704 0.00937323 1.0200e+00 -7.827e+03 152.979 0.000 
-0.00579704 0.00953912 1.0200e+00 -7.770e+03 152.582 0.000 
-0.00579704 0.00970502 1.0200e+00 -7.723e+03 152.288 0.000 
-0.00579704 0.00987092 1.0200e+00 -7.678e+03 151.969 0.000 
-0.00579704 0.01003682 1.0200e+00 -7.637e+03 151.695 0.000 
-0.00579704 0.01020272 1.0200e+00 -7.597e+03 151.462 0.000 
-0.00579704 0.01036861 1.0200e+00 -7.565e+03 151.261 0.000 
-0.00579704 0.01053451 1.0200e+00 -7.536e+03 151.087 0.000 
-0.00579704 0.01070041 1.0200e+00 -7.509e+03 150.921 0.000 
-0.00579704 0.01086631 1.0200e+00 -7.486e+03 150.817 0.000 
-0.00579704 0.01103221 1.0200e+00 -7.466e+03 150.735 0.000 
-0.00579704 0.01119810 1.0200e+00 -7.449e+03 150.661 0.000 
-0.00579704 0.01136400 1.0200e+00 -7.434e+03 150.661 0.000 
-0.00579704 0.01152990 1.0200e+00 -7.424e+03 150.684 0.000 
-0.00579704 0.01169580 1.0200e+00 -7.415e+03 150.741 0.000 
-0.00579704 0.01186169 1.0200e+00 -7.407e+03 150.755 0.000 
-0.00579704 0.01202759 1.0200e+00 -7.402e+03 150.822 0.000 
-0.00579704 0.01219349 1.0200e+00 -7.400e+03 150.899 0.000 
-0.00579704 0.01235939 1.0200e+00 -7.404e+03 151.019 0.000 
-0.00592146 0.00605527 1.0200e+00 -1.056e+04 172.403 0.000 
-0.00592146 0.00622117 1.0200e+00 -1.034e+04 170.845 0.000 
-0.00592146 0.00638707 1.0200e+00 -1.013e+04 169.362 0.000 
-0.00592146 0.00655296 1.0200e+00 -9.943e+03 167.973 0.000 
-0.00592146 0.00671886 1.0200e+00 -9.764e+03 166.687 0.000 
-0.00592146 0.00688476 1.0200e+00 -9.595e+03 165.440 0.000 
-0.00592146 0.00705066 1.0200e+00 -9.439e+03 164.305 0.000 
-0.00592146 0.00721656 1.0200e+00 -9.290e+03 163.202 0.000 
-0.00592146 0.00738245 1.0200e+00 -9.150e+03 162.181 0.000 
-0.00592146 0.00754835 1.0200e+00 -9.018e+03 161.252 0.000 
-0.00592146 0.00771425 1.0200e+00 -8.895e+03 160.365 0.000 
-0.00592146 0.00788015 1.0200e+00 -8.779e+03 159.528 0.000 
-0.00592146 0.00804604 1.0200e+00 -8.668e+03 158.720 0.000 
-0.00592146 0.00821194 1.0200e+00 -8.564e+03 158.008 0.000 
-0.00592146 0.00837784 1.0200e+00 -8.468e+03 157.308 0.000 
-0.00592146 0.00854374 1.0200e+00 -8.373e+03 156.622 0.000 
-0.00592146 0.00870964 1.0200e+00 -8.287e+03 156.030 0.000 
-0.00592146 0.00887553 1.0200e+00 -8.206e+03 155.459 0.000 
-0.00592146 0.00904143 1.0200e+00 -8.128e+03 154.907 0.000 
-0.00592146 0.00920733 1.0200e+00 -8.057e+03 154.406 0.000 
-0.00592146 0.00937323 1.0200e+00 -7.990e+03 153.939 0.000 
-0.00592146 0.00953912 1.0200e+00 -7.928e+03 153.526 0.000 
-0.00592146 0.00970502 1.0200e+00 -7.872e+03 153.139 0.000 
-0.00592146 0.00987092 1.0200e+00 -7.818e+03 152.761 0.000 
-0.00592146 0.01003682 1.0200e+00 -7.772e+03 152.467 0.000 
-0.00592146 0.01020272 1.0200e+00 -7.728e+03 152.201 0.000 
-0.00592146 0.01036861 1.0200e+00 -7.688e+03 151.940 0.000 
-0.00592146 0.01053451 1.0200e+00 -7.650e+03 151.700 0.000 
-0.00592146 0.01070041 1.0200e+00 -7.619e+03 151.529 0.000 
-0.00592146 0.01086631 1.0200e+00 -7.590e+03 151.350 0.000 
-0.00592146 0.01103221 1.0200e+00 -7.565e+03 151.246 0.000 
-0.00592146 0.01119810 1.0200e+00 -7.542e+03 151.139 0.000 
-0.00592146 0.01136400 1.0200e+00 -7.524e+03 151.078 0.000 
-0.00592146 0.01152990 1.0200e+00 -7.507e+03 151.053 0.000 
-0.00592146 0.01169580 1.0200e+00 -7.491e+03 151.013 0.000 
-0.00592146 0.01186169 1.0200e+00 -7.480e+03 151.047 0.000 
-0.00592146 0.01202759 1.0200e+00 -7.473e+03 151.098 0.000 
-0.00592146 0.01219349 1.0200e+00 -7.465e+03 151.142 0.000 
-0.00592146 0.01235939 1.0200e+00 -7.463e+03 151.218 0.000 
-0.00604588 0.00605527 1.0200e+00 -1.103e+04 175.491 0.000 
-0.00604588 0.00622117 1.0200e+00 -1.079e+04 173.765 0.000 
-0.00604588 0.00638707 1.0200e+00 -1.056e+04 172.159 0.000 
-0.00604588 0.00655296 1.0200e+00 -1.035e+04 170.630 0.000 
-0.00604588 0.00671886 1.0200e+00 -1.015e+04 169.181 0.000 
-0.00604588 0.00688476 1.0200e+00 -9.962e+03 167.818 0.000 
-0.00604588 0.00705066 1.0200e+00 -9.786e+03 166.535 0.000 
-0.00604588 0.00721656 1.0200e+00 -9.620e+03 165.354 0.000 
-0.00604588 0.00738245 1.0200e+00 -9.465e+03 164.235 0.000 
-0.00604588 0.00754835 1.0200e+00 -9.318e+03 163.169 0.000 
-0.00604588 0.00771425 1.0200e+00 -9.180e+03 162.149 0.000 
-0.00604588 0.00788015 1.0200e+00 -9.052e+03 161.258 0.000 
-0.00604588 0.00804604 1.0200e+00 -8.930e+03 160.375 0.000 
-0.00604588 0.00821194 1.0200e+00 -8.813e+03 159.579 0.000 
-0.00604588 0.00837784 1.0200e+00 -8.705e+03 158.798 0.000 
-0.00604588 0.00854374 1.0200e+00 -8.604e+03 158.072 0.000 
-0.00604588 0.00870964 1.0200e+00 -8.506e+03 157.411 0.000 
-0.00604588 0.00887553 1.0200e+00 -8.415e+03 156.768 0.000 
-0.00604588 0.00904143 1.0200e+00 -8.330e+03 156.139 0.000 
-0.00604588 0.00920733 1.0200e+00 -8.250e+03 155.601 0.000 
-0.00604588 0.00937323 1.0200e+00 -8.174e+03 155.056 0.000 
-0.00604588 0.00953912 1.0200e+00 -8.104e+03 154.590 0.000 
-0.00604588 0.00970502 1.0200e+00 -8.039e+03 154.115 0.000 
-0.00604588 0.00987092 1.0200e+00 -7.978e+03 153.698 0.000 
-0.00604588 0.01003682 1.0200e+00 -7.922e+03 153.343 0.000 
-0.00604588 0.01020272 1.0200e+00 -7.872e+03 153.009 0.000 
-0.00604588 0.01036861 1.0200e+00 -7.826e+03 152.695 0.000 
-0.00604588 0.01053451 1.0200e+00 -7.781e+03 152.420 0.000 
-0.00604588 0.01070041 1.0200e+00 -7.745e+03 152.222 0.000 
-0.00604588 0.01086631 1.0200e+00 -7.709e+03 151.994 0.000 
-0.00604588 0.01103221 1.0200e+00 -7.679e+03 151.837 0.000 
-0.00604588 0.01119810 1.0200e+00 -7.650e+03 151.701 0.000 
-0.00604588 0.01136400 1.0200e+00 -7.626e+03 151.580 0.000 
-0.00604588 0.01152990 1.0200e+00 -7.604e+03 151.498 0.000 
-0.00604588 0.01169580 1.0200e+00 -7.585e+03 151.466 0.000 
-0.00604588 0.01186169 1.0200e+00 -7.568e+03 151.433 0.000 
-0.00604588 0.01202759 1.0200e+00 -7.556e+03 151.433 0.000 
-0.00604588 0.01219349 1.0200e+00 -7.545e+03 151.472 0.000 
-0.00604588 0.01235939 1.0200e+00 -7.535e+03 151.505 0.000 
-0.00617031 0.00605527 1.0200e+00 -1.156e+04 178.814 0.000 
-0.00617031 0.00622117 1.0200e+00 -1.129e+04 176.958 0.000 
-0.00617031 0.00638707 1.0200e+00 -1.104e+04 175.185 0.000 
-0.00617031 0.00655296 1.0200e+00 -1.080e+04 173.523 0.000 
-0.00617031 0.00671886 1.0200e+00 -1.057e+04 171.944 0.000 
-0.00617031 0.00688476 1.0200e+00 -1.037e+04 170.454 0.000 
-0.00617031 0.00705066 1.0200e+00 -1.017e+04 169.048 0.000 
-0.00617031 0.00721656 1.0200e+00 -9.983e+03 167.754 0.000 
-0.00617031 0.00738245 1.0200e+00 -9.811e+03 166.475 0.000 
-0.00617031 0.00754835 1.0200e+00 -9.648e+03 165.303 0.000 
-0.00617031 0.00771425 1.0200e+00 -9.495e+03 164.201 0.000 
-0.00617031 0.00788015 1.0200e+00 -9.352e+03 163.192 0.000 
-0.00617031 0.00804604 1.0200e+00 -9.216e+03 162.207 0.000 
-0.00617031 0.00821194 1.0200e+00 -9.088e+03 161.297 0.000 
-0.00617031 0.00837784 1.0200e+00 -8.968e+03 160.483 0.000 
-0.00617031 0.00854374 1.0200e+00 -8.855e+03 159.672 0.000 
-0.00617031 0.00870964 1.0200e+00 -8.746e+03 158.918 0.000 
-0.00617031 0.00887553 1.0200e+00 -8.646e+03 158.220 0.000 
-0.00617031 0.00904143 1.0200e+00 -8.550e+03 157.565 0.000 
-0.00617031 0.00920733 1.0200e+00 -8.461e+03 156.932 0.000 
-0.00617031 0.00937323 1.0200e+00 -8.377e+03 156.337 0.000 
-0.00617031 0.00953912 1.0200e+00 -8.297e+03 155.798 0.000 
-0.00617031 0.00970502 1.0200e+00 -8.224e+03 155.279 0.000 
-0.00617031 0.00987092 1.0200e+00 -8.155e+03 154.805 0.000 
-0.00617031 0.01003682 1.0200e+00 -8.092e+03 154.351 0.000 
-0.00617031 0.01020272 1.0200e+00 -8.035e+03 153.984 0.000 
-0.00617031 0.01036861 1.0200e+00 -7.979e+03 153.575 0.000 
-0.00617031 0.01053451 1.0200e+00 -7.929e+03 153.272 0.000 
-0.00617031 0.01070041 1.0200e+00 -7.885e+03 152.991 0.000 
-0.00617031 0.01086631 1.0200e+00 -7.842e+03 152.728 0.000 
-0.00617031 0.01103221 1.0200e+00 -7.804e+03 152.504 0.000 
-0.00617031 0.01119810 1.0200e+00 -7.770e+03 152.318 0.000 
-0.00617031 0.01136400 1.0200e+00 -7.742e+03 152.172 0.000 
-0.00617031 0.01152990 1.0200e+00 -7.713e+03 152.036 0.000 
-0.00617031 0.01169580 1.0200e+00 -7.691e+03 151.958 0.000 
-0.00617031 0.01186169 1.0200e+00 -7.668e+03 151.890 0.000 
-0.00617031 0.01202759 1.0200e+00 -7.651e+03 151.860 0.000 
-0.00617031 0.01219349 1.0200e+00 -7.635e+03 151.851 0.000 
-0.00617031 0.01235939 1.0200e+00 -7.622e+03 151.837 0.000 
