-0.0078 0.0002 3.4935e-01 -5.429e+01 0.13996 0.000 0.07800 0.06197 
-0.0078 0.0006 3.4822e-01 -5.434e+01 0.13996 0.000 0.07798 0.06197 
-0.0078 0.0010 3.4701e-01 -5.440e+01 0.13995 0.000 0.07802 0.06192 
-0.0078 0.0014 3.4577e-01 -5.447e+01 0.13995 0.000 0.07810 0.06185 
-0.0078 0.0018 3.4460e-01 -5.446e+01 0.13995 0.000 0.07807 0.06188 
-0.0078 0.0022 3.4333e-01 -5.449e+01 0.13995 0.000 0.07811 0.06185 
-0.0078 0.0026 3.4205e-01 -5.452e+01 0.13997 0.000 0.07806 0.06190 
-0.0078 0.0030 3.4075e-01 -5.453e+01 0.13995 0.000 0.07801 0.06194 
-0.0078 0.0034 3.3936e-01 -5.459e+01 0.13996 0.000 0.07806 0.06189 
-0.0078 0.0038 3.3803e-01 -5.459e+01 0.13995 0.000 0.07806 0.06188 
-0.0078 0.0042 3.3669e-01 -5.458e+01 0.13997 0.000 0.07801 0.06196 
-0.0078 0.0046 3.3530e-01 -5.459e+01 0.13996 0.000 0.07800 0.06196 
-0.0078 0.0050 3.3378e-01 -5.467e+01 0.13997 0.000 0.07810 0.06187 
-0.0078 0.0054 3.3239e-01 -5.467e+01 0.13996 0.000 0.07805 0.06191 
-0.0078 0.0058 3.3092e-01 -5.470e+01 0.13996 0.000 0.07808 0.06188 
-0.0078 0.0062 3.2949e-01 -5.472e+01 0.13995 0.000 0.07810 0.06185 
-0.0078 0.0066 3.2788e-01 -5.484e+01 0.13995 0.000 0.07828 0.06167 
-0.0078 0.0070 3.2659e-01 -5.476e+01 0.13996 0.000 0.07817 0.06178 
-0.0078 0.0074 3.2517e-01 -5.476e+01 0.13996 0.000 0.07815 0.06182 
-0.0078 0.0078 3.2368e-01 -5.482e+01 0.13996 0.000 0.07821 0.06175 
-0.0078 0.0082 3.2234e-01 -5.480e+01 0.13996 0.000 0.07815 0.06181 
-0.0078 0.0086 3.2108e-01 -5.473e+01 0.13996 0.000 0.07806 0.06190 
-0.0078 0.0090 3.1964e-01 -5.479e+01 0.13996 0.000 0.07817 0.06178 
-0.0078 0.0094 3.1834e-01 -5.477e+01 0.13997 0.000 0.07813 0.06184 
-0.0078 0.0098 3.1705e-01 -5.477e+01 0.13996 0.000 0.07812 0.06184 
-0.0078 0.0102 3.1581e-01 -5.475e+01 0.13996 0.000 0.07805 0.06191 
-0.0078 0.0106 3.1458e-01 -5.476e+01 0.13997 0.000 0.07805 0.06192 
-0.0078 0.0110 3.1342e-01 -5.474e+01 0.13995 0.000 0.07804 0.06191 
-0.0078 0.0114 3.1227e-01 -5.474e+01 0.13995 0.000 0.07805 0.06190 
-0.0078 0.0118 3.1095e-01 -5.487e+01 0.13997 0.000 0.07824 0.06173 
-0.0078 0.0122 3.1009e-01 -5.474e+01 0.13995 0.000 0.07806 0.06189 
-0.0078 0.0126 3.0908e-01 -5.474e+01 0.13996 0.000 0.07814 0.06181 
-0.0078 0.0130 3.0824e-01 -5.467e+01 0.13997 0.000 0.07809 0.06188 
-0.0078 0.0134 3.0757e-01 -5.452e+01 0.13995 0.000 0.07797 0.06198 
-0.0078 0.0138 3.0666e-01 -5.455e+01 0.13997 0.000 0.07808 0.06189 
-0.0078 0.0142 3.0603e-01 -5.445e+01 0.13995 0.000 0.07795 0.06200 
-0.0078 0.0146 3.0528e-01 -5.446e+01 0.13997 0.000 0.07797 0.06200 
-0.0078 0.0150 3.0461e-01 -5.444e+01 0.13995 0.000 0.07800 0.06195 
-0.0078 0.0154 3.0395e-01 -5.446e+01 0.13997 0.000 0.07803 0.06195 
-0.0078 0.0158 3.0350e-01 -5.438e+01 0.13996 0.000 0.07798 0.06198 
-0.0074 0.0002 3.4214e-01 -5.440e+01 0.13996 0.000 0.07809 0.06187 
-0.0074 0.0006 3.4100e-01 -5.443e+01 0.13996 0.000 0.07809 0.06187 
-0.0074 0.0010 3.3988e-01 -5.442e+01 0.13997 0.000 0.07804 0.06192 
-0.0074 0.0014 3.3869e-01 -5.443e+01 0.13997 0.000 0.07805 0.06192 
-0.0074 0.0018 3.3744e-01 -5.447e+01 0.13996 0.000 0.07807 0.06189 
-0.0074 0.0022 3.3610e-01 -5.455e+01 0.13996 0.000 0.07813 0.06183 
-0.0074 0.0026 3.3485e-01 -5.455e+01 0.13996 0.000 0.07806 0.06191 
-0.0074 0.0030 3.3356e-01 -5.455e+01 0.13996 0.000 0.07802 0.06193 
-0.0074 0.0034 3.3229e-01 -5.452e+01 0.13996 0.000 0.07796 0.06200 
-0.0074 0.0038 3.3083e-01 -5.462e+01 0.13996 0.000 0.07808 0.06189 
-0.0074 0.0042 3.2947e-01 -5.463e+01 0.13995 0.000 0.07807 0.06189 
-0.0074 0.0046 3.2809e-01 -5.466e+01 0.13996 0.000 0.07806 0.06190 
-0.0074 0.0050 3.2672e-01 -5.466e+01 0.13997 0.000 0.07802 0.06196 
-0.0074 0.0054 3.2527e-01 -5.471e+01 0.13996 0.000 0.07808 0.06188 
-0.0074 0.0058 3.2385e-01 -5.475e+01 0.13996 0.000 0.07809 0.06187 
-0.0074 0.0062 3.2249e-01 -5.475e+01 0.13996 0.000 0.07811 0.06185 
-0.0074 0.0066 3.2100e-01 -5.483e+01 0.13996 0.000 0.07822 0.06173 
-0.0074 0.0070 3.1958e-01 -5.487e+01 0.13997 0.000 0.07822 0.06174 
-0.0074 0.0074 3.1828e-01 -5.486e+01 0.13997 0.000 0.07821 0.06176 
-0.0074 0.0078 3.1697e-01 -5.484e+01 0.13996 0.000 0.07819 0.06177 
-0.0074 0.0082 3.1570e-01 -5.482e+01 0.13996 0.000 0.07817 0.06180 
-0.0074 0.0086 3.1451e-01 -5.477e+01 0.13996 0.000 0.07809 0.06187 
-0.0074 0.0090 3.1319e-01 -5.482e+01 0.13996 0.000 0.07810 0.06186 
-0.0074 0.0094 3.1188e-01 -5.488e+01 0.13997 0.000 0.07814 0.06182 
-0.0074 0.0098 3.1065e-01 -5.491e+01 0.13997 0.000 0.07818 0.06179 
-0.0074 0.0102 3.0960e-01 -5.486e+01 0.13997 0.000 0.07808 0.06188 
-0.0074 0.0106 3.0851e-01 -5.486e+01 0.13996 0.000 0.07808 0.06188 
-0.0074 0.0110 3.0726e-01 -5.496e+01 0.13996 0.000 0.07826 0.06171 
-0.0074 0.0114 3.0653e-01 -5.480e+01 0.13996 0.000 0.07808 0.06189 
-0.0074 0.0118 3.0564e-01 -5.475e+01 0.13995 0.000 0.07805 0.06189 
-0.0074 0.0122 3.0482e-01 -5.469e+01 0.13995 0.000 0.07803 0.06192 
-0.0074 0.0126 3.0410e-01 -5.461e+01 0.13996 0.000 0.07797 0.06200 
-0.0074 0.0130 3.0332e-01 -5.460e+01 0.13996 0.000 0.07802 0.06193 
-0.0074 0.0134 3.0251e-01 -5.464e+01 0.13997 0.000 0.07807 0.06190 
-0.0074 0.0138 3.0175e-01 -5.467e+01 0.13996 0.000 0.07818 0.06178 
-0.0074 0.0142 3.0136e-01 -5.453e+01 0.13995 0.000 0.07799 0.06196 
-0.0074 0.0146 3.0078e-01 -5.454e+01 0.13997 0.000 0.07802 0.06195 
-0.0074 0.0150 3.0036e-01 -5.448e+01 0.13996 0.000 0.07796 0.06200 
-0.0074 0.0154 2.9992e-01 -5.446e+01 0.13997 0.000 0.07798 0.06199 
-0.0074 0.0158 2.9959e-01 -5.441e+01 0.13995 0.000 0.07797 0.06199 
-0.0070 0.0002 3.3517e-01 -5.448e+01 0.13996 0.000 0.07809 0.06187 
-0.0070 0.0006 3.3398e-01 -5.452e+01 0.13995 0.000 0.07820 0.06175 
-0.0070 0.0010 3.3287e-01 -5.449e+01 0.13996 0.000 0.07809 0.06187 
-0.0070 0.0014 3.3178e-01 -5.443e+01 0.13995 0.000 0.07795 0.06200 
-0.0070 0.0018 3.3048e-01 -5.449e+01 0.13995 0.000 0.07803 0.06192 
-0.0070 0.0022 3.2917e-01 -5.454e+01 0.13995 0.000 0.07805 0.06191 
-0.0070 0.0026 3.2800e-01 -5.449e+01 0.13995 0.000 0.07794 0.06201 
-0.0070 0.0030 3.2661e-01 -5.457e+01 0.13995 0.000 0.07806 0.06189 
-0.0070 0.0034 3.2523e-01 -5.463e+01 0.13996 0.000 0.07809 0.06187 
-0.0070 0.0038 3.2388e-01 -5.466e+01 0.13996 0.000 0.07810 0.06187 
-0.0070 0.0042 3.2257e-01 -5.466e+01 0.13995 0.000 0.07806 0.06189 
-0.0070 0.0046 3.2098e-01 -5.483e+01 0.13995 0.000 0.07830 0.06165 
-0.0070 0.0050 3.1985e-01 -5.472e+01 0.13996 0.000 0.07802 0.06194 
-0.0070 0.0054 3.1833e-01 -5.484e+01 0.13997 0.000 0.07823 0.06174 
-0.0070 0.0058 3.1700e-01 -5.485e+01 0.13996 0.000 0.07823 0.06172 
-0.0070 0.0062 3.1576e-01 -5.481e+01 0.13996 0.000 0.07815 0.06181 
-0.0070 0.0066 3.1454e-01 -5.477e+01 0.13996 0.000 0.07807 0.06189 
-0.0070 0.0070 3.1322e-01 -5.480e+01 0.13996 0.000 0.07810 0.06186 
-0.0070 0.0074 3.1188e-01 -5.486e+01 0.13997 0.000 0.07817 0.06180 
-0.0070 0.0078 3.1063e-01 -5.487e+01 0.13997 0.000 0.07816 0.06181 
-0.0070 0.0082 3.0939e-01 -5.489e+01 0.13996 0.000 0.07817 0.06179 
-0.0070 0.0086 3.0826e-01 -5.488e+01 0.13997 0.000 0.07811 0.06186 
-0.0070 0.0090 3.0713e-01 -5.487e+01 0.13997 0.000 0.07809 0.06188 
-0.0070 0.0094 3.0608e-01 -5.485e+01 0.13995 0.000 0.07809 0.06186 
-0.0070 0.0098 3.0479e-01 -5.500e+01 0.13997 0.000 0.07828 0.06169 
-0.0070 0.0102 3.0403e-01 -5.484e+01 0.13996 0.000 0.07810 0.06186 
-0.0070 0.0106 3.0320e-01 -5.477e+01 0.13997 0.000 0.07803 0.06194 
-0.0070 0.0110 3.0230e-01 -5.476e+01 0.13996 0.000 0.07804 0.06192 
-0.0070 0.0114 3.0132e-01 -5.483e+01 0.13997 0.000 0.07818 0.06179 
-0.0070 0.0118 3.0063e-01 -5.476e+01 0.13996 0.000 0.07816 0.06180 
-0.0070 0.0122 2.9994e-01 -5.472e+01 0.13996 0.000 0.07814 0.06182 
-0.0070 0.0126 2.9928e-01 -5.470e+01 0.13996 0.000 0.07813 0.06183 
-0.0070 0.0130 2.9867e-01 -5.469e+01 0.13996 0.000 0.07810 0.06187 
-0.0070 0.0134 2.9819e-01 -5.463e+01 0.13995 0.000 0.07804 0.06191 
-0.0070 0.0138 2.9773e-01 -5.461e+01 0.13996 0.000 0.07800 0.06196 
-0.0070 0.0142 2.9709e-01 -5.471e+01 0.13996 0.000 0.07819 0.06177 
-0.0070 0.0146 2.9699e-01 -5.453e+01 0.13997 0.000 0.07798 0.06199 
-0.0070 0.0150 2.9671e-01 -5.449e+01 0.13995 0.000 0.07798 0.06197 
-0.0070 0.0154 2.9646e-01 -5.447e+01 0.13996 0.000 0.07798 0.06198 
-0.0070 0.0158 2.9628e-01 -5.444e+01 0.13996 0.000 0.07798 0.06198 
-0.0066 0.0002 3.2865e-01 -5.438e+01 0.13997 0.000 0.07801 0.06197 
-0.0066 0.0006 3.2751e-01 -5.439e+01 0.13996 0.000 0.07803 0.06193 
-0.0066 0.0010 3.2628e-01 -5.443e+01 0.13995 0.000 0.07806 0.06190 
-0.0066 0.0014 3.2515e-01 -5.439e+01 0.13996 0.000 0.07792 0.06204 
-0.0066 0.0018 3.2388e-01 -5.443e+01 0.13997 0.000 0.07796 0.06201 
-0.0066 0.0022 3.2253e-01 -5.451e+01 0.13996 0.000 0.07808 0.06188 
-0.0066 0.0026 3.2129e-01 -5.451e+01 0.13996 0.000 0.07801 0.06195 
-0.0066 0.0030 3.1993e-01 -5.458e+01 0.13996 0.000 0.07806 0.06190 
-0.0066 0.0034 3.1868e-01 -5.457e+01 0.13996 0.000 0.07797 0.06199 
-0.0066 0.0038 3.1710e-01 -5.477e+01 0.13995 0.000 0.07830 0.06165 
-0.0066 0.0042 3.1605e-01 -5.464e+01 0.13997 0.000 0.07797 0.06199 
-0.0066 0.0046 3.1459e-01 -5.475e+01 0.13997 0.000 0.07818 0.06179 
-0.0066 0.0050 3.1325e-01 -5.479e+01 0.13996 0.000 0.07822 0.06174 
-0.0066 0.0054 3.1215e-01 -5.470e+01 0.13996 0.000 0.07805 0.06191 
-0.0066 0.0058 3.1075e-01 -5.479e+01 0.13995 0.000 0.07817 0.06179 
-0.0066 0.0062 3.0961e-01 -5.475e+01 0.13996 0.000 0.07807 0.06188 
-0.0066 0.0066 3.0838e-01 -5.476e+01 0.13995 0.000 0.07807 0.06189 
-0.0066 0.0070 3.0713e-01 -5.481e+01 0.13996 0.000 0.07812 0.06184 
-0.0066 0.0074 3.0585e-01 -5.489e+01 0.13996 0.000 0.07823 0.06172 
-0.0066 0.0078 3.0486e-01 -5.481e+01 0.13996 0.000 0.07808 0.06188 
-0.0066 0.0082 3.0375e-01 -5.483e+01 0.13997 0.000 0.07809 0.06188 
-0.0066 0.0086 3.0267e-01 -5.485e+01 0.13996 0.000 0.07814 0.06182 
-0.0066 0.0090 3.0173e-01 -5.482e+01 0.13995 0.000 0.07808 0.06187 
-0.0066 0.0094 3.0083e-01 -5.478e+01 0.13997 0.000 0.07804 0.06194 
-0.0066 0.0098 2.9999e-01 -5.474e+01 0.13996 0.000 0.07803 0.06193 
-0.0066 0.0102 2.9917e-01 -5.471e+01 0.13996 0.000 0.07805 0.06191 
-0.0066 0.0106 2.9828e-01 -5.476e+01 0.13997 0.000 0.07816 0.06180 
-0.0066 0.0110 2.9750e-01 -5.478e+01 0.13996 0.000 0.07822 0.06174 
-0.0066 0.0114 2.9697e-01 -5.469e+01 0.13997 0.000 0.07813 0.06184 
-0.0066 0.0118 2.9634e-01 -5.469e+01 0.13997 0.000 0.07811 0.06186 
-0.0066 0.0122 2.9587e-01 -5.463e+01 0.13996 0.000 0.07802 0.06194 
-0.0066 0.0126 2.9539e-01 -5.461e+01 0.13996 0.000 0.07802 0.06194 
-0.0066 0.0130 2.9493e-01 -5.461e+01 0.13996 0.000 0.07804 0.06193 
-0.0066 0.0134 2.9456e-01 -5.460e+01 0.13996 0.000 0.07803 0.06193 
-0.0066 0.0138 2.9426e-01 -5.457e+01 0.13996 0.000 0.07803 0.06193 
-0.0066 0.0142 2.9406e-01 -5.453e+01 0.13996 0.000 0.07799 0.06197 
-0.0066 0.0146 2.9388e-01 -5.450e+01 0.13996 0.000 0.07796 0.06200 
-0.0066 0.0150 2.9369e-01 -5.452e+01 0.13996 0.000 0.07799 0.06197 
-0.0066 0.0154 2.9355e-01 -5.453e+01 0.13996 0.000 0.07800 0.06196 
-0.0066 0.0158 2.9353e-01 -5.451e+01 0.13996 0.000 0.07799 0.06197 
-0.0062 0.0002 3.2235e-01 -5.433e+01 0.13996 0.000 0.07802 0.06194 
-0.0062 0.0006 3.2116e-01 -5.436e+01 0.13996 0.000 0.07800 0.06196 
-0.0062 0.0010 3.2003e-01 -5.433e+01 0.13995 0.000 0.07792 0.06202 
-0.0062 0.0014 3.1880e-01 -5.436e+01 0.13996 0.000 0.07792 0.06204 
-0.0062 0.0018 3.1751e-01 -5.442e+01 0.13996 0.000 0.07794 0.06202 
-0.0062 0.0022 3.1614e-01 -5.453e+01 0.13995 0.000 0.07808 0.06187 
-0.0062 0.0026 3.1489e-01 -5.455e+01 0.13996 0.000 0.07805 0.06191 
-0.0062 0.0030 3.1371e-01 -5.453e+01 0.13996 0.000 0.07795 0.06200 
-0.0062 0.0034 3.1228e-01 -5.465e+01 0.13995 0.000 0.07813 0.06183 
-0.0062 0.0038 3.1113e-01 -5.461e+01 0.13996 0.000 0.07801 0.06196 
-0.0062 0.0042 3.0972e-01 -5.473e+01 0.13995 0.000 0.07820 0.06176 
-0.0062 0.0046 3.0859e-01 -5.468e+01 0.13995 0.000 0.07808 0.06188 
-0.0062 0.0050 3.0727e-01 -5.476e+01 0.13995 0.000 0.07818 0.06177 
-0.0062 0.0054 3.0621e-01 -5.469e+01 0.13997 0.000 0.07804 0.06193 
-0.0062 0.0058 3.0500e-01 -5.473e+01 0.13995 0.000 0.07809 0.06186 
-0.0062 0.0062 3.0382e-01 -5.476e+01 0.13997 0.000 0.07810 0.06187 
-0.0062 0.0066 3.0270e-01 -5.477e+01 0.13997 0.000 0.07809 0.06188 
-0.0062 0.0070 3.0160e-01 -5.479e+01 0.13997 0.000 0.07811 0.06185 
-0.0062 0.0074 3.0054e-01 -5.480e+01 0.13997 0.000 0.07810 0.06187 
-0.0062 0.0078 2.9946e-01 -5.486e+01 0.13995 0.000 0.07818 0.06178 
-0.0062 0.0082 2.9870e-01 -5.474e+01 0.13995 0.000 0.07801 0.06194 
-0.0062 0.0086 2.9779e-01 -5.475e+01 0.13997 0.000 0.07805 0.06192 
-0.0062 0.0090 2.9702e-01 -5.470e+01 0.13996 0.000 0.07798 0.06198 
-0.0062 0.0094 2.9611e-01 -5.476e+01 0.13996 0.000 0.07815 0.06181 
-0.0062 0.0098 2.9549e-01 -5.469e+01 0.13996 0.000 0.07806 0.06190 
-0.0062 0.0102 2.9481e-01 -5.468e+01 0.13996 0.000 0.07805 0.06191 
-0.0062 0.0106 2.9399e-01 -5.479e+01 0.13997 0.000 0.07821 0.06176 
-0.0062 0.0110 2.9358e-01 -5.469e+01 0.13996 0.000 0.07807 0.06190 
-0.0062 0.0114 2.9303e-01 -5.472e+01 0.13996 0.000 0.07809 0.06187 
-0.0062 0.0118 2.9263e-01 -5.469e+01 0.13996 0.000 0.07804 0.06192 
-0.0062 0.0122 2.9228e-01 -5.466e+01 0.13996 0.000 0.07802 0.06195 
-0.0062 0.0126 2.9197e-01 -5.465e+01 0.13996 0.000 0.07800 0.06196 
-0.0062 0.0130 2.9170e-01 -5.464e+01 0.13996 0.000 0.07804 0.06191 
-0.0062 0.0134 2.9155e-01 -5.460e+01 0.13996 0.000 0.07800 0.06196 
-0.0062 0.0138 2.9142e-01 -5.459e+01 0.13996 0.000 0.07799 0.06197 
-0.0062 0.0142 2.9134e-01 -5.458e+01 0.13996 0.000 0.07799 0.06197 
-0.0062 0.0146 2.9133e-01 -5.456e+01 0.13995 0.000 0.07798 0.06197 
-0.0062 0.0150 2.9128e-01 -5.459e+01 0.13997 0.000 0.07801 0.06196 
-0.0062 0.0154 2.9146e-01 -5.452e+01 0.13997 0.000 0.07795 0.06202 
-0.0062 0.0158 2.9162e-01 -5.449e+01 0.13996 0.000 0.07791 0.06204 
-0.0058 0.0002 3.1608e-01 -5.446e+01 0.13996 0.000 0.07823 0.06173 
-0.0058 0.0006 3.1502e-01 -5.441e+01 0.13995 0.000 0.07803 0.06193 
-0.0058 0.0010 3.1374e-01 -5.450e+01 0.13996 0.000 0.07818 0.06178 
-0.0058 0.0014 3.1269e-01 -5.443e+01 0.13997 0.000 0.07793 0.06203 
-0.0058 0.0018 3.1140e-01 -5.450e+01 0.13996 0.000 0.07799 0.06197 
-0.0058 0.0022 3.1013e-01 -5.457e+01 0.13995 0.000 0.07805 0.06190 
-0.0058 0.0026 3.0889e-01 -5.461e+01 0.13997 0.000 0.07801 0.06196 
-0.0058 0.0030 3.0768e-01 -5.464e+01 0.13997 0.000 0.07805 0.06192 
-0.0058 0.0034 3.0643e-01 -5.468e+01 0.13996 0.000 0.07809 0.06187 
-0.0058 0.0038 3.0521e-01 -5.472e+01 0.13996 0.000 0.07815 0.06181 
-0.0058 0.0042 3.0416e-01 -5.466e+01 0.13995 0.000 0.07804 0.06191 
-0.0058 0.0046 3.0290e-01 -5.474e+01 0.13997 0.000 0.07814 0.06183 
-0.0058 0.0050 3.0189e-01 -5.469e+01 0.13995 0.000 0.07804 0.06191 
-0.0058 0.0054 3.0067e-01 -5.477e+01 0.13996 0.000 0.07813 0.06183 
-0.0058 0.0058 2.9962e-01 -5.477e+01 0.13996 0.000 0.07812 0.06184 
-0.0058 0.0062 2.9865e-01 -5.475e+01 0.13997 0.000 0.07804 0.06193 
-0.0058 0.0066 2.9759e-01 -5.479e+01 0.13995 0.000 0.07810 0.06186 
-0.0058 0.0070 2.9659e-01 -5.483e+01 0.13996 0.000 0.07815 0.06181 
-0.0058 0.0074 2.9581e-01 -5.476e+01 0.13997 0.000 0.07806 0.06191 
-0.0058 0.0078 2.9495e-01 -5.477e+01 0.13997 0.000 0.07809 0.06187 
-0.0058 0.0082 2.9419e-01 -5.475e+01 0.13997 0.000 0.07809 0.06188 
-0.0058 0.0086 2.9348e-01 -5.472e+01 0.13998 0.000 0.07809 0.06188 
-0.0058 0.0090 2.9288e-01 -5.467e+01 0.13996 0.000 0.07805 0.06191 
-0.0058 0.0094 2.9213e-01 -5.474e+01 0.13997 0.000 0.07812 0.06184 
-0.0058 0.0098 2.9145e-01 -5.481e+01 0.13996 0.000 0.07821 0.06175 
-0.0058 0.0102 2.9109e-01 -5.472e+01 0.13997 0.000 0.07805 0.06192 
-0.0058 0.0106 2.9053e-01 -5.477e+01 0.13997 0.000 0.07813 0.06184 
-0.0058 0.0110 2.9016e-01 -5.476e+01 0.13997 0.000 0.07810 0.06187 
-0.0058 0.0114 2.8993e-01 -5.470e+01 0.13995 0.000 0.07804 0.06191 
-0.0058 0.0118 2.8948e-01 -5.480e+01 0.13996 0.000 0.07821 0.06175 
-0.0058 0.0122 2.8927e-01 -5.480e+01 0.13997 0.000 0.07823 0.06174 
-0.0058 0.0126 2.8942e-01 -5.463e+01 0.13997 0.000 0.07799 0.06198 
-0.0058 0.0130 2.8934e-01 -5.462e+01 0.13996 0.000 0.07801 0.06196 
-0.0058 0.0134 2.8935e-01 -5.459e+01 0.13995 0.000 0.07801 0.06194 
-0.0058 0.0138 2.8939e-01 -5.459e+01 0.13996 0.000 0.07800 0.06196 
-0.0058 0.0142 2.8943e-01 -5.461e+01 0.13996 0.000 0.07802 0.06194 
-0.0058 0.0146 2.8944e-01 -5.468e+01 0.13996 0.000 0.07817 0.06178 
-0.0058 0.0150 2.8967e-01 -5.465e+01 0.13996 0.000 0.07815 0.06181 
-0.0058 0.0154 2.8993e-01 -5.464e+01 0.13996 0.000 0.07814 0.06183 
-0.0058 0.0158 2.9039e-01 -5.453e+01 0.13997 0.000 0.07798 0.06199 
-0.0054 0.0002 3.1036e-01 -5.452e+01 0.13996 0.000 0.07806 0.06190 
-0.0054 0.0006 3.0932e-01 -5.447e+01 0.13995 0.000 0.07791 0.06204 
-0.0054 0.0010 3.0809e-01 -5.454e+01 0.13996 0.000 0.07795 0.06201 
-0.0054 0.0014 3.0697e-01 -5.454e+01 0.13995 0.000 0.07789 0.06207 
-0.0054 0.0018 3.0569e-01 -5.463e+01 0.13996 0.000 0.07802 0.06194 
-0.0054 0.0022 3.0450e-01 -5.467e+01 0.13996 0.000 0.07805 0.06191 
-0.0054 0.0026 3.0338e-01 -5.468e+01 0.13997 0.000 0.07804 0.06193 
-0.0054 0.0030 3.0224e-01 -5.469e+01 0.13997 0.000 0.07805 0.06192 
-0.0054 0.0034 3.0110e-01 -5.472e+01 0.13996 0.000 0.07811 0.06186 
-0.0054 0.0038 3.0003e-01 -5.472e+01 0.13996 0.000 0.07808 0.06189 
-0.0054 0.0042 2.9897e-01 -5.472e+01 0.13996 0.000 0.07808 0.06188 
-0.0054 0.0046 2.9785e-01 -5.478e+01 0.13996 0.000 0.07814 0.06182 
-0.0054 0.0050 2.9676e-01 -5.483e+01 0.13996 0.000 0.07824 0.06173 
-0.0054 0.0054 2.9600e-01 -5.471e+01 0.13996 0.000 0.07802 0.06194 
-0.0054 0.0058 2.9505e-01 -5.473e+01 0.13997 0.000 0.07803 0.06194 
-0.0054 0.0062 2.9404e-01 -5.481e+01 0.13996 0.000 0.07816 0.06181 
-0.0054 0.0066 2.9333e-01 -5.473e+01 0.13996 0.000 0.07803 0.06194 
-0.0054 0.0070 2.9247e-01 -5.477e+01 0.13996 0.000 0.07811 0.06185 
-0.0054 0.0074 2.9184e-01 -5.470e+01 0.13997 0.000 0.07803 0.06193 
-0.0054 0.0078 2.9117e-01 -5.469e+01 0.13997 0.000 0.07805 0.06192 
-0.0054 0.0082 2.9039e-01 -5.478e+01 0.13997 0.000 0.07818 0.06179 
-0.0054 0.0086 2.8993e-01 -5.472e+01 0.13997 0.000 0.07806 0.06191 
-0.0054 0.0090 2.8929e-01 -5.479e+01 0.13997 0.000 0.07815 0.06181 
-0.0054 0.0094 2.8873e-01 -5.485e+01 0.13996 0.000 0.07825 0.06172 
-0.0054 0.0098 2.8850e-01 -5.475e+01 0.13996 0.000 0.07809 0.06187 
-0.0054 0.0102 2.8826e-01 -5.470e+01 0.13997 0.000 0.07799 0.06198 
-0.0054 0.0106 2.8786e-01 -5.478e+01 0.13997 0.000 0.07813 0.06184 
-0.0054 0.0110 2.8783e-01 -5.467e+01 0.13996 0.000 0.07799 0.06197 
-0.0054 0.0114 2.8768e-01 -5.467e+01 0.13997 0.000 0.07801 0.06196 
-0.0054 0.0118 2.8765e-01 -5.464e+01 0.13996 0.000 0.07801 0.06195 
-0.0054 0.0122 2.8772e-01 -5.459e+01 0.13996 0.000 0.07798 0.06198 
-0.0054 0.0126 2.8779e-01 -5.457e+01 0.13995 0.000 0.07798 0.06197 
-0.0054 0.0130 2.8782e-01 -5.461e+01 0.13996 0.000 0.07800 0.06196 
-0.0054 0.0134 2.8793e-01 -5.464e+01 0.13997 0.000 0.07801 0.06195 
-0.0054 0.0138 2.8814e-01 -5.463e+01 0.13996 0.000 0.07805 0.06191 
-0.0054 0.0142 2.8835e-01 -5.466e+01 0.13997 0.000 0.07810 0.06187 
-0.0054 0.0146 2.8865e-01 -5.467e+01 0.13996 0.000 0.07811 0.06185 
-0.0054 0.0150 2.8897e-01 -5.468e+01 0.13996 0.000 0.07814 0.06182 
-0.0054 0.0154 2.8951e-01 -5.460e+01 0.13997 0.000 0.07801 0.06196 
-0.0054 0.0158 2.9003e-01 -5.455e+01 0.13996 0.000 0.07794 0.06202 
-0.0050 0.0002 3.0525e-01 -5.450e+01 0.13996 0.000 0.07800 0.06196 
-0.0050 0.0006 3.0403e-01 -5.459e+01 0.13997 0.000 0.07815 0.06183 
-0.0050 0.0010 3.0303e-01 -5.454e+01 0.13996 0.000 0.07801 0.06195 
-0.0050 0.0014 3.0186e-01 -5.460e+01 0.13996 0.000 0.07802 0.06194 
-0.0050 0.0018 3.0069e-01 -5.467e+01 0.13997 0.000 0.07812 0.06184 
-0.0050 0.0022 2.9958e-01 -5.470e+01 0.13997 0.000 0.07818 0.06179 
-0.0050 0.0026 2.9871e-01 -5.459e+01 0.13996 0.000 0.07802 0.06195 
-0.0050 0.0030 2.9759e-01 -5.465e+01 0.13996 0.000 0.07810 0.06186 
-0.0050 0.0034 2.9660e-01 -5.465e+01 0.13997 0.000 0.07805 0.06192 
-0.0050 0.0038 2.9565e-01 -5.463e+01 0.13996 0.000 0.07800 0.06196 
-0.0050 0.0042 2.9455e-01 -5.473e+01 0.13996 0.000 0.07814 0.06182 
-0.0050 0.0046 2.9377e-01 -5.466e+01 0.13996 0.000 0.07801 0.06195 
-0.0050 0.0050 2.9276e-01 -5.475e+01 0.13996 0.000 0.07811 0.06185 
-0.0050 0.0054 2.9202e-01 -5.470e+01 0.13995 0.000 0.07802 0.06193 
-0.0050 0.0058 2.9122e-01 -5.472e+01 0.13996 0.000 0.07804 0.06192 
-0.0050 0.0062 2.9032e-01 -5.482e+01 0.13997 0.000 0.07817 0.06179 
-0.0050 0.0066 2.8971e-01 -5.477e+01 0.13996 0.000 0.07813 0.06182 
-0.0050 0.0070 2.8907e-01 -5.478e+01 0.13997 0.000 0.07815 0.06182 
-0.0050 0.0074 2.8861e-01 -5.472e+01 0.13996 0.000 0.07806 0.06189 
-0.0050 0.0078 2.8794e-01 -5.481e+01 0.13996 0.000 0.07820 0.06176 
-0.0050 0.0082 2.8753e-01 -5.479e+01 0.13996 0.000 0.07813 0.06183 
-0.0050 0.0086 2.8728e-01 -5.471e+01 0.13997 0.000 0.07799 0.06197 
-0.0050 0.0090 2.8682e-01 -5.477e+01 0.13996 0.000 0.07811 0.06185 
-0.0050 0.0094 2.8658e-01 -5.476e+01 0.13996 0.000 0.07809 0.06187 
-0.0050 0.0098 2.8647e-01 -5.471e+01 0.13996 0.000 0.07803 0.06193 
-0.0050 0.0102 2.8638e-01 -5.468e+01 0.13996 0.000 0.07800 0.06196 
-0.0050 0.0106 2.8621e-01 -5.473e+01 0.13997 0.000 0.07808 0.06188 
-0.0050 0.0110 2.8633e-01 -5.465e+01 0.13996 0.000 0.07800 0.06196 
-0.0050 0.0114 2.8638e-01 -5.465e+01 0.13996 0.000 0.07801 0.06195 
-0.0050 0.0118 2.8650e-01 -5.464e+01 0.13996 0.000 0.07797 0.06200 
-0.0050 0.0122 2.8663e-01 -5.466e+01 0.13996 0.000 0.07802 0.06194 
-0.0050 0.0126 2.8673e-01 -5.473e+01 0.13996 0.000 0.07810 0.06185 
-0.0050 0.0130 2.8712e-01 -5.467e+01 0.13997 0.000 0.07802 0.06195 
-0.0050 0.0134 2.8746e-01 -5.466e+01 0.13997 0.000 0.07804 0.06193 
-0.0050 0.0138 2.8788e-01 -5.464e+01 0.13996 0.000 0.07798 0.06198 
-0.0050 0.0142 2.8825e-01 -5.466e+01 0.13996 0.000 0.07802 0.06193 
-0.0050 0.0146 2.8875e-01 -5.464e+01 0.13996 0.000 0.07801 0.06195 
-0.0050 0.0150 2.8932e-01 -5.460e+01 0.13996 0.000 0.07797 0.06199 
-0.0050 0.0154 2.8988e-01 -5.458e+01 0.13996 0.000 0.07796 0.06200 
-0.0050 0.0158 2.9045e-01 -5.459e+01 0.13997 0.000 0.07796 0.06201 
-0.0046 0.0002 3.0064e-01 -5.454e+01 0.13997 0.000 0.07813 0.06184 
-0.0046 0.0006 2.9962e-01 -5.454e+01 0.13996 0.000 0.07807 0.06190 
-0.0046 0.0010 2.9864e-01 -5.452e+01 0.13996 0.000 0.07801 0.06194 
-0.0046 0.0014 2.9762e-01 -5.453e+01 0.13996 0.000 0.07804 0.06193 
-0.0046 0.0018 2.9653e-01 -5.461e+01 0.13996 0.000 0.07813 0.06183 
-0.0046 0.0022 2.9558e-01 -5.460e+01 0.13996 0.000 0.07805 0.06191 
-0.0046 0.0026 2.9472e-01 -5.455e+01 0.13996 0.000 0.07797 0.06199 
-0.0046 0.0030 2.9358e-01 -5.469e+01 0.13996 0.000 0.07819 0.06177 
-0.0046 0.0034 2.9278e-01 -5.464e+01 0.13996 0.000 0.07806 0.06190 
-0.0046 0.0038 2.9190e-01 -5.467e+01 0.13996 0.000 0.07808 0.06188 
-0.0046 0.0042 2.9118e-01 -5.462e+01 0.13996 0.000 0.07799 0.06197 
-0.0046 0.0046 2.9025e-01 -5.472e+01 0.13997 0.000 0.07812 0.06185 
-0.0046 0.0050 2.8967e-01 -5.464e+01 0.13996 0.000 0.07798 0.06198 
-0.0046 0.0054 2.8887e-01 -5.472e+01 0.13996 0.000 0.07809 0.06187 
-0.0046 0.0058 2.8830e-01 -5.470e+01 0.13995 0.000 0.07806 0.06189 
-0.0046 0.0062 2.8780e-01 -5.466e+01 0.13995 0.000 0.07799 0.06196 
-0.0046 0.0066 2.8729e-01 -5.465e+01 0.13997 0.000 0.07798 0.06198 
-0.0046 0.0070 2.8670e-01 -5.474e+01 0.13996 0.000 0.07812 0.06184 
-0.0046 0.0074 2.8631e-01 -5.474e+01 0.13996 0.000 0.07809 0.06188 
-0.0046 0.0078 2.8602e-01 -5.471e+01 0.13996 0.000 0.07805 0.06190 
-0.0046 0.0082 2.8567e-01 -5.477e+01 0.13997 0.000 0.07814 0.06183 
-0.0046 0.0086 2.8564e-01 -5.466e+01 0.13996 0.000 0.07798 0.06198 
-0.0046 0.0090 2.8545e-01 -5.469e+01 0.13997 0.000 0.07803 0.06194 
-0.0046 0.0094 2.8534e-01 -5.471e+01 0.13997 0.000 0.07807 0.06189 
-0.0046 0.0098 2.8533e-01 -5.470e+01 0.13995 0.000 0.07808 0.06187 
-0.0046 0.0102 2.8540e-01 -5.470e+01 0.13996 0.000 0.07806 0.06190 
-0.0046 0.0106 2.8549e-01 -5.471e+01 0.13996 0.000 0.07808 0.06188 
-0.0046 0.0110 2.8566e-01 -5.472e+01 0.13995 0.000 0.07811 0.06184 
-0.0046 0.0114 2.8601e-01 -5.464e+01 0.13995 0.000 0.07801 0.06194 
-0.0046 0.0118 2.8618e-01 -5.472e+01 0.13997 0.000 0.07809 0.06187 
-0.0046 0.0122 2.8658e-01 -5.468e+01 0.13997 0.000 0.07800 0.06197 
-0.0046 0.0126 2.8684e-01 -5.476e+01 0.13997 0.000 0.07812 0.06184 
-0.0046 0.0130 2.8731e-01 -5.473e+01 0.13997 0.000 0.07809 0.06187 
-0.0046 0.0134 2.8789e-01 -5.468e+01 0.13996 0.000 0.07800 0.06196 
-0.0046 0.0138 2.8832e-01 -5.473e+01 0.13996 0.000 0.07813 0.06182 
-0.0046 0.0142 2.8910e-01 -5.461e+01 0.13996 0.000 0.07797 0.06199 
-0.0046 0.0146 2.8957e-01 -5.468e+01 0.13996 0.000 0.07811 0.06185 
-0.0046 0.0150 2.9023e-01 -5.467e+01 0.13995 0.000 0.07809 0.06186 
-0.0046 0.0154 2.9102e-01 -5.460e+01 0.13996 0.000 0.07796 0.06200 
-0.0046 0.0158 2.9170e-01 -5.461e+01 0.13997 0.000 0.07798 0.06199 
-0.0042 0.0002 2.9669e-01 -5.461e+01 0.13997 0.000 0.07811 0.06186 
-0.0042 0.0006 2.9571e-01 -5.463e+01 0.13995 0.000 0.07816 0.06179 
-0.0042 0.0010 2.9490e-01 -5.457e+01 0.13997 0.000 0.07800 0.06197 
-0.0042 0.0014 2.9394e-01 -5.461e+01 0.13996 0.000 0.07806 0.06190 
-0.0042 0.0018 2.9310e-01 -5.458e+01 0.13996 0.000 0.07799 0.06198 
-0.0042 0.0022 2.9216e-01 -5.464e+01 0.13996 0.000 0.07809 0.06187 
-0.0042 0.0026 2.9135e-01 -5.464e+01 0.13997 0.000 0.07806 0.06191 
-0.0042 0.0030 2.9064e-01 -5.459e+01 0.13996 0.000 0.07798 0.06198 
-0.0042 0.0034 2.8986e-01 -5.462e+01 0.13997 0.000 0.07799 0.06198 
-0.0042 0.0038 2.8901e-01 -5.471e+01 0.13997 0.000 0.07810 0.06187 
-0.0042 0.0042 2.8845e-01 -5.465e+01 0.13995 0.000 0.07799 0.06197 
-0.0042 0.0046 2.8770e-01 -5.474e+01 0.13995 0.000 0.07809 0.06186 
-0.0042 0.0050 2.8708e-01 -5.478e+01 0.13997 0.000 0.07813 0.06184 
-0.0042 0.0054 2.8669e-01 -5.471e+01 0.13996 0.000 0.07805 0.06191 
-0.0042 0.0058 2.8627e-01 -5.470e+01 0.13996 0.000 0.07804 0.06192 
-0.0042 0.0062 2.8580e-01 -5.474e+01 0.13996 0.000 0.07810 0.06186 
-0.0042 0.0066 2.8543e-01 -5.476e+01 0.13997 0.000 0.07811 0.06186 
-0.0042 0.0070 2.8518e-01 -5.476e+01 0.13996 0.000 0.07809 0.06187 
-0.0042 0.0074 2.8495e-01 -5.477e+01 0.13996 0.000 0.07811 0.06186 
-0.0042 0.0078 2.8497e-01 -5.468e+01 0.13996 0.000 0.07799 0.06197 
-0.0042 0.0082 2.8486e-01 -5.470e+01 0.13996 0.000 0.07804 0.06192 
-0.0042 0.0086 2.8484e-01 -5.471e+01 0.13997 0.000 0.07805 0.06192 
-0.0042 0.0090 2.8485e-01 -5.473e+01 0.13996 0.000 0.07811 0.06185 
-0.0042 0.0094 2.8506e-01 -5.468e+01 0.13997 0.000 0.07799 0.06198 
-0.0042 0.0098 2.8512e-01 -5.474e+01 0.13996 0.000 0.07810 0.06185 
-0.0042 0.0102 2.8542e-01 -5.471e+01 0.13995 0.000 0.07806 0.06190 
-0.0042 0.0106 2.8576e-01 -5.468e+01 0.13995 0.000 0.07802 0.06193 
-0.0042 0.0110 2.8612e-01 -5.467e+01 0.13996 0.000 0.07796 0.06200 
-0.0042 0.0114 2.8651e-01 -5.468e+01 0.13995 0.000 0.07801 0.06194 
-0.0042 0.0118 2.8681e-01 -5.477e+01 0.13996 0.000 0.07812 0.06183 
-0.0042 0.0122 2.8738e-01 -5.473e+01 0.13996 0.000 0.07807 0.06189 
-0.0042 0.0126 2.8788e-01 -5.476e+01 0.13996 0.000 0.07812 0.06184 
-0.0042 0.0130 2.8851e-01 -5.474e+01 0.13996 0.000 0.07809 0.06187 
-0.0042 0.0134 2.8913e-01 -5.475e+01 0.13996 0.000 0.07814 0.06182 
-0.0042 0.0138 2.8982e-01 -5.473e+01 0.13996 0.000 0.07813 0.06183 
-0.0042 0.0142 2.9055e-01 -5.472e+01 0.13996 0.000 0.07812 0.06183 
-0.0042 0.0146 2.9140e-01 -5.464e+01 0.13996 0.000 0.07797 0.06199 
-0.0042 0.0150 2.9209e-01 -5.468e+01 0.13995 0.000 0.07805 0.06190 
-0.0042 0.0154 2.9280e-01 -5.472e+01 0.13997 0.000 0.07809 0.06187 
-0.0042 0.0158 2.9371e-01 -5.466e+01 0.13995 0.000 0.07803 0.06192 
-0.0038 0.0002 2.9360e-01 -5.462e+01 0.13996 0.000 0.07798 0.06198 
-0.0038 0.0006 2.9274e-01 -5.463e+01 0.13996 0.000 0.07798 0.06197 
-0.0038 0.0010 2.9178e-01 -5.471e+01 0.13995 0.000 0.07812 0.06183 
-0.0038 0.0014 2.9110e-01 -5.465e+01 0.13997 0.000 0.07803 0.06193 
-0.0038 0.0018 2.9032e-01 -5.466e+01 0.13997 0.000 0.07805 0.06192 
-0.0038 0.0022 2.8949e-01 -5.473e+01 0.13997 0.000 0.07812 0.06185 
-0.0038 0.0026 2.8889e-01 -5.469e+01 0.13996 0.000 0.07803 0.06193 
-0.0038 0.0030 2.8809e-01 -5.479e+01 0.13997 0.000 0.07811 0.06186 
-0.0038 0.0034 2.8738e-01 -5.486e+01 0.13996 0.000 0.07816 0.06180 
-0.0038 0.0038 2.8682e-01 -5.487e+01 0.13996 0.000 0.07813 0.06183 
-0.0038 0.0042 2.8641e-01 -5.482e+01 0.13997 0.000 0.07807 0.06190 
-0.0038 0.0046 2.8603e-01 -5.478e+01 0.13995 0.000 0.07805 0.06190 
-0.0038 0.0050 2.8552e-01 -5.486e+01 0.13996 0.000 0.07818 0.06178 
-0.0038 0.0054 2.8540e-01 -5.474e+01 0.13995 0.000 0.07798 0.06197 
-0.0038 0.0058 2.8510e-01 -5.476e+01 0.13995 0.000 0.07800 0.06195 
-0.0038 0.0062 2.8475e-01 -5.484e+01 0.13996 0.000 0.07814 0.06181 
-0.0038 0.0066 2.8469e-01 -5.480e+01 0.13996 0.000 0.07806 0.06190 
-0.0038 0.0070 2.8459e-01 -5.481e+01 0.13995 0.000 0.07814 0.06181 
-0.0038 0.0074 2.8463e-01 -5.479e+01 0.13997 0.000 0.07811 0.06186 
-0.0038 0.0078 2.8479e-01 -5.473e+01 0.13996 0.000 0.07804 0.06192 
-0.0038 0.0082 2.8482e-01 -5.478e+01 0.13997 0.000 0.07808 0.06189 
-0.0038 0.0086 2.8490e-01 -5.483e+01 0.13997 0.000 0.07813 0.06184 
-0.0038 0.0090 2.8529e-01 -5.475e+01 0.13996 0.000 0.07800 0.06196 
-0.0038 0.0094 2.8546e-01 -5.482e+01 0.13995 0.000 0.07810 0.06185 
-0.0038 0.0098 2.8575e-01 -5.486e+01 0.13996 0.000 0.07815 0.06181 
-0.0038 0.0102 2.8636e-01 -5.475e+01 0.13996 0.000 0.07801 0.06195 
-0.0038 0.0106 2.8681e-01 -5.476e+01 0.13995 0.000 0.07800 0.06195 
-0.0038 0.0110 2.8716e-01 -5.487e+01 0.13997 0.000 0.07812 0.06185 
-0.0038 0.0114 2.8781e-01 -5.482e+01 0.13997 0.000 0.07804 0.06193 
-0.0038 0.0118 2.8838e-01 -5.484e+01 0.13996 0.000 0.07810 0.06186 
-0.0038 0.0122 2.8909e-01 -5.481e+01 0.13996 0.000 0.07805 0.06191 
-0.0038 0.0126 2.8983e-01 -5.478e+01 0.13997 0.000 0.07805 0.06192 
-0.0038 0.0130 2.9053e-01 -5.479e+01 0.13996 0.000 0.07812 0.06184 
-0.0038 0.0134 2.9147e-01 -5.470e+01 0.13995 0.000 0.07797 0.06198 
-0.0038 0.0138 2.9211e-01 -5.478e+01 0.13996 0.000 0.07810 0.06186 
-0.0038 0.0142 2.9302e-01 -5.473e+01 0.13996 0.000 0.07801 0.06195 
-0.0038 0.0146 2.9385e-01 -5.475e+01 0.13997 0.000 0.07804 0.06192 
-0.0038 0.0150 2.9465e-01 -5.477e+01 0.13997 0.000 0.07810 0.06187 
-0.0038 0.0154 2.9552e-01 -5.477e+01 0.13997 0.000 0.07811 0.06185 
-0.0038 0.0158 2.9649e-01 -5.472e+01 0.13996 0.000 0.07809 0.06188 
-0.0034 0.0002 2.9114e-01 -5.471e+01 0.13997 0.000 0.07812 0.06185 
-0.0034 0.0006 2.9054e-01 -5.464e+01 0.13996 0.000 0.07799 0.06197 
-0.0034 0.0010 2.8984e-01 -5.464e+01 0.13997 0.000 0.07800 0.06197 
-0.0034 0.0014 2.8913e-01 -5.468e+01 0.13997 0.000 0.07803 0.06195 
-0.0034 0.0018 2.8837e-01 -5.477e+01 0.13997 0.000 0.07812 0.06184 
-0.0034 0.0022 2.8777e-01 -5.479e+01 0.13996 0.000 0.07811 0.06185 
-0.0034 0.0026 2.8713e-01 -5.486e+01 0.13995 0.000 0.07817 0.06178 
-0.0034 0.0030 2.8663e-01 -5.487e+01 0.13997 0.000 0.07813 0.06184 
-0.0034 0.0034 2.8633e-01 -5.481e+01 0.13996 0.000 0.07807 0.06189 
-0.0034 0.0038 2.8588e-01 -5.485e+01 0.13996 0.000 0.07814 0.06182 
-0.0034 0.0042 2.8571e-01 -5.477e+01 0.13996 0.000 0.07803 0.06193 
-0.0034 0.0046 2.8549e-01 -5.475e+01 0.13997 0.000 0.07800 0.06197 
-0.0034 0.0050 2.8523e-01 -5.479e+01 0.13996 0.000 0.07807 0.06189 
-0.0034 0.0054 2.8503e-01 -5.483e+01 0.13997 0.000 0.07813 0.06184 
-0.0034 0.0058 2.8509e-01 -5.475e+01 0.13998 0.000 0.07801 0.06197 
-0.0034 0.0062 2.8500e-01 -5.480e+01 0.13997 0.000 0.07810 0.06186 
-0.0034 0.0066 2.8512e-01 -5.477e+01 0.13996 0.000 0.07809 0.06187 
-0.0034 0.0070 2.8521e-01 -5.478e+01 0.13997 0.000 0.07809 0.06188 
-0.0034 0.0074 2.8550e-01 -5.472e+01 0.13997 0.000 0.07798 0.06199 
-0.0034 0.0078 2.8559e-01 -5.481e+01 0.13995 0.000 0.07810 0.06185 
-0.0034 0.0082 2.8589e-01 -5.482e+01 0.13996 0.000 0.07811 0.06185 
-0.0034 0.0086 2.8626e-01 -5.481e+01 0.13995 0.000 0.07808 0.06187 
-0.0034 0.0090 2.8671e-01 -5.480e+01 0.13997 0.000 0.07805 0.06192 
-0.0034 0.0094 2.8724e-01 -5.478e+01 0.13996 0.000 0.07804 0.06193 
-0.0034 0.0098 2.8762e-01 -5.486e+01 0.13996 0.000 0.07816 0.06180 
-0.0034 0.0102 2.8819e-01 -5.487e+01 0.13995 0.000 0.07813 0.06182 
-0.0034 0.0106 2.8897e-01 -5.479e+01 0.13996 0.000 0.07799 0.06197 
-0.0034 0.0110 2.8954e-01 -5.484e+01 0.13997 0.000 0.07812 0.06185 
-0.0034 0.0114 2.9026e-01 -5.484e+01 0.13996 0.000 0.07811 0.06185 
-0.0034 0.0118 2.9108e-01 -5.481e+01 0.13996 0.000 0.07810 0.06186 
-0.0034 0.0122 2.9203e-01 -5.471e+01 0.13996 0.000 0.07800 0.06196 
-0.0034 0.0126 2.9280e-01 -5.474e+01 0.13996 0.000 0.07807 0.06189 
-0.0034 0.0130 2.9360e-01 -5.477e+01 0.13997 0.000 0.07809 0.06188 
-0.0034 0.0134 2.9446e-01 -5.478e+01 0.13996 0.000 0.07811 0.06185 
-0.0034 0.0138 2.9536e-01 -5.478e+01 0.13995 0.000 0.07812 0.06183 
-0.0034 0.0142 2.9641e-01 -5.469e+01 0.13995 0.000 0.07801 0.06194 
-0.0034 0.0146 2.9727e-01 -5.473e+01 0.13996 0.000 0.07806 0.06190 
-0.0034 0.0150 2.9815e-01 -5.475e+01 0.13996 0.000 0.07814 0.06183 
-0.0034 0.0154 2.9917e-01 -5.471e+01 0.13997 0.000 0.07809 0.06188 
-0.0034 0.0158 3.0015e-01 -5.468e+01 0.13995 0.000 0.07811 0.06184 
-0.0030 0.0002 2.8969e-01 -5.471e+01 0.13997 0.000 0.07811 0.06185 
-0.0030 0.0006 2.8907e-01 -5.473e+01 0.13996 0.000 0.07814 0.06182 
-0.0030 0.0010 2.8852e-01 -5.474e+01 0.13997 0.000 0.07810 0.06187 
-0.0030 0.0014 2.8800e-01 -5.476e+01 0.13997 0.000 0.07807 0.06190 
-0.0030 0.0018 2.8751e-01 -5.479e+01 0.13996 0.000 0.07804 0.06192 
-0.0030 0.0022 2.8707e-01 -5.481e+01 0.13997 0.000 0.07806 0.06191 
-0.0030 0.0026 2.8667e-01 -5.484e+01 0.13997 0.000 0.07811 0.06185 
-0.0030 0.0030 2.8650e-01 -5.477e+01 0.13995 0.000 0.07799 0.06196 
-0.0030 0.0034 2.8611e-01 -5.486e+01 0.13997 0.000 0.07815 0.06182 
-0.0030 0.0038 2.8609e-01 -5.476e+01 0.13995 0.000 0.07801 0.06194 
-0.0030 0.0042 2.8589e-01 -5.480e+01 0.13996 0.000 0.07808 0.06188 
-0.0030 0.0046 2.8585e-01 -5.479e+01 0.13996 0.000 0.07810 0.06186 
-0.0030 0.0050 2.8579e-01 -5.483e+01 0.13997 0.000 0.07819 0.06178 
-0.0030 0.0054 2.8593e-01 -5.478e+01 0.13997 0.000 0.07814 0.06183 
-0.0030 0.0058 2.8612e-01 -5.474e+01 0.13995 0.000 0.07812 0.06183 
-0.0030 0.0062 2.8640e-01 -5.469e+01 0.13996 0.000 0.07803 0.06193 
-0.0030 0.0066 2.8660e-01 -5.472e+01 0.13996 0.000 0.07804 0.06192 
-0.0030 0.0070 2.8690e-01 -5.473e+01 0.13997 0.000 0.07804 0.06193 
-0.0030 0.0074 2.8712e-01 -5.481e+01 0.13996 0.000 0.07814 0.06182 
-0.0030 0.0078 2.8760e-01 -5.478e+01 0.13996 0.000 0.07808 0.06188 
-0.0030 0.0082 2.8807e-01 -5.479e+01 0.13996 0.000 0.07807 0.06189 
-0.0030 0.0086 2.8856e-01 -5.482e+01 0.13996 0.000 0.07813 0.06183 
-0.0030 0.0090 2.8916e-01 -5.482e+01 0.13996 0.000 0.07811 0.06185 
-0.0030 0.0094 2.8992e-01 -5.476e+01 0.13997 0.000 0.07799 0.06198 
-0.0030 0.0098 2.9050e-01 -5.481e+01 0.13996 0.000 0.07810 0.06186 
-0.0030 0.0102 2.9139e-01 -5.472e+01 0.13997 0.000 0.07800 0.06197 
-0.0030 0.0106 2.9223e-01 -5.468e+01 0.13996 0.000 0.07796 0.06200 
-0.0030 0.0110 2.9305e-01 -5.467e+01 0.13995 0.000 0.07799 0.06197 
-0.0030 0.0114 2.9392e-01 -5.466e+01 0.13996 0.000 0.07801 0.06195 
-0.0030 0.0118 2.9485e-01 -5.463e+01 0.13996 0.000 0.07797 0.06199 
-0.0030 0.0122 2.9575e-01 -5.462e+01 0.13996 0.000 0.07794 0.06202 
-0.0030 0.0126 2.9649e-01 -5.473e+01 0.13995 0.000 0.07814 0.06181 
-0.0030 0.0130 2.9747e-01 -5.471e+01 0.13996 0.000 0.07809 0.06187 
-0.0030 0.0134 2.9853e-01 -5.465e+01 0.13997 0.000 0.07801 0.06196 
-0.0030 0.0138 2.9949e-01 -5.465e+01 0.13996 0.000 0.07804 0.06192 
-0.0030 0.0142 3.0045e-01 -5.467e+01 0.13997 0.000 0.07806 0.06191 
-0.0030 0.0146 3.0143e-01 -5.466e+01 0.13996 0.000 0.07807 0.06189 
-0.0030 0.0150 3.0249e-01 -5.462e+01 0.13996 0.000 0.07808 0.06188 
-0.0030 0.0154 3.0351e-01 -5.461e+01 0.13996 0.000 0.07807 0.06189 
-0.0030 0.0158 3.0464e-01 -5.452e+01 0.13995 0.000 0.07794 0.06201 
-0.0026 0.0002 2.8906e-01 -5.476e+01 0.13997 0.000 0.07815 0.06181 
-0.0026 0.0006 2.8871e-01 -5.472e+01 0.13995 0.000 0.07804 0.06191 
-0.0026 0.0010 2.8814e-01 -5.483e+01 0.13997 0.000 0.07813 0.06183 
-0.0026 0.0014 2.8791e-01 -5.478e+01 0.13996 0.000 0.07801 0.06195 
-0.0026 0.0018 2.8755e-01 -5.484e+01 0.13997 0.000 0.07811 0.06186 
-0.0026 0.0022 2.8743e-01 -5.478e+01 0.13996 0.000 0.07802 0.06194 
-0.0026 0.0026 2.8711e-01 -5.486e+01 0.13996 0.000 0.07817 0.06179 
-0.0026 0.0030 2.8720e-01 -5.474e+01 0.13996 0.000 0.07800 0.06197 
-0.0026 0.0034 2.8718e-01 -5.472e+01 0.13997 0.000 0.07801 0.06196 
-0.0026 0.0038 2.8721e-01 -5.470e+01 0.13996 0.000 0.07803 0.06193 
-0.0026 0.0042 2.8722e-01 -5.473e+01 0.13997 0.000 0.07810 0.06187 
-0.0026 0.0046 2.8736e-01 -5.473e+01 0.13996 0.000 0.07812 0.06184 
-0.0026 0.0050 2.8755e-01 -5.473e+01 0.13997 0.000 0.07812 0.06185 
-0.0026 0.0054 2.8776e-01 -5.475e+01 0.13996 0.000 0.07815 0.06181 
-0.0026 0.0058 2.8811e-01 -5.473e+01 0.13996 0.000 0.07812 0.06184 
-0.0026 0.0062 2.8854e-01 -5.470e+01 0.13996 0.000 0.07802 0.06194 
-0.0026 0.0066 2.8884e-01 -5.478e+01 0.13997 0.000 0.07810 0.06187 
-0.0026 0.0070 2.8938e-01 -5.475e+01 0.13996 0.000 0.07805 0.06191 
-0.0026 0.0074 2.8995e-01 -5.473e+01 0.13996 0.000 0.07798 0.06198 
-0.0026 0.0078 2.9046e-01 -5.478e+01 0.13997 0.000 0.07805 0.06192 
-0.0026 0.0082 2.9116e-01 -5.476e+01 0.13997 0.000 0.07799 0.06197 
-0.0026 0.0086 2.9191e-01 -5.474e+01 0.13996 0.000 0.07798 0.06198 
-0.0026 0.0090 2.9266e-01 -5.473e+01 0.13997 0.000 0.07800 0.06197 
-0.0026 0.0094 2.9334e-01 -5.479e+01 0.13996 0.000 0.07814 0.06181 
-0.0026 0.0098 2.9424e-01 -5.475e+01 0.13997 0.000 0.07811 0.06186 
-0.0026 0.0102 2.9513e-01 -5.473e+01 0.13995 0.000 0.07811 0.06184 
-0.0026 0.0106 2.9622e-01 -5.462e+01 0.13996 0.000 0.07794 0.06202 
-0.0026 0.0110 2.9701e-01 -5.469e+01 0.13997 0.000 0.07806 0.06191 
-0.0026 0.0114 2.9792e-01 -5.472e+01 0.13997 0.000 0.07808 0.06189 
-0.0026 0.0118 2.9899e-01 -5.466e+01 0.13997 0.000 0.07801 0.06196 
-0.0026 0.0122 3.0006e-01 -5.461e+01 0.13996 0.000 0.07795 0.06201 
-0.0026 0.0126 3.0100e-01 -5.465e+01 0.13997 0.000 0.07804 0.06192 
-0.0026 0.0130 3.0202e-01 -5.465e+01 0.13996 0.000 0.07807 0.06189 
-0.0026 0.0134 3.0298e-01 -5.469e+01 0.13996 0.000 0.07811 0.06184 
-0.0026 0.0138 3.0403e-01 -5.467e+01 0.13996 0.000 0.07807 0.06189 
-0.0026 0.0142 3.0520e-01 -5.459e+01 0.13996 0.000 0.07794 0.06201 
-0.0026 0.0146 3.0614e-01 -5.464e+01 0.13996 0.000 0.07806 0.06190 
-0.0026 0.0150 3.0715e-01 -5.465e+01 0.13996 0.000 0.07810 0.06186 
-0.0026 0.0154 3.0826e-01 -5.460e+01 0.13996 0.000 0.07802 0.06195 
-0.0026 0.0158 3.0934e-01 -5.456e+01 0.13997 0.000 0.07796 0.06201 
-0.0022 0.0002 2.8918e-01 -5.489e+01 0.13996 0.000 0.07823 0.06173 
-0.0022 0.0006 2.8904e-01 -5.482e+01 0.13997 0.000 0.07810 0.06187 
-0.0022 0.0010 2.8888e-01 -5.480e+01 0.13996 0.000 0.07801 0.06195 
-0.0022 0.0014 2.8864e-01 -5.485e+01 0.13996 0.000 0.07812 0.06184 
-0.0022 0.0018 2.8860e-01 -5.481e+01 0.13997 0.000 0.07810 0.06187 
-0.0022 0.0022 2.8868e-01 -5.474e+01 0.13996 0.000 0.07802 0.06194 
-0.0022 0.0026 2.8861e-01 -5.479e+01 0.13996 0.000 0.07814 0.06183 
-0.0022 0.0030 2.8878e-01 -5.473e+01 0.13996 0.000 0.07809 0.06187 
-0.0022 0.0034 2.8902e-01 -5.466e+01 0.13996 0.000 0.07802 0.06195 
-0.0022 0.0038 2.8927e-01 -5.464e+01 0.13996 0.000 0.07798 0.06199 
-0.0022 0.0042 2.8936e-01 -5.474e+01 0.13996 0.000 0.07810 0.06186 
-0.0022 0.0046 2.8972e-01 -5.471e+01 0.13996 0.000 0.07805 0.06191 
-0.0022 0.0050 2.9007e-01 -5.472e+01 0.13995 0.000 0.07806 0.06189 
-0.0022 0.0054 2.9039e-01 -5.479e+01 0.13995 0.000 0.07810 0.06185 
-0.0022 0.0058 2.9094e-01 -5.477e+01 0.13997 0.000 0.07801 0.06196 
-0.0022 0.0062 2.9136e-01 -5.484e+01 0.13997 0.000 0.07812 0.06185 
-0.0022 0.0066 2.9198e-01 -5.483e+01 0.13997 0.000 0.07804 0.06192 
-0.0022 0.0070 2.9255e-01 -5.489e+01 0.13996 0.000 0.07810 0.06186 
-0.0022 0.0074 2.9327e-01 -5.488e+01 0.13997 0.000 0.07810 0.06187 
-0.0022 0.0078 2.9416e-01 -5.481e+01 0.13996 0.000 0.07804 0.06191 
-0.0022 0.0082 2.9487e-01 -5.486e+01 0.13996 0.000 0.07814 0.06183 
-0.0022 0.0086 2.9575e-01 -5.483e+01 0.13997 0.000 0.07812 0.06185 
-0.0022 0.0090 2.9664e-01 -5.483e+01 0.13996 0.000 0.07814 0.06182 
-0.0022 0.0094 2.9756e-01 -5.483e+01 0.13996 0.000 0.07815 0.06181 
-0.0022 0.0098 2.9853e-01 -5.481e+01 0.13996 0.000 0.07813 0.06183 
-0.0022 0.0102 2.9952e-01 -5.481e+01 0.13996 0.000 0.07813 0.06183 
-0.0022 0.0106 3.0057e-01 -5.478e+01 0.13996 0.000 0.07808 0.06188 
-0.0022 0.0110 3.0158e-01 -5.479e+01 0.13997 0.000 0.07811 0.06186 
-0.0022 0.0114 3.0271e-01 -5.473e+01 0.13997 0.000 0.07803 0.06194 
-0.0022 0.0118 3.0374e-01 -5.474e+01 0.13996 0.000 0.07807 0.06189 
-0.0022 0.0122 3.0478e-01 -5.476e+01 0.13996 0.000 0.07811 0.06185 
-0.0022 0.0126 3.0583e-01 -5.478e+01 0.13997 0.000 0.07807 0.06190 
-0.0022 0.0130 3.0677e-01 -5.484e+01 0.13996 0.000 0.07816 0.06180 
-0.0022 0.0134 3.0788e-01 -5.483e+01 0.13995 0.000 0.07813 0.06182 
-0.0022 0.0138 3.0900e-01 -5.479e+01 0.13996 0.000 0.07809 0.06187 
-0.0022 0.0142 3.1019e-01 -5.472e+01 0.13997 0.000 0.07802 0.06195 
-0.0022 0.0146 3.1119e-01 -5.475e+01 0.13997 0.000 0.07812 0.06185 
-0.0022 0.0150 3.1229e-01 -5.471e+01 0.13996 0.000 0.07806 0.06190 
-0.0022 0.0154 3.1346e-01 -5.463e+01 0.13996 0.000 0.07793 0.06203 
-0.0022 0.0158 3.1444e-01 -5.464e+01 0.13997 0.000 0.07798 0.06199 
-0.0018 0.0002 2.9051e-01 -5.479e+01 0.13996 0.000 0.07814 0.06182 
-0.0018 0.0006 2.9059e-01 -5.470e+01 0.13996 0.000 0.07799 0.06197 
-0.0018 0.0010 2.9048e-01 -5.475e+01 0.13996 0.000 0.07809 0.06187 
-0.0018 0.0014 2.9063e-01 -5.467e+01 0.13996 0.000 0.07802 0.06194 
-0.0018 0.0018 2.9071e-01 -5.468e+01 0.13995 0.000 0.07806 0.06189 
-0.0018 0.0022 2.9091e-01 -5.464e+01 0.13996 0.000 0.07804 0.06192 
-0.0018 0.0026 2.9103e-01 -5.469e+01 0.13995 0.000 0.07812 0.06184 
-0.0018 0.0030 2.9125e-01 -5.472e+01 0.13997 0.000 0.07812 0.06185 
-0.0018 0.0034 2.9170e-01 -5.465e+01 0.13996 0.000 0.07798 0.06198 
-0.0018 0.0038 2.9195e-01 -5.473e+01 0.13996 0.000 0.07809 0.06187 
-0.0018 0.0042 2.9235e-01 -5.476e+01 0.13997 0.000 0.07809 0.06189 
-0.0018 0.0046 2.9273e-01 -5.483e+01 0.13996 0.000 0.07816 0.06180 
-0.0018 0.0050 2.9331e-01 -5.482e+01 0.13996 0.000 0.07810 0.06186 
-0.0018 0.0054 2.9389e-01 -5.484e+01 0.13997 0.000 0.07808 0.06189 
-0.0018 0.0058 2.9452e-01 -5.486e+01 0.13995 0.000 0.07810 0.06185 
-0.0018 0.0062 2.9522e-01 -5.487e+01 0.13996 0.000 0.07814 0.06182 
-0.0018 0.0066 2.9603e-01 -5.485e+01 0.13995 0.000 0.07812 0.06183 
-0.0018 0.0070 2.9693e-01 -5.480e+01 0.13997 0.000 0.07808 0.06188 
-0.0018 0.0074 2.9792e-01 -5.472e+01 0.13998 0.000 0.07798 0.06199 
-0.0018 0.0078 2.9874e-01 -5.477e+01 0.13997 0.000 0.07808 0.06188 
-0.0018 0.0082 2.9973e-01 -5.474e+01 0.13996 0.000 0.07805 0.06191 
-0.0018 0.0086 3.0083e-01 -5.466e+01 0.13995 0.000 0.07795 0.06200 
-0.0018 0.0090 3.0168e-01 -5.475e+01 0.13997 0.000 0.07809 0.06188 
-0.0018 0.0094 3.0268e-01 -5.476e+01 0.13997 0.000 0.07811 0.06185 
-0.0018 0.0098 3.0374e-01 -5.476e+01 0.13996 0.000 0.07811 0.06186 
-0.0018 0.0102 3.0481e-01 -5.476e+01 0.13996 0.000 0.07810 0.06186 
-0.0018 0.0106 3.0595e-01 -5.472e+01 0.13997 0.000 0.07803 0.06194 
-0.0018 0.0110 3.0699e-01 -5.476e+01 0.13996 0.000 0.07810 0.06186 
-0.0018 0.0114 3.0825e-01 -5.467e+01 0.13995 0.000 0.07796 0.06199 
-0.0018 0.0118 3.0914e-01 -5.480e+01 0.13996 0.000 0.07812 0.06184 
-0.0018 0.0122 3.1025e-01 -5.480e+01 0.13997 0.000 0.07806 0.06190 
-0.0018 0.0126 3.1131e-01 -5.483e+01 0.13996 0.000 0.07810 0.06186 
-0.0018 0.0130 3.1241e-01 -5.483e+01 0.13996 0.000 0.07814 0.06182 
-0.0018 0.0134 3.1367e-01 -5.473e+01 0.13996 0.000 0.07803 0.06192 
-0.0018 0.0138 3.1470e-01 -5.476e+01 0.13998 0.000 0.07812 0.06185 
-0.0018 0.0142 3.1596e-01 -5.465e+01 0.13996 0.000 0.07797 0.06199 
-0.0018 0.0146 3.1709e-01 -5.460e+01 0.13995 0.000 0.07793 0.06202 
-0.0018 0.0150 3.1814e-01 -5.458e+01 0.13997 0.000 0.07794 0.06203 
-0.0018 0.0154 3.1904e-01 -5.464e+01 0.13996 0.000 0.07807 0.06189 
-0.0018 0.0158 3.2019e-01 -5.455e+01 0.13997 0.000 0.07795 0.06202 
-0.0014 0.0002 2.9261e-01 -5.473e+01 0.13995 0.000 0.07806 0.06189 
-0.0014 0.0006 2.9272e-01 -5.472e+01 0.13996 0.000 0.07806 0.06190 
-0.0014 0.0010 2.9285e-01 -5.474e+01 0.13996 0.000 0.07811 0.06185 
-0.0014 0.0014 2.9316e-01 -5.469e+01 0.13996 0.000 0.07803 0.06193 
-0.0014 0.0018 2.9343e-01 -5.469e+01 0.13997 0.000 0.07802 0.06195 
-0.0014 0.0022 2.9362e-01 -5.477e+01 0.13995 0.000 0.07813 0.06183 
-0.0014 0.0026 2.9400e-01 -5.479e+01 0.13996 0.000 0.07811 0.06185 
-0.0014 0.0030 2.9448e-01 -5.477e+01 0.13996 0.000 0.07805 0.06191 
-0.0014 0.0034 2.9492e-01 -5.482e+01 0.13996 0.000 0.07809 0.06188 
-0.0014 0.0038 2.9544e-01 -5.484e+01 0.13996 0.000 0.07809 0.06187 
-0.0014 0.0042 2.9601e-01 -5.487e+01 0.13996 0.000 0.07812 0.06184 
-0.0014 0.0046 2.9669e-01 -5.487e+01 0.13996 0.000 0.07810 0.06186 
-0.0014 0.0050 2.9742e-01 -5.487e+01 0.13997 0.000 0.07807 0.06190 
-0.0014 0.0054 2.9815e-01 -5.490e+01 0.13997 0.000 0.07815 0.06182 
-0.0014 0.0058 2.9904e-01 -5.486e+01 0.13996 0.000 0.07812 0.06184 
-0.0014 0.0062 3.0008e-01 -5.477e+01 0.13995 0.000 0.07802 0.06193 
-0.0014 0.0066 3.0108e-01 -5.471e+01 0.13996 0.000 0.07797 0.06198 
-0.0014 0.0070 3.0205e-01 -5.471e+01 0.13996 0.000 0.07796 0.06200 
-0.0014 0.0074 3.0306e-01 -5.469e+01 0.13995 0.000 0.07797 0.06199 
-0.0014 0.0078 3.0391e-01 -5.479e+01 0.13996 0.000 0.07813 0.06183 
-0.0014 0.0082 3.0513e-01 -5.470e+01 0.13996 0.000 0.07798 0.06198 
-0.0014 0.0086 3.0599e-01 -5.481e+01 0.13997 0.000 0.07816 0.06181 
-0.0014 0.0090 3.0720e-01 -5.475e+01 0.13996 0.000 0.07808 0.06188 
-0.0014 0.0094 3.0830e-01 -5.477e+01 0.13996 0.000 0.07809 0.06187 
-0.0014 0.0098 3.0935e-01 -5.481e+01 0.13996 0.000 0.07812 0.06185 
-0.0014 0.0102 3.1047e-01 -5.482e+01 0.13997 0.000 0.07814 0.06183 
-0.0014 0.0106 3.1166e-01 -5.480e+01 0.13997 0.000 0.07809 0.06188 
-0.0014 0.0110 3.1288e-01 -5.475e+01 0.13996 0.000 0.07799 0.06197 
-0.0014 0.0114 3.1390e-01 -5.483e+01 0.13997 0.000 0.07808 0.06189 
-0.0014 0.0118 3.1504e-01 -5.483e+01 0.13997 0.000 0.07807 0.06190 
-0.0014 0.0122 3.1631e-01 -5.475e+01 0.13996 0.000 0.07798 0.06198 
-0.0014 0.0126 3.1742e-01 -5.476e+01 0.13995 0.000 0.07809 0.06186 
-0.0014 0.0130 3.1860e-01 -5.471e+01 0.13997 0.000 0.07807 0.06189 
-0.0014 0.0134 3.1989e-01 -5.460e+01 0.13995 0.000 0.07794 0.06201 
-0.0014 0.0138 3.2100e-01 -5.458e+01 0.13996 0.000 0.07794 0.06202 
-0.0014 0.0142 3.2210e-01 -5.455e+01 0.13996 0.000 0.07794 0.06202 
-0.0014 0.0146 3.2317e-01 -5.454e+01 0.13997 0.000 0.07792 0.06205 
-0.0014 0.0150 3.2422e-01 -5.451e+01 0.13996 0.000 0.07794 0.06203 
-0.0014 0.0154 3.2510e-01 -5.457e+01 0.13997 0.000 0.07817 0.06181 
-0.0014 0.0158 3.2630e-01 -5.442e+01 0.13995 0.000 0.07804 0.06191 
-0.0010 0.0002 2.9532e-01 -5.477e+01 0.13996 0.000 0.07811 0.06186 
-0.0010 0.0006 2.9561e-01 -5.477e+01 0.13996 0.000 0.07811 0.06186 
-0.0010 0.0010 2.9609e-01 -5.470e+01 0.13997 0.000 0.07796 0.06201 
-0.0010 0.0014 2.9638e-01 -5.477e+01 0.13997 0.000 0.07808 0.06189 
-0.0010 0.0018 2.9681e-01 -5.479e+01 0.13995 0.000 0.07810 0.06185 
-0.0010 0.0022 2.9729e-01 -5.481e+01 0.13997 0.000 0.07810 0.06186 
-0.0010 0.0026 2.9790e-01 -5.479e+01 0.13996 0.000 0.07806 0.06190 
-0.0010 0.0030 2.9852e-01 -5.480e+01 0.13996 0.000 0.07807 0.06189 
-0.0010 0.0034 2.9927e-01 -5.477e+01 0.13997 0.000 0.07798 0.06199 
-0.0010 0.0038 2.9984e-01 -5.486e+01 0.13996 0.000 0.07810 0.06186 
-0.0010 0.0042 3.0053e-01 -5.492e+01 0.13996 0.000 0.07818 0.06177 
-0.0010 0.0046 3.0145e-01 -5.487e+01 0.13997 0.000 0.07810 0.06187 
-0.0010 0.0050 3.0237e-01 -5.484e+01 0.13997 0.000 0.07812 0.06185 
-0.0010 0.0054 3.0346e-01 -5.476e+01 0.13996 0.000 0.07799 0.06197 
-0.0010 0.0058 3.0446e-01 -5.474e+01 0.13995 0.000 0.07802 0.06193 
-0.0010 0.0062 3.0536e-01 -5.480e+01 0.13996 0.000 0.07810 0.06186 
-0.0010 0.0066 3.0652e-01 -5.473e+01 0.13995 0.000 0.07799 0.06196 
-0.0010 0.0070 3.0748e-01 -5.480e+01 0.13996 0.000 0.07810 0.06186 
-0.0010 0.0074 3.0860e-01 -5.479e+01 0.13996 0.000 0.07809 0.06187 
-0.0010 0.0078 3.0969e-01 -5.481e+01 0.13996 0.000 0.07813 0.06183 
-0.0010 0.0082 3.1082e-01 -5.481e+01 0.13997 0.000 0.07812 0.06185 
-0.0010 0.0086 3.1203e-01 -5.478e+01 0.13996 0.000 0.07808 0.06189 
-0.0010 0.0090 3.1320e-01 -5.478e+01 0.13995 0.000 0.07806 0.06189 
-0.0010 0.0094 3.1430e-01 -5.483e+01 0.13996 0.000 0.07813 0.06183 
-0.0010 0.0098 3.1554e-01 -5.480e+01 0.13996 0.000 0.07808 0.06188 
-0.0010 0.0102 3.1683e-01 -5.474e+01 0.13995 0.000 0.07797 0.06198 
-0.0010 0.0106 3.1796e-01 -5.477e+01 0.13997 0.000 0.07799 0.06199 
-0.0010 0.0110 3.1904e-01 -5.483e+01 0.13996 0.000 0.07807 0.06189 
-0.0010 0.0114 3.2035e-01 -5.475e+01 0.13995 0.000 0.07800 0.06195 
-0.0010 0.0118 3.2145e-01 -5.478e+01 0.13997 0.000 0.07809 0.06187 
-0.0010 0.0122 3.2273e-01 -5.470e+01 0.13997 0.000 0.07804 0.06193 
-0.0010 0.0126 3.2400e-01 -5.462e+01 0.13996 0.000 0.07793 0.06204 
-0.0010 0.0130 3.2517e-01 -5.458e+01 0.13994 0.000 0.07793 0.06202 
-0.0010 0.0134 3.2613e-01 -5.464e+01 0.13996 0.000 0.07808 0.06188 
-0.0010 0.0138 3.2737e-01 -5.454e+01 0.13995 0.000 0.07794 0.06201 
-0.0010 0.0142 3.2843e-01 -5.453e+01 0.13997 0.000 0.07795 0.06203 
-0.0010 0.0146 3.2947e-01 -5.450e+01 0.13997 0.000 0.07799 0.06198 
-0.0010 0.0150 3.3068e-01 -5.437e+01 0.13996 0.000 0.07791 0.06205 
-0.0010 0.0154 3.3165e-01 -5.435e+01 0.13995 0.000 0.07801 0.06194 
-0.0010 0.0158 3.3267e-01 -5.429e+01 0.13997 0.000 0.07795 0.06201 
-0.0006 0.0002 2.9901e-01 -5.468e+01 0.13995 0.000 0.07810 0.06185 
-0.0006 0.0006 2.9952e-01 -5.466e+01 0.13997 0.000 0.07807 0.06190 
-0.0006 0.0010 3.0000e-01 -5.469e+01 0.13997 0.000 0.07812 0.06185 
-0.0006 0.0014 3.0052e-01 -5.473e+01 0.13996 0.000 0.07817 0.06180 
-0.0006 0.0018 3.0137e-01 -5.462e+01 0.13996 0.000 0.07791 0.06205 
-0.0006 0.0022 3.0180e-01 -5.476e+01 0.13997 0.000 0.07817 0.06180 
-0.0006 0.0026 3.0273e-01 -5.467e+01 0.13995 0.000 0.07799 0.06196 
-0.0006 0.0030 3.0346e-01 -5.471e+01 0.13997 0.000 0.07801 0.06196 
-0.0006 0.0034 3.0433e-01 -5.469e+01 0.13995 0.000 0.07799 0.06196 
-0.0006 0.0038 3.0523e-01 -5.470e+01 0.13996 0.000 0.07801 0.06194 
-0.0006 0.0042 3.0620e-01 -5.468e+01 0.13996 0.000 0.07802 0.06194 
-0.0006 0.0046 3.0711e-01 -5.472e+01 0.13997 0.000 0.07809 0.06188 
-0.0006 0.0050 3.0826e-01 -5.465e+01 0.13996 0.000 0.07798 0.06198 
-0.0006 0.0054 3.0911e-01 -5.477e+01 0.13996 0.000 0.07819 0.06177 
-0.0006 0.0058 3.1037e-01 -5.468e+01 0.13996 0.000 0.07801 0.06195 
-0.0006 0.0062 3.1145e-01 -5.471e+01 0.13996 0.000 0.07803 0.06192 
-0.0006 0.0066 3.1245e-01 -5.479e+01 0.13997 0.000 0.07817 0.06180 
-0.0006 0.0070 3.1363e-01 -5.478e+01 0.13997 0.000 0.07814 0.06183 
-0.0006 0.0074 3.1481e-01 -5.479e+01 0.13996 0.000 0.07814 0.06182 
-0.0006 0.0078 3.1599e-01 -5.481e+01 0.13997 0.000 0.07812 0.06185 
-0.0006 0.0082 3.1736e-01 -5.472e+01 0.13995 0.000 0.07798 0.06197 
-0.0006 0.0086 3.1843e-01 -5.481e+01 0.13997 0.000 0.07810 0.06187 
-0.0006 0.0090 3.1975e-01 -5.475e+01 0.13995 0.000 0.07806 0.06190 
-0.0006 0.0094 3.2094e-01 -5.477e+01 0.13995 0.000 0.07809 0.06186 
-0.0006 0.0098 3.2215e-01 -5.478e+01 0.13996 0.000 0.07808 0.06187 
-0.0006 0.0102 3.2327e-01 -5.483e+01 0.13996 0.000 0.07813 0.06183 
-0.0006 0.0106 3.2447e-01 -5.483e+01 0.13997 0.000 0.07814 0.06183 
-0.0006 0.0110 3.2580e-01 -5.476e+01 0.13996 0.000 0.07807 0.06189 
-0.0006 0.0114 3.2716e-01 -5.464e+01 0.13996 0.000 0.07793 0.06203 
-0.0006 0.0118 3.2824e-01 -5.469e+01 0.13995 0.000 0.07806 0.06189 
-0.0006 0.0122 3.2938e-01 -5.468e+01 0.13996 0.000 0.07810 0.06187 
-0.0006 0.0126 3.3070e-01 -5.457e+01 0.13996 0.000 0.07793 0.06202 
-0.0006 0.0130 3.3164e-01 -5.465e+01 0.13995 0.000 0.07812 0.06184 
-0.0006 0.0134 3.3293e-01 -5.451e+01 0.13995 0.000 0.07793 0.06202 
-0.0006 0.0138 3.3402e-01 -5.447e+01 0.13996 0.000 0.07792 0.06204 
-0.0006 0.0142 3.3489e-01 -5.454e+01 0.13997 0.000 0.07821 0.06176 
-0.0006 0.0146 3.3618e-01 -5.435e+01 0.13997 0.000 0.07793 0.06203 
-0.0006 0.0150 3.3723e-01 -5.428e+01 0.13996 0.000 0.07788 0.06208 
-0.0006 0.0154 3.3809e-01 -5.430e+01 0.13997 0.000 0.07798 0.06199 
-0.0006 0.0158 3.3906e-01 -5.424e+01 0.13996 0.000 0.07790 0.06207 
-0.0002 0.0002 3.0344e-01 -5.456e+01 0.13997 0.000 0.07793 0.06204 
-0.0002 0.0006 3.0392e-01 -5.466e+01 0.13997 0.000 0.07811 0.06186 
-0.0002 0.0010 3.0463e-01 -5.467e+01 0.13996 0.000 0.07808 0.06188 
-0.0002 0.0014 3.0542e-01 -5.464e+01 0.13997 0.000 0.07801 0.06196 
-0.0002 0.0018 3.0605e-01 -5.475e+01 0.13996 0.000 0.07814 0.06182 
-0.0002 0.0022 3.0681e-01 -5.481e+01 0.13997 0.000 0.07821 0.06176 
-0.0002 0.0026 3.0781e-01 -5.476e+01 0.13996 0.000 0.07810 0.06186 
-0.0002 0.0030 3.0892e-01 -5.468e+01 0.13996 0.000 0.07798 0.06198 
-0.0002 0.0034 3.0991e-01 -5.469e+01 0.13996 0.000 0.07805 0.06191 
-0.0002 0.0038 3.1104e-01 -5.464e+01 0.13997 0.000 0.07797 0.06199 
-0.0002 0.0042 3.1197e-01 -5.472e+01 0.13996 0.000 0.07811 0.06185 
-0.0002 0.0046 3.1298e-01 -5.478e+01 0.13996 0.000 0.07820 0.06176 
-0.0002 0.0050 3.1421e-01 -5.473e+01 0.13996 0.000 0.07810 0.06186 
-0.0002 0.0054 3.1520e-01 -5.484e+01 0.13996 0.000 0.07826 0.06170 
-0.0002 0.0058 3.1670e-01 -5.466e+01 0.13996 0.000 0.07799 0.06196 
-0.0002 0.0062 3.1777e-01 -5.475e+01 0.13996 0.000 0.07812 0.06184 
-0.0002 0.0066 3.1911e-01 -5.469e+01 0.13995 0.000 0.07803 0.06192 
-0.0002 0.0070 3.2017e-01 -5.480e+01 0.13996 0.000 0.07818 0.06178 
-0.0002 0.0074 3.2147e-01 -5.477e+01 0.13995 0.000 0.07811 0.06184 
-0.0002 0.0078 3.2273e-01 -5.477e+01 0.13995 0.000 0.07809 0.06187 
-0.0002 0.0082 3.2397e-01 -5.478e+01 0.13996 0.000 0.07811 0.06184 
-0.0002 0.0086 3.2543e-01 -5.468e+01 0.13995 0.000 0.07794 0.06201 
-0.0002 0.0090 3.2647e-01 -5.480e+01 0.13997 0.000 0.07813 0.06184 
-0.0002 0.0094 3.2781e-01 -5.474e+01 0.13997 0.000 0.07799 0.06197 
-0.0002 0.0098 3.2891e-01 -5.483e+01 0.13997 0.000 0.07813 0.06184 
-0.0002 0.0102 3.3037e-01 -5.469e+01 0.13996 0.000 0.07795 0.06201 
-0.0002 0.0106 3.3161e-01 -5.468e+01 0.13996 0.000 0.07794 0.06202 
-0.0002 0.0110 3.3280e-01 -5.466e+01 0.13996 0.000 0.07796 0.06200 
-0.0002 0.0114 3.3402e-01 -5.463e+01 0.13997 0.000 0.07794 0.06202 
-0.0002 0.0118 3.3507e-01 -5.468e+01 0.13996 0.000 0.07808 0.06188 
-0.0002 0.0122 3.3634e-01 -5.460e+01 0.13996 0.000 0.07796 0.06200 
-0.0002 0.0126 3.3751e-01 -5.454e+01 0.13995 0.000 0.07791 0.06203 
-0.0002 0.0130 3.3848e-01 -5.458e+01 0.13997 0.000 0.07802 0.06195 
-0.0002 0.0134 3.3968e-01 -5.447e+01 0.13995 0.000 0.07794 0.06201 
-0.0002 0.0138 3.4079e-01 -5.440e+01 0.13997 0.000 0.07789 0.06208 
-0.0002 0.0142 3.4182e-01 -5.435e+01 0.13997 0.000 0.07789 0.06208 
-0.0002 0.0146 3.4269e-01 -5.436e+01 0.13997 0.000 0.07798 0.06199 
-0.0002 0.0150 3.4366e-01 -5.431e+01 0.13997 0.000 0.07792 0.06205 
-0.0002 0.0154 3.4457e-01 -5.426e+01 0.13996 0.000 0.07793 0.06203 
-0.0002 0.0158 3.4545e-01 -5.422e+01 0.13997 0.000 0.07790 0.06207 
