-0.00189844 0.00207372 1.0248e+00 -7.139e+01 0.1458983 0.000 0.0806426 0.0652557 
-0.00189844 0.00257142 1.0252e+00 -7.144e+01 0.1459322 0.000 0.0806865 0.0652458 
-0.00189844 0.00306911 1.0260e+00 -7.149e+01 0.1459628 0.000 0.0807019 0.0652610 
-0.00189844 0.00356680 1.0274e+00 -7.148e+01 0.1459465 0.000 0.0805955 0.0653508 
-0.00189844 0.00406450 1.0287e+00 -7.152e+01 0.1458754 0.000 0.0809731 0.0649022 
-0.00189844 0.00456219 1.0303e+00 -7.155e+01 0.1459259 0.000 0.0808555 0.0650704 
-0.00189844 0.00505988 1.0322e+00 -7.160e+01 0.1459744 0.000 0.0806900 0.0652844 
-0.00189844 0.00555758 1.0344e+00 -7.162e+01 0.1459704 0.000 0.0807129 0.0652573 
-0.00587999 0.00207372 1.0750e+00 -7.127e+01 0.1459775 0.000 0.0805743 0.0654033 
-0.00587999 0.00257142 1.0707e+00 -7.128e+01 0.1459658 0.000 0.0805426 0.0654233 
-0.00587999 0.00306911 1.0669e+00 -7.120e+01 0.1459163 0.000 0.0806645 0.0652518 
-0.00587999 0.00356680 1.0619e+00 -7.133e+01 0.1459626 0.000 0.0806232 0.0653396 
-0.00587999 0.00406450 1.0577e+00 -7.134e+01 0.1459488 0.000 0.0805534 0.0653953 
-0.00587999 0.00456219 1.0534e+00 -7.136e+01 0.1459817 0.000 0.0805928 0.0653888 
-0.00587999 0.00505988 1.0494e+00 -7.135e+01 0.1459718 0.000 0.0807427 0.0652291 
-0.00587999 0.00555758 1.0453e+00 -7.138e+01 0.1459774 0.000 0.0806348 0.0653426 
-0.00587999 0.00605527 1.0416e+00 -7.136e+01 0.1459782 0.000 0.0807129 0.0652652 
-0.00587999 0.00655296 1.0383e+00 -7.130e+01 0.1459740 0.000 0.0805787 0.0653952 
-0.00587999 0.00705066 1.0349e+00 -7.128e+01 0.1459754 0.000 0.0805810 0.0653945 
-0.00587999 0.00754835 1.0317e+00 -7.128e+01 0.1459691 0.000 0.0806166 0.0653525 
-0.00587999 0.00804604 1.0290e+00 -7.122e+01 0.1459715 0.000 0.0804797 0.0654914 
-0.00587999 0.00854374 1.0266e+00 -7.113e+01 0.1459196 0.000 0.0804939 0.0654256 
-0.00587999 0.00904143 1.0243e+00 -7.109e+01 0.1459017 0.000 0.0805889 0.0653129 
-0.00587999 0.00953912 1.0223e+00 -7.103e+01 0.1458963 0.000 0.0804768 0.0654194 
-0.00587999 0.01003682 1.0204e+00 -7.100e+01 0.1458925 0.000 0.0804849 0.0654079 
-0.00587999 0.01053451 1.0188e+00 -7.097e+01 0.1458954 0.000 0.0804776 0.0654178 
-0.00587999 0.01103221 1.0174e+00 -7.094e+01 0.1458992 0.000 0.0804413 0.0654580 
-0.00587999 0.01152990 1.0157e+00 -7.101e+01 0.1459129 0.000 0.0805079 0.0654048 
-0.00587999 0.01202759 1.0149e+00 -7.099e+01 0.1459243 0.000 0.0804767 0.0654479 
-0.00587999 0.01252529 1.0143e+00 -7.095e+01 0.1458978 0.000 0.0805199 0.0653780 
-0.00587999 0.01302298 1.0141e+00 -7.092e+01 0.1459058 0.000 0.0804713 0.0654345 
-0.00587999 0.01352067 1.0140e+00 -7.091e+01 0.1459237 0.000 0.0804818 0.0654421 
-0.00587999 0.01401837 1.0140e+00 -7.090e+01 0.1458890 0.000 0.0806951 0.0651937 
-0.00600441 0.00207372 1.0806e+00 -7.123e+01 0.1459804 0.000 0.0805179 0.0654626 
-0.00600441 0.00257142 1.0764e+00 -7.122e+01 0.1459544 0.000 0.0805637 0.0653907 
-0.00600441 0.00306911 1.0717e+00 -7.126e+01 0.1459751 0.000 0.0805531 0.0654220 
-0.00600441 0.00356680 1.0679e+00 -7.118e+01 0.1459071 0.000 0.0806293 0.0652777 
-0.00600441 0.00406450 1.0635e+00 -7.121e+01 0.1459118 0.000 0.0806744 0.0652375 
-0.00600441 0.00456219 1.0586e+00 -7.132e+01 0.1459499 0.000 0.0805928 0.0653571 
-0.00600441 0.00505988 1.0542e+00 -7.135e+01 0.1459545 0.000 0.0806736 0.0652809 
-0.00600441 0.00555758 1.0502e+00 -7.134e+01 0.1459800 0.000 0.0806498 0.0653303 
-0.00600441 0.00605527 1.0463e+00 -7.134e+01 0.1459376 0.000 0.0807450 0.0651928 
-0.00600441 0.00655296 1.0424e+00 -7.136e+01 0.1459739 0.000 0.0808022 0.0651717 
-0.00600441 0.00705066 1.0393e+00 -7.126e+01 0.1459477 0.000 0.0806479 0.0652997 
-0.00600441 0.00754835 1.0359e+00 -7.126e+01 0.1459666 0.000 0.0806014 0.0653652 
-0.00600441 0.00804604 1.0335e+00 -7.113e+01 0.1459479 0.000 0.0804236 0.0655241 
-0.00600441 0.00854374 1.0301e+00 -7.120e+01 0.1459662 0.000 0.0804880 0.0654782 
-0.00600441 0.00904143 1.0276e+00 -7.114e+01 0.1459544 0.000 0.0805229 0.0654314 
-0.00600441 0.00953912 1.0257e+00 -7.103e+01 0.1459182 0.000 0.0804299 0.0654881 
-0.00600441 0.01003682 1.0237e+00 -7.099e+01 0.1458856 0.000 0.0804824 0.0654031 
-0.00600441 0.01053451 1.0220e+00 -7.094e+01 0.1458606 0.000 0.0804526 0.0654079 
-0.00600441 0.01103221 1.0202e+00 -7.093e+01 0.1458847 0.000 0.0804564 0.0654279 
-0.00600441 0.01152990 1.0188e+00 -7.092e+01 0.1458976 0.000 0.0804636 0.0654340 
-0.00600441 0.01202759 1.0179e+00 -7.089e+01 0.1458913 0.000 0.0804466 0.0654447 
-0.00600441 0.01252529 1.0169e+00 -7.089e+01 0.1458972 0.000 0.0805039 0.0653931 
-0.00600441 0.01302298 1.0158e+00 -7.095e+01 0.1459464 0.000 0.0804871 0.0654592 
-0.00600441 0.01352067 1.0156e+00 -7.093e+01 0.1459419 0.000 0.0805247 0.0654171 
-0.00600441 0.01401837 1.0156e+00 -7.089e+01 0.1459422 0.000 0.0805036 0.0654388 
-0.00612883 0.00207372 1.0863e+00 -7.120e+01 0.1459713 0.000 0.0804369 0.0655345 
-0.00612883 0.00257142 1.0819e+00 -7.120e+01 0.1459641 0.000 0.0805359 0.0654282 
-0.00612883 0.00306911 1.0774e+00 -7.123e+01 0.1459600 0.000 0.0805810 0.0653791 
-0.00612883 0.00356680 1.0737e+00 -7.110e+01 0.1458961 0.000 0.0804563 0.0654399 
-0.00612883 0.00406450 1.0688e+00 -7.118e+01 0.1459110 0.000 0.0806733 0.0652376 
-0.00612883 0.00456219 1.0647e+00 -7.117e+01 0.1459190 0.000 0.0804949 0.0654240 
-0.00612883 0.00505988 1.0594e+00 -7.134e+01 0.1459837 0.000 0.0806237 0.0653600 
-0.00612883 0.00555758 1.0552e+00 -7.134e+01 0.1459635 0.000 0.0806114 0.0653522 
-0.00612883 0.00605527 1.0512e+00 -7.133e+01 0.1459683 0.000 0.0807368 0.0652317 
-0.00612883 0.00655296 1.0475e+00 -7.130e+01 0.1459661 0.000 0.0807680 0.0651983 
-0.00612883 0.00705066 1.0434e+00 -7.134e+01 0.1459803 0.000 0.0808002 0.0651803 
-0.00612883 0.00754835 1.0403e+00 -7.127e+01 0.1459763 0.000 0.0805371 0.0654392 
-0.00612883 0.00804604 1.0371e+00 -7.124e+01 0.1459657 0.000 0.0806018 0.0653638 
-0.00612883 0.00854374 1.0341e+00 -7.120e+01 0.1459703 0.000 0.0805919 0.0653786 
-0.00612883 0.00904143 1.0315e+00 -7.113e+01 0.1459097 0.000 0.0806190 0.0652907 
-0.00612883 0.00953912 1.0287e+00 -7.114e+01 0.1459797 0.000 0.0805188 0.0654610 
-0.00612883 0.01003682 1.0269e+00 -7.102e+01 0.1459015 0.000 0.0805204 0.0653811 
-0.00612883 0.01053451 1.0249e+00 -7.099e+01 0.1458930 0.000 0.0805257 0.0653673 
-0.00612883 0.01103221 1.0232e+00 -7.095e+01 0.1458865 0.000 0.0804920 0.0653944 
-0.00612883 0.01152990 1.0217e+00 -7.091e+01 0.1458914 0.000 0.0804339 0.0654576 
-0.00612883 0.01202759 1.0204e+00 -7.090e+01 0.1458970 0.000 0.0804787 0.0654181 
-0.00612883 0.01252529 1.0195e+00 -7.085e+01 0.1458739 0.000 0.0804722 0.0654016 
-0.00612883 0.01302298 1.0187e+00 -7.085e+01 0.1458991 0.000 0.0804713 0.0654278 
-0.00612883 0.01352067 1.0180e+00 -7.086e+01 0.1458941 0.000 0.0806353 0.0652587 
-0.00612883 0.01401837 1.0178e+00 -7.083e+01 0.1458891 0.000 0.0806623 0.0652271 
-0.00227171 0.00456219 1.0210e+00 -7.134e+01 0.1458982 0.000 0.0804680 0.0654301 
-0.00227171 0.00505988 1.0224e+00 -7.136e+01 0.1458672 0.000 0.0805354 0.0653317 
-0.00227171 0.00555758 1.0239e+00 -7.139e+01 0.1459039 0.000 0.0804835 0.0654204 
-0.00227171 0.00605527 1.0256e+00 -7.143e+01 0.1458975 0.000 0.0805747 0.0653227 
-0.00227171 0.00655296 1.0274e+00 -7.152e+01 0.1459899 0.000 0.0805413 0.0654487 
-0.00227171 0.00705066 1.0297e+00 -7.155e+01 0.1459766 0.000 0.0805397 0.0654368 
-0.00227171 0.00754835 1.0321e+00 -7.160e+01 0.1459626 0.000 0.0807081 0.0652546 
-0.00227171 0.00804604 1.0351e+00 -7.159e+01 0.1459556 0.000 0.0807102 0.0652457 
-0.00227171 0.00854374 1.0388e+00 -7.151e+01 0.1459730 0.000 0.0805558 0.0654173 
-0.00227171 0.00904143 1.0420e+00 -7.152e+01 0.1459795 0.000 0.0805800 0.0653993 
-0.00227171 0.00953912 1.0452e+00 -7.157e+01 0.1459774 0.000 0.0807546 0.0652227 
-0.00227171 0.01003682 1.0484e+00 -7.165e+01 0.1459698 0.000 0.0808062 0.0651637 
-0.00227171 0.01053451 1.0529e+00 -7.155e+01 0.1459540 0.000 0.0805456 0.0654084 
-0.00227171 0.01103221 1.0564e+00 -7.161e+01 0.1459709 0.000 0.0807719 0.0651989 
-0.00227171 0.01152990 1.0602e+00 -7.165e+01 0.1459801 0.000 0.0807536 0.0652267 
-0.00227171 0.01202759 1.0638e+00 -7.170e+01 0.1459693 0.000 0.0809447 0.0650244 
-0.00227171 0.01252529 1.0678e+00 -7.173e+01 0.1459727 0.000 0.0809133 0.0650595 
-0.00227171 0.01302298 1.0719e+00 -7.173e+01 0.1459617 0.000 0.0808717 0.0650899 
-0.00227171 0.01352067 1.0768e+00 -7.161e+01 0.1459456 0.000 0.0808021 0.0651436 
-0.00227171 0.01401837 1.0808e+00 -7.164e+01 0.1459709 0.000 0.0805665 0.0654043 
-0.00239613 0.00207372 1.0165e+00 -7.125e+01 0.1458795 0.000 0.0805072 0.0653722 
-0.00239613 0.00257142 1.0155e+00 -7.139e+01 0.1459158 0.000 0.0806175 0.0652984 
-0.00239613 0.00306911 1.0165e+00 -7.126e+01 0.1458880 0.000 0.0804752 0.0654128 
-0.00239613 0.00356680 1.0168e+00 -7.127e+01 0.1458899 0.000 0.0804637 0.0654263 
-0.00239613 0.00406450 1.0174e+00 -7.129e+01 0.1458826 0.000 0.0804917 0.0653909 
-0.00239613 0.00456219 1.0181e+00 -7.133e+01 0.1458842 0.000 0.0805642 0.0653201 
-0.00239613 0.00505988 1.0193e+00 -7.134e+01 0.1458830 0.000 0.0805440 0.0653390 
-0.00239613 0.00555758 1.0206e+00 -7.138e+01 0.1458953 0.000 0.0805599 0.0653355 
-0.00239613 0.00605527 1.0222e+00 -7.141e+01 0.1458957 0.000 0.0805830 0.0653126 
-0.00239613 0.00655296 1.0240e+00 -7.143e+01 0.1459014 0.000 0.0805800 0.0653215 
-0.00239613 0.00705066 1.0261e+00 -7.147e+01 0.1459464 0.000 0.0805193 0.0654271 
-0.00239613 0.00754835 1.0283e+00 -7.152e+01 0.1459854 0.000 0.0805404 0.0654453 
-0.00239613 0.00804604 1.0306e+00 -7.159e+01 0.1459754 0.000 0.0807635 0.0652119 
-0.00239613 0.00854374 1.0333e+00 -7.163e+01 0.1459726 0.000 0.0809323 0.0650403 
-0.00239613 0.00904143 1.0376e+00 -7.149e+01 0.1459695 0.000 0.0805486 0.0654210 
-0.00239613 0.00953912 1.0408e+00 -7.150e+01 0.1459756 0.000 0.0805724 0.0654033 
-0.00239613 0.01003682 1.0444e+00 -7.150e+01 0.1459663 0.000 0.0805268 0.0654394 
-0.00239613 0.01053451 1.0470e+00 -7.165e+01 0.1459854 0.000 0.0807972 0.0651885 
-0.00239613 0.01103221 1.0510e+00 -7.163e+01 0.1459652 0.000 0.0807752 0.0651903 
-0.00239613 0.01152990 1.0552e+00 -7.157e+01 0.1459523 0.000 0.0807632 0.0651891 
-0.00239613 0.01202759 1.0590e+00 -7.160e+01 0.1459557 0.000 0.0807338 0.0652220 
-0.00239613 0.01252529 1.0630e+00 -7.163e+01 0.1459655 0.000 0.0805735 0.0653921 
-0.00239613 0.01302298 1.0666e+00 -7.169e+01 0.1459583 0.000 0.0808479 0.0651105 
-0.00239613 0.01352067 1.0705e+00 -7.172e+01 0.1459690 0.000 0.0809090 0.0650599 
-0.00239613 0.01401837 1.0744e+00 -7.173e+01 0.1459634 0.000 0.0809047 0.0650588 
-0.00252056 0.00207372 1.0140e+00 -7.139e+01 0.1458922 0.000 0.0807855 0.0651067 
-0.00252056 0.00257142 1.0141e+00 -7.131e+01 0.1458727 0.000 0.0805902 0.0652826 
-0.00252056 0.00306911 1.0140e+00 -7.131e+01 0.1458608 0.000 0.0806160 0.0652449 
-0.00252056 0.00356680 1.0141e+00 -7.133e+01 0.1458655 0.000 0.0806092 0.0652563 
-0.00252056 0.00406450 1.0141e+00 -7.141e+01 0.1459538 0.000 0.0805745 0.0653792 
-0.00252056 0.00456219 1.0148e+00 -7.142e+01 0.1459412 0.000 0.0805863 0.0653551 
-0.00252056 0.00505988 1.0165e+00 -7.131e+01 0.1458944 0.000 0.0804978 0.0653966 
-0.00252056 0.00555758 1.0177e+00 -7.133e+01 0.1458906 0.000 0.0805158 0.0653749 
-0.00252056 0.00605527 1.0191e+00 -7.136e+01 0.1458961 0.000 0.0805343 0.0653618 
-0.00252056 0.00655296 1.0208e+00 -7.138e+01 0.1458798 0.000 0.0805635 0.0653164 
-0.00252056 0.00705066 1.0228e+00 -7.139e+01 0.1458986 0.000 0.0805165 0.0653823 
-0.00252056 0.00754835 1.0251e+00 -7.140e+01 0.1459077 0.000 0.0804651 0.0654424 
-0.00252056 0.00804604 1.0272e+00 -7.149e+01 0.1459674 0.000 0.0805248 0.0654426 
-0.00252056 0.00854374 1.0295e+00 -7.156e+01 0.1459775 0.000 0.0806420 0.0653359 
-0.00252056 0.00904143 1.0325e+00 -7.157e+01 0.1459620 0.000 0.0806997 0.0652624 
-0.00252056 0.00953912 1.0356e+00 -7.158e+01 0.1459613 0.000 0.0807387 0.0652225 
-0.00252056 0.01003682 1.0395e+00 -7.150e+01 0.1459825 0.000 0.0806052 0.0653773 
-0.00252056 0.01053451 1.0431e+00 -7.150e+01 0.1459746 0.000 0.0805542 0.0654204 
-0.00252056 0.01103221 1.0460e+00 -7.161e+01 0.1459630 0.000 0.0807735 0.0651895 
-0.00252056 0.01152990 1.0495e+00 -7.165e+01 0.1459813 0.000 0.0807292 0.0652520 
-0.00252056 0.01202759 1.0541e+00 -7.156e+01 0.1459641 0.000 0.0805511 0.0654127 
-0.00252056 0.01252529 1.0577e+00 -7.160e+01 0.1459631 0.000 0.0807595 0.0652036 
-0.00252056 0.01302298 1.0615e+00 -7.163e+01 0.1459831 0.000 0.0807930 0.0651902 
-0.00252056 0.01352067 1.0657e+00 -7.160e+01 0.1459517 0.000 0.0808396 0.0651121 
-0.00252056 0.01401837 1.0692e+00 -7.170e+01 0.1459553 0.000 0.0809348 0.0650205 
-0.00264498 0.00207372 1.0133e+00 -7.129e+01 0.1459206 0.000 0.0804250 0.0654956 
-0.00264498 0.00257142 1.0120e+00 -7.140e+01 0.1459012 0.000 0.0808723 0.0650286 
-0.00264498 0.00306911 1.0123e+00 -7.132e+01 0.1458836 0.000 0.0806243 0.0652593 
-0.00264498 0.00356680 1.0122e+00 -7.132e+01 0.1458781 0.000 0.0806104 0.0652678 
-0.00264498 0.00406450 1.0124e+00 -7.133e+01 0.1458833 0.000 0.0805960 0.0652872 
-0.00264498 0.00456219 1.0128e+00 -7.135e+01 0.1458921 0.000 0.0806068 0.0652851 
-0.00264498 0.00505988 1.0134e+00 -7.138e+01 0.1459117 0.000 0.0805634 0.0653484 
-0.00264498 0.00555758 1.0145e+00 -7.139e+01 0.1459497 0.000 0.0804385 0.0655111 
-0.00264498 0.00605527 1.0155e+00 -7.144e+01 0.1459279 0.000 0.0805732 0.0653546 
-0.00264498 0.00655296 1.0177e+00 -7.135e+01 0.1458836 0.000 0.0805314 0.0653521 
-0.00189844 0.00605527 1.0377e+00 -7.152e+01 0.1459644 0.000 0.0805473 0.0654171 
-0.00189844 0.00655296 1.0402e+00 -7.157e+01 0.1459924 0.000 0.0805929 0.0653995 
-0.00189844 0.00705066 1.0431e+00 -7.159e+01 0.1459740 0.000 0.0807081 0.0652658 
-0.00189844 0.00754835 1.0460e+00 -7.165e+01 0.1459799 0.000 0.0806109 0.0653689 
-0.00189844 0.00804604 1.0494e+00 -7.167e+01 0.1459583 0.000 0.0806113 0.0653470 
-0.00189844 0.00854374 1.0534e+00 -7.161e+01 0.1459721 0.000 0.0805586 0.0654135 
-0.00189844 0.00904143 1.0570e+00 -7.163e+01 0.1459809 0.000 0.0807341 0.0652467 
-0.00189844 0.00953912 1.0607e+00 -7.166e+01 0.1459659 0.000 0.0807135 0.0652523 
-0.00264498 0.00705066 1.0196e+00 -7.135e+01 0.1458695 0.000 0.0805067 0.0653628 
-0.00264498 0.00754835 1.0215e+00 -7.139e+01 0.1458868 0.000 0.0805580 0.0653285 
-0.00264498 0.00804604 1.0238e+00 -7.140e+01 0.1458990 0.000 0.0805236 0.0653753 
-0.00264498 0.00854374 1.0263e+00 -7.143e+01 0.1459212 0.000 0.0805082 0.0654128 
-0.00264498 0.00904143 1.0287e+00 -7.150e+01 0.1459788 0.000 0.0805461 0.0654328 
-0.00264498 0.00953912 1.0317e+00 -7.150e+01 0.1459737 0.000 0.0805543 0.0654193 
-0.00264498 0.01003682 1.0345e+00 -7.157e+01 0.1459714 0.000 0.0807072 0.0652642 
-0.00264498 0.01053451 1.0384e+00 -7.149e+01 0.1459900 0.000 0.0805668 0.0654231 
-0.00264498 0.01103221 1.0420e+00 -7.148e+01 0.1459687 0.000 0.0805461 0.0654226 
-0.00264498 0.01152990 1.0450e+00 -7.159e+01 0.1459594 0.000 0.0807908 0.0651686 
-0.00264498 0.01202759 1.0485e+00 -7.163e+01 0.1459819 0.000 0.0807538 0.0652280 
-0.00264498 0.01252529 1.0529e+00 -7.155e+01 0.1459745 0.000 0.0806510 0.0653235 
-0.00264498 0.01302298 1.0565e+00 -7.160e+01 0.1459929 0.000 0.0805582 0.0654349 
-0.00264498 0.01352067 1.0604e+00 -7.161e+01 0.1459647 0.000 0.0807809 0.0651839 
-0.00264498 0.01401837 1.0645e+00 -7.159e+01 0.1459614 0.000 0.0808136 0.0651478 
-0.00276940 0.00207372 1.0124e+00 -7.126e+01 0.1458996 0.000 0.0804155 0.0654839 
-0.00276940 0.00257142 1.0118e+00 -7.125e+01 0.1458834 0.000 0.0804125 0.0654707 
-0.00276940 0.00306911 1.0111e+00 -7.127e+01 0.1458929 0.000 0.0804632 0.0654298 
-0.00276940 0.00356680 1.0108e+00 -7.126e+01 0.1458642 0.000 0.0805003 0.0653640 
-0.00276940 0.00406450 1.0108e+00 -7.129e+01 0.1458943 0.000 0.0804741 0.0654202 
-0.00276940 0.00456219 1.0110e+00 -7.131e+01 0.1458858 0.000 0.0805216 0.0653639 
-0.00276940 0.00505988 1.0113e+00 -7.133e+01 0.1458947 0.000 0.0805489 0.0653458 
-0.00276940 0.00555758 1.0120e+00 -7.136e+01 0.1459042 0.000 0.0805429 0.0653612 
-0.00276940 0.00605527 1.0131e+00 -7.137e+01 0.1459009 0.000 0.0805489 0.0653523 
-0.00276940 0.00655296 1.0142e+00 -7.143e+01 0.1459623 0.000 0.0805030 0.0654594 
-0.00276940 0.00705066 1.0156e+00 -7.146e+01 0.1459392 0.000 0.0805830 0.0653562 
-0.00276940 0.00754835 1.0183e+00 -7.135e+01 0.1458896 0.000 0.0805339 0.0653557 
-0.00276940 0.00804604 1.0203e+00 -7.138e+01 0.1458877 0.000 0.0805652 0.0653223 
-0.00276940 0.00854374 1.0227e+00 -7.139e+01 0.1458903 0.000 0.0805754 0.0653148 
-0.00276940 0.00904143 1.0252e+00 -7.142e+01 0.1459266 0.000 0.0804972 0.0654295 
-0.00276940 0.00953912 1.0278e+00 -7.147e+01 0.1459659 0.000 0.0805248 0.0654411 
-0.00276940 0.01003682 1.0307e+00 -7.149e+01 0.1459794 0.000 0.0805345 0.0654448 
-0.00276940 0.01053451 1.0335e+00 -7.155e+01 0.1459688 0.000 0.0807582 0.0652105 
-0.00276940 0.01103221 1.0374e+00 -7.147e+01 0.1459782 0.000 0.0805853 0.0653930 
-0.00276940 0.01152990 1.0411e+00 -7.146e+01 0.1459663 0.000 0.0805499 0.0654163 
-0.00276940 0.01202759 1.0444e+00 -7.151e+01 0.1459654 0.000 0.0806019 0.0653635 
-0.00276940 0.01252529 1.0475e+00 -7.162e+01 0.1459705 0.000 0.0807765 0.0651941 
-0.00276940 0.01302298 1.0514e+00 -7.161e+01 0.1459697 0.000 0.0808947 0.0650751 
-0.00276940 0.01352067 1.0556e+00 -7.156e+01 0.1459762 0.000 0.0805067 0.0654697 
-0.00276940 0.01401837 1.0593e+00 -7.160e+01 0.1459774 0.000 0.0807606 0.0652167 
-0.00289383 0.00207372 1.0119e+00 -7.123e+01 0.1458745 0.000 0.0804010 0.0654733 
-0.00289383 0.00257142 1.0109e+00 -7.124e+01 0.1458826 0.000 0.0804043 0.0654783 
-0.00289383 0.00306911 1.0098e+00 -7.130e+01 0.1458978 0.000 0.0805695 0.0653283 
-0.00289383 0.00356680 1.0093e+00 -7.129e+01 0.1459018 0.000 0.0805414 0.0653603 
-0.00289383 0.00406450 1.0092e+00 -7.127e+01 0.1458932 0.000 0.0805017 0.0653916 
-0.00289383 0.00456219 1.0092e+00 -7.129e+01 0.1459008 0.000 0.0805096 0.0653915 
-0.00289383 0.00505988 1.0095e+00 -7.130e+01 0.1458956 0.000 0.0805324 0.0653633 
-0.00289383 0.00555758 1.0102e+00 -7.129e+01 0.1458908 0.000 0.0804815 0.0654093 
-0.00289383 0.00605527 1.0110e+00 -7.131e+01 0.1458892 0.000 0.0805031 0.0653862 
-0.00289383 0.00655296 1.0120e+00 -7.134e+01 0.1458774 0.000 0.0805506 0.0653270 
-0.00289383 0.00705066 1.0134e+00 -7.135e+01 0.1458691 0.000 0.0805386 0.0653305 
-0.00289383 0.00754835 1.0146e+00 -7.143e+01 0.1459465 0.000 0.0805322 0.0654143 
-0.00289383 0.00804604 1.0172e+00 -7.134e+01 0.1458921 0.000 0.0805307 0.0653614 
-0.00289383 0.00854374 1.0194e+00 -7.135e+01 0.1458953 0.000 0.0805155 0.0653799 
-0.00289383 0.00904143 1.0219e+00 -7.135e+01 0.1459002 0.000 0.0804749 0.0654253 
-0.00289383 0.00953912 1.0244e+00 -7.138e+01 0.1458829 0.000 0.0805721 0.0653108 
-0.00289383 0.01003682 1.0269e+00 -7.145e+01 0.1459720 0.000 0.0805357 0.0654363 
-0.00289383 0.01053451 1.0299e+00 -7.147e+01 0.1459727 0.000 0.0805749 0.0653978 
-0.00289383 0.01103221 1.0331e+00 -7.147e+01 0.1459598 0.000 0.0805644 0.0653954 
-0.00289383 0.01152990 1.0368e+00 -7.143e+01 0.1459607 0.000 0.0805682 0.0653925 
-0.00289383 0.01202759 1.0403e+00 -7.144e+01 0.1459627 0.000 0.0805418 0.0654209 
-0.00289383 0.01252529 1.0437e+00 -7.147e+01 0.1459787 0.000 0.0805372 0.0654416 
-0.00289383 0.01302298 1.0467e+00 -7.158e+01 0.1459548 0.000 0.0807768 0.0651780 
-0.00289383 0.01352067 1.0505e+00 -7.158e+01 0.1459508 0.000 0.0808705 0.0650803 
-0.00289383 0.01401837 1.0547e+00 -7.154e+01 0.1459661 0.000 0.0805565 0.0654094 
-0.00301825 0.00207372 1.0113e+00 -7.124e+01 0.1458897 0.000 0.0803992 0.0654905 
-0.00301825 0.00257142 1.0101e+00 -7.125e+01 0.1459018 0.000 0.0804140 0.0654880 
-0.00301825 0.00306911 1.0091e+00 -7.127e+01 0.1458847 0.000 0.0805363 0.0653485 
-0.00301825 0.00356680 1.0085e+00 -7.124e+01 0.1458951 0.000 0.0804575 0.0654375 
-0.00301825 0.00406450 1.0081e+00 -7.124e+01 0.1458886 0.000 0.0804679 0.0654206 
-0.00301825 0.00456219 1.0079e+00 -7.126e+01 0.1458936 0.000 0.0805026 0.0653908 
-0.00301825 0.00505988 1.0081e+00 -7.125e+01 0.1458820 0.000 0.0804682 0.0654137 
-0.00301825 0.00555758 1.0083e+00 -7.127e+01 0.1458931 0.000 0.0804784 0.0654149 
-0.00301825 0.00605527 1.0090e+00 -7.129e+01 0.1458992 0.000 0.0804907 0.0654084 
-0.00301825 0.00655296 1.0098e+00 -7.130e+01 0.1458934 0.000 0.0805053 0.0653880 
-0.00301825 0.00705066 1.0110e+00 -7.132e+01 0.1458882 0.000 0.0805216 0.0653664 
-0.00301825 0.00754835 1.0124e+00 -7.133e+01 0.1458797 0.000 0.0805335 0.0653464 
-0.00301825 0.00804604 1.0141e+00 -7.134e+01 0.1458816 0.000 0.0805312 0.0653505 
-0.00301825 0.00854374 1.0154e+00 -7.147e+01 0.1459858 0.000 0.0805515 0.0654342 
-0.00301825 0.00904143 1.0187e+00 -7.131e+01 0.1458932 0.000 0.0804713 0.0654219 
-0.00189844 0.01003682 1.0644e+00 -7.172e+01 0.1459706 0.000 0.0809303 0.0650401 
-0.00189844 0.01053451 1.0684e+00 -7.173e+01 0.1459548 0.000 0.0809396 0.0650152 
-0.00189844 0.01103221 1.0725e+00 -7.176e+01 0.1459655 0.000 0.0808421 0.0651238 
-0.00189844 0.01152990 1.0774e+00 -7.166e+01 0.1459591 0.000 0.0805498 0.0654093 
-0.00189844 0.01202759 1.0816e+00 -7.167e+01 0.1459693 0.000 0.0805467 0.0654228 
-0.00189844 0.01252529 1.0863e+00 -7.161e+01 0.1459382 0.000 0.0807019 0.0652362 
-0.00189844 0.01302298 1.0904e+00 -7.163e+01 0.1459605 0.000 0.0806979 0.0652627 
-0.00189844 0.01352067 1.0945e+00 -7.166e+01 0.1459759 0.000 0.0808270 0.0651489 
-0.00301825 0.00953912 1.0211e+00 -7.132e+01 0.1458829 0.000 0.0805014 0.0653816 
-0.00301825 0.01003682 1.0236e+00 -7.137e+01 0.1459249 0.000 0.0805105 0.0654146 
-0.00301825 0.01053451 1.0264e+00 -7.138e+01 0.1459296 0.000 0.0805411 0.0653884 
-0.00301825 0.01103221 1.0293e+00 -7.142e+01 0.1459672 0.000 0.0805268 0.0654403 
-0.00301825 0.01152990 1.0323e+00 -7.146e+01 0.1459851 0.000 0.0805750 0.0654100 
-0.00301825 0.01202759 1.0351e+00 -7.156e+01 0.1459675 0.000 0.0809022 0.0650653 
-0.00301825 0.01252529 1.0393e+00 -7.146e+01 0.1459991 0.000 0.0805743 0.0654248 
-0.00301825 0.01302298 1.0431e+00 -7.143e+01 0.1459588 0.000 0.0805249 0.0654342 
-0.00301825 0.01352067 1.0459e+00 -7.158e+01 0.1459683 0.000 0.0806717 0.0652965 
-0.00301825 0.01401837 1.0495e+00 -7.159e+01 0.1459667 0.000 0.0807928 0.0651738 
-0.00314267 0.00207372 1.0111e+00 -7.126e+01 0.1458865 0.000 0.0804558 0.0654307 
-0.00314267 0.00257142 1.0100e+00 -7.121e+01 0.1458815 0.000 0.0803514 0.0655301 
-0.00314267 0.00306911 1.0087e+00 -7.123e+01 0.1458890 0.000 0.0804143 0.0654749 
-0.00314267 0.00356680 1.0079e+00 -7.122e+01 0.1458795 0.000 0.0804602 0.0654194 
-0.00314267 0.00406450 1.0073e+00 -7.122e+01 0.1458860 0.000 0.0804507 0.0654352 
-0.00314267 0.00456219 1.0069e+00 -7.121e+01 0.1458768 0.000 0.0804510 0.0654258 
-0.00314267 0.00505988 1.0067e+00 -7.123e+01 0.1458867 0.000 0.0804487 0.0654381 
-0.00314267 0.00555758 1.0069e+00 -7.124e+01 0.1458855 0.000 0.0804617 0.0654238 
-0.00314267 0.00605527 1.0072e+00 -7.126e+01 0.1458976 0.000 0.0804703 0.0654272 
-0.00314267 0.00655296 1.0079e+00 -7.127e+01 0.1458983 0.000 0.0804816 0.0654166 
-0.00314267 0.00705066 1.0088e+00 -7.129e+01 0.1458900 0.000 0.0805278 0.0653624 
-0.00314267 0.00754835 1.0101e+00 -7.130e+01 0.1458887 0.000 0.0804991 0.0653896 
-0.00314267 0.00804604 1.0114e+00 -7.134e+01 0.1458958 0.000 0.0805678 0.0653279 
-0.00314267 0.00854374 1.0134e+00 -7.131e+01 0.1458898 0.000 0.0804717 0.0654182 
-0.00314267 0.00904143 1.0147e+00 -7.144e+01 0.1459497 0.000 0.0806227 0.0653270 
-0.00314267 0.00953912 1.0181e+00 -7.128e+01 0.1458789 0.000 0.0805110 0.0653677 
-0.00314267 0.01003682 1.0206e+00 -7.129e+01 0.1458824 0.000 0.0804938 0.0653883 
-0.00314267 0.01053451 1.0231e+00 -7.133e+01 0.1458952 0.000 0.0805315 0.0653634 
-0.00314267 0.01103221 1.0260e+00 -7.134e+01 0.1459188 0.000 0.0805205 0.0653984 
-0.00314267 0.01152990 1.0287e+00 -7.141e+01 0.1459651 0.000 0.0805573 0.0654079 
-0.00314267 0.01202759 1.0318e+00 -7.143e+01 0.1459719 0.000 0.0805503 0.0654215 
-0.00314267 0.01252529 1.0348e+00 -7.150e+01 0.1459771 0.000 0.0806621 0.0653150 
-0.00314267 0.01302298 1.0387e+00 -7.143e+01 0.1459780 0.000 0.0805837 0.0653941 
-0.00314267 0.01352067 1.0424e+00 -7.142e+01 0.1459571 0.000 0.0805441 0.0654130 
-0.00314267 0.01401837 1.0452e+00 -7.156e+01 0.1459696 0.000 0.0807886 0.0651810 
-0.00326710 0.00207372 1.0112e+00 -7.126e+01 0.1458751 0.000 0.0804567 0.0654182 
-0.00326710 0.00257142 1.0098e+00 -7.124e+01 0.1458960 0.000 0.0803947 0.0655015 
-0.00326710 0.00306911 1.0085e+00 -7.123e+01 0.1458923 0.000 0.0803972 0.0654949 
-0.00326710 0.00356680 1.0074e+00 -7.122e+01 0.1458955 0.000 0.0804355 0.0654598 
-0.00326710 0.00406450 1.0067e+00 -7.120e+01 0.1458770 0.000 0.0804295 0.0654473 
-0.00326710 0.00456219 1.0060e+00 -7.122e+01 0.1458987 0.000 0.0804442 0.0654545 
-0.00326710 0.00505988 1.0052e+00 -7.129e+01 0.1459007 0.000 0.0804982 0.0654023 
-0.00326710 0.00555758 1.0050e+00 -7.130e+01 0.1458910 0.000 0.0805240 0.0653669 
-0.00326710 0.00605527 1.0053e+00 -7.131e+01 0.1458897 0.000 0.0805265 0.0653631 
-0.00326710 0.00655296 1.0063e+00 -7.124e+01 0.1458894 0.000 0.0804902 0.0653994 
-0.00326710 0.00705066 1.0071e+00 -7.124e+01 0.1458759 0.000 0.0804697 0.0654062 
-0.00326710 0.00754835 1.0079e+00 -7.128e+01 0.1458849 0.000 0.0805434 0.0653415 
-0.00326710 0.00804604 1.0093e+00 -7.127e+01 0.1458816 0.000 0.0805006 0.0653810 
-0.00326710 0.00854374 1.0109e+00 -7.128e+01 0.1458699 0.000 0.0805190 0.0653512 
-0.00326710 0.00904143 1.0127e+00 -7.131e+01 0.1458839 0.000 0.0805474 0.0653367 
-0.00326710 0.00953912 1.0146e+00 -7.134e+01 0.1458973 0.000 0.0805741 0.0653231 
-0.00326710 0.01003682 1.0174e+00 -7.128e+01 0.1458950 0.000 0.0805254 0.0653698 
-0.00326710 0.01053451 1.0202e+00 -7.125e+01 0.1458742 0.000 0.0804697 0.0654045 
-0.00326710 0.01103221 1.0226e+00 -7.131e+01 0.1458998 0.000 0.0805581 0.0653417 
-0.00326710 0.01152990 1.0253e+00 -7.136e+01 0.1459523 0.000 0.0805317 0.0654206 
-0.00326710 0.01202759 1.0281e+00 -7.141e+01 0.1459909 0.000 0.0805784 0.0654127 
-0.00326710 0.01252529 1.0314e+00 -7.141e+01 0.1459724 0.000 0.0805653 0.0654072 
-0.00326710 0.01302298 1.0347e+00 -7.142e+01 0.1459624 0.000 0.0805702 0.0653922 
-0.00326710 0.01352067 1.0383e+00 -7.141e+01 0.1459799 0.000 0.0805812 0.0653987 
-0.00326710 0.01401837 1.0418e+00 -7.142e+01 0.1459746 0.000 0.0805586 0.0654161 
-0.00339152 0.00207372 1.0115e+00 -7.128e+01 0.1458894 0.000 0.0804579 0.0654312 
-0.00339152 0.00257142 1.0099e+00 -7.125e+01 0.1458825 0.000 0.0804728 0.0654097 
-0.00339152 0.00306911 1.0086e+00 -7.123e+01 0.1458847 0.000 0.0804282 0.0654563 
-0.00339152 0.00356680 1.0069e+00 -7.126e+01 0.1458743 0.000 0.0805957 0.0652786 
-0.00339152 0.00406450 1.0061e+00 -7.123e+01 0.1458981 0.000 0.0804820 0.0654162 
-0.00339152 0.00456219 1.0049e+00 -7.130e+01 0.1459172 0.000 0.0804751 0.0654421 
-0.00339152 0.00505988 1.0045e+00 -7.128e+01 0.1458883 0.000 0.0804911 0.0653969 
-0.00339152 0.00555758 1.0042e+00 -7.128e+01 0.1458960 0.000 0.0804801 0.0654161 
-0.00339152 0.00605527 1.0040e+00 -7.131e+01 0.1459062 0.000 0.0805506 0.0653555 
-0.00339152 0.00655296 1.0044e+00 -7.129e+01 0.1458858 0.000 0.0805255 0.0653604 
-0.00339152 0.00705066 1.0049e+00 -7.131e+01 0.1458929 0.000 0.0805230 0.0653701 
-0.00339152 0.00754835 1.0062e+00 -7.124e+01 0.1458814 0.000 0.0805198 0.0653615 
-0.00339152 0.00804604 1.0073e+00 -7.126e+01 0.1458759 0.000 0.0805506 0.0653253 
-0.00339152 0.00854374 1.0087e+00 -7.126e+01 0.1458749 0.000 0.0805076 0.0653671 
-0.00339152 0.00904143 1.0102e+00 -7.130e+01 0.1458968 0.000 0.0805724 0.0653243 
-0.00339152 0.00953912 1.0122e+00 -7.129e+01 0.1458853 0.000 0.0805557 0.0653296 
-0.00339152 0.01003682 1.0142e+00 -7.131e+01 0.1459176 0.000 0.0804965 0.0654212 
-0.00339152 0.01053451 1.0170e+00 -7.125e+01 0.1458857 0.000 0.0805366 0.0653490 
-0.00339152 0.01103221 1.0196e+00 -7.126e+01 0.1459063 0.000 0.0804786 0.0654278 
-0.00339152 0.01152990 1.0222e+00 -7.129e+01 0.1459034 0.000 0.0805641 0.0653392 
-0.00189844 0.01401837 1.0988e+00 -7.164e+01 0.1459716 0.000 0.0806739 0.0652976 
-0.00202286 0.00207372 1.0226e+00 -7.132e+01 0.1458891 0.000 0.0805351 0.0653539 
-0.00202286 0.00257142 1.0230e+00 -7.134e+01 0.1459052 0.000 0.0805283 0.0653769 
-0.00202286 0.00306911 1.0236e+00 -7.137e+01 0.1458904 0.000 0.0806148 0.0652756 
-0.00202286 0.00356680 1.0246e+00 -7.137e+01 0.1459165 0.000 0.0804807 0.0654356 
-0.00202286 0.00406450 1.0258e+00 -7.140e+01 0.1458870 0.000 0.0805613 0.0653257 
-0.00202286 0.00456219 1.0270e+00 -7.148e+01 0.1459505 0.000 0.0806013 0.0653492 
-0.00202286 0.00505988 1.0287e+00 -7.152e+01 0.1459717 0.000 0.0805359 0.0654358 
-0.00339152 0.01202759 1.0252e+00 -7.129e+01 0.1459100 0.000 0.0805146 0.0653952 
-0.00339152 0.01252529 1.0278e+00 -7.137e+01 0.1459744 0.000 0.0805653 0.0654094 
-0.00339152 0.01302298 1.0310e+00 -7.139e+01 0.1459686 0.000 0.0805728 0.0653959 
-0.00339152 0.01352067 1.0343e+00 -7.140e+01 0.1459618 0.000 0.0805783 0.0653834 
-0.00339152 0.01401837 1.0379e+00 -7.139e+01 0.1459789 0.000 0.0805879 0.0653909 
-0.00351594 0.00207372 1.0120e+00 -7.132e+01 0.1459317 0.000 0.0804907 0.0654410 
-0.00351594 0.00257142 1.0104e+00 -7.125e+01 0.1458823 0.000 0.0804643 0.0654178 
-0.00351594 0.00306911 1.0089e+00 -7.122e+01 0.1458914 0.000 0.0803914 0.0655001 
-0.00351594 0.00356680 1.0075e+00 -7.121e+01 0.1458819 0.000 0.0804075 0.0654746 
-0.00351594 0.00406450 1.0062e+00 -7.120e+01 0.1458870 0.000 0.0804261 0.0654612 
-0.00351594 0.00456219 1.0047e+00 -7.128e+01 0.1459078 0.000 0.0804528 0.0654550 
-0.00351594 0.00505988 1.0039e+00 -7.128e+01 0.1458988 0.000 0.0804986 0.0654000 
-0.00351594 0.00555758 1.0037e+00 -7.124e+01 0.1458728 0.000 0.0804599 0.0654127 
-0.00351594 0.00605527 1.0033e+00 -7.127e+01 0.1458983 0.000 0.0804646 0.0654336 
-0.00351594 0.00655296 1.0036e+00 -7.125e+01 0.1458758 0.000 0.0804524 0.0654235 
-0.00351594 0.00705066 1.0037e+00 -7.128e+01 0.1458814 0.000 0.0805139 0.0653675 
-0.00351594 0.00754835 1.0044e+00 -7.127e+01 0.1458644 0.000 0.0805131 0.0653511 
-0.00351594 0.00804604 1.0051e+00 -7.131e+01 0.1458844 0.000 0.0805453 0.0653391 
-0.00351594 0.00854374 1.0069e+00 -7.122e+01 0.1458784 0.000 0.0804788 0.0653997 
-0.00351594 0.00904143 1.0083e+00 -7.123e+01 0.1458877 0.000 0.0804606 0.0654271 
-0.00351594 0.00953912 1.0099e+00 -7.125e+01 0.1458765 0.000 0.0805297 0.0653469 
-0.00351594 0.01003682 1.0120e+00 -7.124e+01 0.1458603 0.000 0.0805203 0.0653401 
-0.00351594 0.01053451 1.0140e+00 -7.127e+01 0.1459053 0.000 0.0804908 0.0654145 
-0.00351594 0.01103221 1.0167e+00 -7.123e+01 0.1458900 0.000 0.0805337 0.0653564 
-0.00351594 0.01152990 1.0193e+00 -7.124e+01 0.1458826 0.000 0.0805466 0.0653359 
-0.00351594 0.01202759 1.0221e+00 -7.124e+01 0.1458986 0.000 0.0804923 0.0654064 
-0.00351594 0.01252529 1.0249e+00 -7.128e+01 0.1459140 0.000 0.0805184 0.0653956 
-0.00351594 0.01302298 1.0275e+00 -7.136e+01 0.1459786 0.000 0.0805578 0.0654207 
-0.00351594 0.01352067 1.0307e+00 -7.137e+01 0.1459693 0.000 0.0805676 0.0654017 
-0.00351594 0.01401837 1.0340e+00 -7.138e+01 0.1459671 0.000 0.0805585 0.0654085 
-0.00364037 0.00207372 1.0131e+00 -7.129e+01 0.1458866 0.000 0.0805554 0.0653313 
-0.00364037 0.00257142 1.0111e+00 -7.128e+01 0.1459175 0.000 0.0804292 0.0654884 
-0.00364037 0.00306911 1.0093e+00 -7.126e+01 0.1458984 0.000 0.0804783 0.0654200 
-0.00364037 0.00356680 1.0079e+00 -7.121e+01 0.1458819 0.000 0.0804207 0.0654612 
-0.00364037 0.00406450 1.0059e+00 -7.128e+01 0.1458905 0.000 0.0806506 0.0652398 
-0.00364037 0.00456219 1.0048e+00 -7.127e+01 0.1458884 0.000 0.0804790 0.0654093 
-0.00364037 0.00505988 1.0039e+00 -7.125e+01 0.1458970 0.000 0.0804391 0.0654579 
-0.00364037 0.00555758 1.0033e+00 -7.124e+01 0.1458896 0.000 0.0804409 0.0654488 
-0.00364037 0.00605527 1.0028e+00 -7.125e+01 0.1458956 0.000 0.0804653 0.0654304 
-0.00364037 0.00655296 1.0028e+00 -7.123e+01 0.1458751 0.000 0.0804657 0.0654095 
-0.00364037 0.00705066 1.0027e+00 -7.125e+01 0.1458935 0.000 0.0804653 0.0654280 
-0.00364037 0.00754835 1.0031e+00 -7.127e+01 0.1458951 0.000 0.0804986 0.0653967 
-0.00364037 0.00804604 1.0038e+00 -7.127e+01 0.1458855 0.000 0.0804805 0.0654050 
-0.00364037 0.00854374 1.0046e+00 -7.131e+01 0.1458986 0.000 0.0805451 0.0653535 
-0.00364037 0.00904143 1.0064e+00 -7.123e+01 0.1458907 0.000 0.0805025 0.0653884 
-0.00364037 0.00953912 1.0078e+00 -7.124e+01 0.1458970 0.000 0.0805265 0.0653705 
-0.00364037 0.01003682 1.0098e+00 -7.122e+01 0.1458723 0.000 0.0804955 0.0653769 
-0.00364037 0.01053451 1.0116e+00 -7.125e+01 0.1458926 0.000 0.0805343 0.0653583 
-0.00364037 0.01103221 1.0137e+00 -7.126e+01 0.1459163 0.000 0.0804944 0.0654219 
-0.00364037 0.01152990 1.0161e+00 -7.129e+01 0.1459267 0.000 0.0805188 0.0654080 
-0.00364037 0.01202759 1.0193e+00 -7.120e+01 0.1458957 0.000 0.0804721 0.0654234 
-0.00364037 0.01252529 1.0222e+00 -7.120e+01 0.1458849 0.000 0.0804464 0.0654386 
-0.00364037 0.01302298 1.0248e+00 -7.126e+01 0.1459109 0.000 0.0805415 0.0653692 
-0.00364037 0.01352067 1.0274e+00 -7.134e+01 0.1459843 0.000 0.0805470 0.0654370 
-0.00364037 0.01401837 1.0306e+00 -7.135e+01 0.1459674 0.000 0.0805624 0.0654048 
-0.00376479 0.00207372 1.0145e+00 -7.128e+01 0.1459006 0.000 0.0806598 0.0652408 
-0.00376479 0.00257142 1.0123e+00 -7.126e+01 0.1458942 0.000 0.0804525 0.0654418 
-0.00376479 0.00306911 1.0102e+00 -7.126e+01 0.1458874 0.000 0.0805413 0.0653462 
-0.00376479 0.00356680 1.0084e+00 -7.124e+01 0.1458944 0.000 0.0804962 0.0653983 
-0.00376479 0.00406450 1.0070e+00 -7.119e+01 0.1458811 0.000 0.0804136 0.0654673 
-0.00376479 0.00456219 1.0056e+00 -7.119e+01 0.1458898 0.000 0.0804272 0.0654625 
-0.00376479 0.00505988 1.0043e+00 -7.122e+01 0.1458703 0.000 0.0804249 0.0654453 
-0.00376479 0.00555758 1.0032e+00 -7.123e+01 0.1458837 0.000 0.0804435 0.0654403 
-0.00376479 0.00605527 1.0026e+00 -7.124e+01 0.1458956 0.000 0.0804557 0.0654400 
-0.00376479 0.00655296 1.0023e+00 -7.122e+01 0.1458795 0.000 0.0804506 0.0654291 
-0.00376479 0.00705066 1.0022e+00 -7.122e+01 0.1458776 0.000 0.0804546 0.0654231 
-0.00376479 0.00754835 1.0023e+00 -7.124e+01 0.1458829 0.000 0.0804940 0.0653889 
-0.00376479 0.00804604 1.0026e+00 -7.127e+01 0.1458873 0.000 0.0805300 0.0653573 
-0.00376479 0.00854374 1.0034e+00 -7.127e+01 0.1458918 0.000 0.0805070 0.0653848 
-0.00376479 0.00904143 1.0042e+00 -7.130e+01 0.1459206 0.000 0.0805126 0.0654080 
-0.00376479 0.00953912 1.0063e+00 -7.118e+01 0.1458620 0.000 0.0804809 0.0653813 
-0.00376479 0.01003682 1.0078e+00 -7.120e+01 0.1458775 0.000 0.0804970 0.0653805 
-0.00376479 0.01053451 1.0095e+00 -7.123e+01 0.1459001 0.000 0.0805280 0.0653718 
-0.00376479 0.01103221 1.0116e+00 -7.122e+01 0.1458805 0.000 0.0805277 0.0653526 
-0.00376479 0.01152990 1.0138e+00 -7.123e+01 0.1459036 0.000 0.0804791 0.0654246 
-0.00376479 0.01202759 1.0160e+00 -7.128e+01 0.1459370 0.000 0.0805068 0.0654303 
-0.00376479 0.01252529 1.0192e+00 -7.119e+01 0.1458992 0.000 0.0804809 0.0654185 
-0.00376479 0.01302298 1.0220e+00 -7.120e+01 0.1458761 0.000 0.0805418 0.0653342 
-0.00376479 0.01352067 1.0248e+00 -7.124e+01 0.1459171 0.000 0.0805276 0.0653895 
-0.00376479 0.01401837 1.0274e+00 -7.133e+01 0.1459815 0.000 0.0805488 0.0654325 
-0.00202286 0.00555758 1.0304e+00 -7.158e+01 0.1459884 0.000 0.0806296 0.0653586 
-0.00202286 0.00605527 1.0326e+00 -7.161e+01 0.1459710 0.000 0.0807019 0.0652690 
-0.00202286 0.00655296 1.0351e+00 -7.163e+01 0.1459727 0.000 0.0807048 0.0652679 
-0.00202286 0.00705066 1.0386e+00 -7.154e+01 0.1459779 0.000 0.0805612 0.0654168 
-0.00202286 0.00754835 1.0417e+00 -7.154e+01 0.1459747 0.000 0.0805423 0.0654324 
-0.00202286 0.00804604 1.0447e+00 -7.160e+01 0.1459714 0.000 0.0807695 0.0652019 
-0.00202286 0.00854374 1.0478e+00 -7.164e+01 0.1459620 0.000 0.0807720 0.0651901 
-0.00202286 0.00904143 1.0513e+00 -7.168e+01 0.1459802 0.000 0.0807704 0.0652098 
-0.00388921 0.00207372 1.0166e+00 -7.121e+01 0.1458828 0.000 0.0805124 0.0653702 
-0.00388921 0.00257142 1.0133e+00 -7.134e+01 0.1459641 0.000 0.0805102 0.0654541 
-0.00388921 0.00306911 1.0114e+00 -7.126e+01 0.1458886 0.000 0.0805041 0.0653844 
-0.00388921 0.00356680 1.0096e+00 -7.121e+01 0.1458900 0.000 0.0804216 0.0654683 
-0.00388921 0.00406450 1.0078e+00 -7.120e+01 0.1458896 0.000 0.0804220 0.0654674 
-0.00388921 0.00456219 1.0063e+00 -7.117e+01 0.1458835 0.000 0.0804048 0.0654788 
-0.00388921 0.00505988 1.0046e+00 -7.123e+01 0.1458806 0.000 0.0804382 0.0654425 
-0.00388921 0.00555758 1.0037e+00 -7.120e+01 0.1458624 0.000 0.0804186 0.0654439 
-0.00388921 0.00605527 1.0026e+00 -7.123e+01 0.1458898 0.000 0.0804662 0.0654237 
-0.00388921 0.00655296 1.0021e+00 -7.121e+01 0.1458827 0.000 0.0804506 0.0654322 
-0.00388921 0.00705066 1.0017e+00 -7.123e+01 0.1459010 0.000 0.0804675 0.0654334 
-0.00388921 0.00754835 1.0018e+00 -7.121e+01 0.1458769 0.000 0.0804561 0.0654208 
-0.00388921 0.00804604 1.0019e+00 -7.123e+01 0.1458863 0.000 0.0804706 0.0654158 
-0.00388921 0.00854374 1.0024e+00 -7.124e+01 0.1458903 0.000 0.0804673 0.0654228 
-0.00388921 0.00904143 1.0032e+00 -7.125e+01 0.1458865 0.000 0.0805212 0.0653653 
-0.00388921 0.00953912 1.0042e+00 -7.128e+01 0.1459138 0.000 0.0805074 0.0654064 
-0.00388921 0.01003682 1.0062e+00 -7.118e+01 0.1458989 0.000 0.0804594 0.0654393 
-0.00388921 0.01053451 1.0075e+00 -7.122e+01 0.1459041 0.000 0.0805697 0.0653344 
-0.00388921 0.01103221 1.0097e+00 -7.117e+01 0.1458756 0.000 0.0804847 0.0653908 
-0.00388921 0.01152990 1.0118e+00 -7.117e+01 0.1458793 0.000 0.0804615 0.0654180 
-0.00388921 0.01202759 1.0139e+00 -7.122e+01 0.1459088 0.000 0.0805075 0.0654011 
-0.00388921 0.01252529 1.0167e+00 -7.116e+01 0.1458740 0.000 0.0805510 0.0653227 
-0.00388921 0.01302298 1.0194e+00 -7.117e+01 0.1459021 0.000 0.0804995 0.0654024 
-0.00388921 0.01352067 1.0222e+00 -7.117e+01 0.1458910 0.000 0.0804781 0.0654127 
-0.00388921 0.01401837 1.0249e+00 -7.123e+01 0.1459216 0.000 0.0805166 0.0654051 
-0.00401364 0.00207372 1.0185e+00 -7.119e+01 0.1458912 0.000 0.0804561 0.0654351 
-0.00401364 0.00257142 1.0160e+00 -7.117e+01 0.1458992 0.000 0.0804167 0.0654824 
-0.00401364 0.00306911 1.0128e+00 -7.128e+01 0.1459190 0.000 0.0804870 0.0654319 
-0.00401364 0.00356680 1.0108e+00 -7.123e+01 0.1458838 0.000 0.0804833 0.0654004 
-0.00401364 0.00406450 1.0090e+00 -7.120e+01 0.1458959 0.000 0.0804139 0.0654817 
-0.00401364 0.00456219 1.0068e+00 -7.125e+01 0.1458837 0.000 0.0806248 0.0652589 
-0.00401364 0.00505988 1.0056e+00 -7.118e+01 0.1458888 0.000 0.0804791 0.0654096 
-0.00401364 0.00555758 1.0041e+00 -7.123e+01 0.1458987 0.000 0.0804351 0.0654636 
-0.00401364 0.00605527 1.0030e+00 -7.122e+01 0.1458905 0.000 0.0804582 0.0654324 
-0.00401364 0.00655296 1.0022e+00 -7.120e+01 0.1458849 0.000 0.0804497 0.0654350 
-0.00401364 0.00705066 1.0017e+00 -7.120e+01 0.1458887 0.000 0.0804472 0.0654416 
-0.00401364 0.00754835 1.0015e+00 -7.120e+01 0.1458838 0.000 0.0804585 0.0654254 
-0.00401364 0.00804604 1.0014e+00 -7.122e+01 0.1458973 0.000 0.0804673 0.0654302 
-0.00401364 0.00854374 1.0018e+00 -7.121e+01 0.1458930 0.000 0.0804725 0.0654205 
-0.00401364 0.00904143 1.0024e+00 -7.122e+01 0.1458843 0.000 0.0804848 0.0653993 
-0.00401364 0.00953912 1.0032e+00 -7.122e+01 0.1458867 0.000 0.0804850 0.0654015 
-0.00401364 0.01003682 1.0041e+00 -7.126e+01 0.1459032 0.000 0.0805565 0.0653465 
-0.00401364 0.01053451 1.0063e+00 -7.115e+01 0.1458769 0.000 0.0804879 0.0653890 
-0.00401364 0.01103221 1.0079e+00 -7.116e+01 0.1458826 0.000 0.0805172 0.0653653 
-0.00401364 0.01152990 1.0099e+00 -7.116e+01 0.1458664 0.000 0.0805257 0.0653407 
-0.00401364 0.01202759 1.0120e+00 -7.116e+01 0.1458855 0.000 0.0804847 0.0654007 
-0.00401364 0.01252529 1.0140e+00 -7.121e+01 0.1459207 0.000 0.0805075 0.0654132 
-0.00401364 0.01302298 1.0169e+00 -7.116e+01 0.1459026 0.000 0.0805327 0.0653699 
-0.00401364 0.01352067 1.0197e+00 -7.114e+01 0.1458929 0.000 0.0804927 0.0654002 
-0.00401364 0.01401837 1.0224e+00 -7.116e+01 0.1458928 0.000 0.0804881 0.0654050 
-0.00413806 0.00207372 1.0208e+00 -7.118e+01 0.1458798 0.000 0.0804210 0.0654586 
-0.00413806 0.00257142 1.0178e+00 -7.120e+01 0.1458943 0.000 0.0804654 0.0654289 
-0.00413806 0.00306911 1.0147e+00 -7.126e+01 0.1458855 0.000 0.0806829 0.0652026 
-0.00413806 0.00356680 1.0124e+00 -7.123e+01 0.1458718 0.000 0.0804941 0.0653778 
-0.00413806 0.00406450 1.0102e+00 -7.123e+01 0.1458818 0.000 0.0805005 0.0653812 
-0.00413806 0.00456219 1.0084e+00 -7.119e+01 0.1458948 0.000 0.0804276 0.0654674 
-0.00413806 0.00505988 1.0068e+00 -7.117e+01 0.1458810 0.000 0.0804495 0.0654314 
-0.00413806 0.00555758 1.0054e+00 -7.114e+01 0.1458787 0.000 0.0804181 0.0654606 
-0.00413806 0.00605527 1.0034e+00 -7.125e+01 0.1458935 0.000 0.0805607 0.0653328 
-0.00413806 0.00655296 1.0025e+00 -7.121e+01 0.1459054 0.000 0.0804509 0.0654547 
-0.00413806 0.00705066 1.0019e+00 -7.120e+01 0.1458922 0.000 0.0804548 0.0654377 
-0.00413806 0.00754835 1.0015e+00 -7.119e+01 0.1458942 0.000 0.0804543 0.0654400 
-0.00413806 0.00804604 1.0014e+00 -7.118e+01 0.1458927 0.000 0.0804095 0.0654832 
-0.00413806 0.00854374 1.0015e+00 -7.118e+01 0.1458773 0.000 0.0804543 0.0654230 
-0.00413806 0.00904143 1.0020e+00 -7.117e+01 0.1458783 0.000 0.0804323 0.0654461 
-0.00413806 0.00953912 1.0025e+00 -7.119e+01 0.1458941 0.000 0.0804353 0.0654587 
-0.00413806 0.01003682 1.0034e+00 -7.121e+01 0.1458884 0.000 0.0805005 0.0653879 
-0.00413806 0.01053451 1.0044e+00 -7.123e+01 0.1459103 0.000 0.0805126 0.0653977 
-0.00413806 0.01103221 1.0067e+00 -7.111e+01 0.1458751 0.000 0.0804498 0.0654251 
-0.00413806 0.01152990 1.0084e+00 -7.112e+01 0.1458807 0.000 0.0804653 0.0654155 
-0.00413806 0.01202759 1.0102e+00 -7.114e+01 0.1458824 0.000 0.0805176 0.0653649 
-0.00413806 0.01252529 1.0124e+00 -7.113e+01 0.1458798 0.000 0.0804691 0.0654107 
-0.00413806 0.01302298 1.0145e+00 -7.118e+01 0.1459088 0.000 0.0805142 0.0653945 
-0.00413806 0.01352067 1.0175e+00 -7.111e+01 0.1458938 0.000 0.0804892 0.0654048 
-0.00413806 0.01401837 1.0199e+00 -7.115e+01 0.1458929 0.000 0.0805727 0.0653201 
-0.00426248 0.00207372 1.0230e+00 -7.120e+01 0.1458785 0.000 0.0804995 0.0653791 
-0.00426248 0.00257142 1.0202e+00 -7.117e+01 0.1458849 0.000 0.0803847 0.0655004 
-0.00426248 0.00306911 1.0176e+00 -7.114e+01 0.1458849 0.000 0.0803764 0.0655084 
-0.00426248 0.00356680 1.0143e+00 -7.125e+01 0.1458956 0.000 0.0806319 0.0652639 
-0.00426248 0.00406450 1.0119e+00 -7.124e+01 0.1459026 0.000 0.0804573 0.0654453 
-0.00202286 0.00953912 1.0555e+00 -7.161e+01 0.1459644 0.000 0.0807473 0.0652169 
-0.00202286 0.01003682 1.0593e+00 -7.162e+01 0.1459598 0.000 0.0808319 0.0651279 
-0.00202286 0.01053451 1.0629e+00 -7.170e+01 0.1459625 0.000 0.0809201 0.0650423 
-0.00202286 0.01103221 1.0668e+00 -7.173e+01 0.1459729 0.000 0.0808448 0.0651281 
-0.00202286 0.01152990 1.0709e+00 -7.173e+01 0.1459520 0.000 0.0808871 0.0650648 
-0.00202286 0.01202759 1.0756e+00 -7.167e+01 0.1459714 0.000 0.0805611 0.0654102 
-0.00202286 0.01252529 1.0799e+00 -7.164e+01 0.1459563 0.000 0.0807834 0.0651729 
-0.00202286 0.01302298 1.0844e+00 -7.161e+01 0.1459539 0.000 0.0807279 0.0652261 
-0.00426248 0.00456219 1.0100e+00 -7.120e+01 0.1459017 0.000 0.0804106 0.0654910 
-0.00426248 0.00505988 1.0082e+00 -7.116e+01 0.1458754 0.000 0.0804136 0.0654618 
-0.00426248 0.00555758 1.0064e+00 -7.115e+01 0.1458883 0.000 0.0804128 0.0654754 
-0.00426248 0.00605527 1.0046e+00 -7.121e+01 0.1458873 0.000 0.0804375 0.0654498 
-0.00426248 0.00655296 1.0034e+00 -7.119e+01 0.1458866 0.000 0.0804302 0.0654563 
-0.00426248 0.00705066 1.0025e+00 -7.119e+01 0.1458966 0.000 0.0804507 0.0654460 
-0.00426248 0.00754835 1.0019e+00 -7.117e+01 0.1458810 0.000 0.0804477 0.0654331 
-0.00426248 0.00804604 1.0015e+00 -7.117e+01 0.1458797 0.000 0.0804463 0.0654332 
-0.00426248 0.00854374 1.0015e+00 -7.115e+01 0.1458720 0.000 0.0804228 0.0654490 
-0.00426248 0.00904143 1.0016e+00 -7.117e+01 0.1458789 0.000 0.0804668 0.0654120 
-0.00426248 0.00953912 1.0019e+00 -7.118e+01 0.1458800 0.000 0.0804950 0.0653850 
-0.00426248 0.01003682 1.0026e+00 -7.119e+01 0.1458913 0.000 0.0804906 0.0654005 
-0.00426248 0.01053451 1.0037e+00 -7.117e+01 0.1458749 0.000 0.0804882 0.0653866 
-0.00426248 0.01103221 1.0047e+00 -7.123e+01 0.1459368 0.000 0.0805185 0.0654181 
-0.00426248 0.01152990 1.0069e+00 -7.112e+01 0.1458948 0.000 0.0805115 0.0653834 
-0.00426248 0.01202759 1.0086e+00 -7.113e+01 0.1458933 0.000 0.0805341 0.0653592 
-0.00426248 0.01252529 1.0105e+00 -7.114e+01 0.1458930 0.000 0.0805612 0.0653317 
-0.00426248 0.01302298 1.0130e+00 -7.110e+01 0.1458744 0.000 0.0804562 0.0654180 
-0.00426248 0.01352067 1.0149e+00 -7.116e+01 0.1459235 0.000 0.0805009 0.0654225 
-0.00426248 0.01401837 1.0181e+00 -7.107e+01 0.1458837 0.000 0.0804804 0.0654033 
-0.00438691 0.00207372 1.0254e+00 -7.125e+01 0.1459094 0.000 0.0805342 0.0653754 
-0.00438691 0.00257142 1.0225e+00 -7.121e+01 0.1458804 0.000 0.0805012 0.0653791 
-0.00438691 0.00306911 1.0197e+00 -7.118e+01 0.1458837 0.000 0.0804296 0.0654541 
-0.00438691 0.00356680 1.0164e+00 -7.126e+01 0.1458992 0.000 0.0806680 0.0652313 
-0.00438691 0.00406450 1.0135e+00 -7.132e+01 0.1459673 0.000 0.0805030 0.0654646 
-0.00438691 0.00456219 1.0118e+00 -7.119e+01 0.1458825 0.000 0.0804168 0.0654655 
-0.00438691 0.00505988 1.0094e+00 -7.122e+01 0.1459037 0.000 0.0805321 0.0653717 
-0.00438691 0.00555758 1.0079e+00 -7.115e+01 0.1458796 0.000 0.0804063 0.0654732 
-0.00438691 0.00605527 1.0063e+00 -7.113e+01 0.1458871 0.000 0.0804180 0.0654693 
-0.00438691 0.00655296 1.0045e+00 -7.119e+01 0.1458830 0.000 0.0804407 0.0654424 
-0.00438691 0.00705066 1.0034e+00 -7.117e+01 0.1458800 0.000 0.0804239 0.0654561 
-0.00438691 0.00754835 1.0026e+00 -7.115e+01 0.1458686 0.000 0.0804301 0.0654385 
-0.00438691 0.00804604 1.0019e+00 -7.117e+01 0.1458907 0.000 0.0804456 0.0654450 
-0.00438691 0.00854374 1.0017e+00 -7.115e+01 0.1458875 0.000 0.0804168 0.0654707 
-0.00438691 0.00904143 1.0015e+00 -7.117e+01 0.1458970 0.000 0.0804582 0.0654385 
-0.00438691 0.00953912 1.0018e+00 -7.116e+01 0.1458771 0.000 0.0804694 0.0654074 
-0.00438691 0.01003682 1.0024e+00 -7.114e+01 0.1458849 0.000 0.0804471 0.0654380 
-0.00438691 0.01053451 1.0030e+00 -7.117e+01 0.1458933 0.000 0.0804952 0.0653980 
-0.00438691 0.01103221 1.0040e+00 -7.117e+01 0.1458955 0.000 0.0805149 0.0653806 
-0.00438691 0.01152990 1.0062e+00 -7.105e+01 0.1458668 0.000 0.0804446 0.0654221 
-0.00438691 0.01202759 1.0076e+00 -7.106e+01 0.1458735 0.000 0.0804602 0.0654134 
-0.00438691 0.01252529 1.0093e+00 -7.109e+01 0.1458744 0.000 0.0805378 0.0653367 
-0.00438691 0.01302298 1.0113e+00 -7.109e+01 0.1458966 0.000 0.0804913 0.0654053 
-0.00438691 0.01352067 1.0134e+00 -7.111e+01 0.1459044 0.000 0.0805139 0.0653904 
-0.00438691 0.01401837 1.0155e+00 -7.115e+01 0.1459377 0.000 0.0805053 0.0654323 
-0.00451133 0.00207372 1.0279e+00 -7.131e+01 0.1459650 0.000 0.0805413 0.0654239 
-0.00451133 0.00257142 1.0251e+00 -7.125e+01 0.1459085 0.000 0.0805230 0.0653856 
-0.00451133 0.00306911 1.0222e+00 -7.120e+01 0.1458944 0.000 0.0804347 0.0654597 
-0.00451133 0.00356680 1.0196e+00 -7.116e+01 0.1458846 0.000 0.0803875 0.0654970 
-0.00451133 0.00406450 1.0162e+00 -7.124e+01 0.1459035 0.000 0.0806448 0.0652585 
-0.00451133 0.00456219 1.0135e+00 -7.127e+01 0.1459262 0.000 0.0804882 0.0654382 
-0.00451133 0.00505988 1.0116e+00 -7.118e+01 0.1458835 0.000 0.0804244 0.0654589 
-0.00451133 0.00555758 1.0096e+00 -7.116e+01 0.1458855 0.000 0.0804269 0.0654585 
-0.00451133 0.00605527 1.0078e+00 -7.114e+01 0.1458953 0.000 0.0804198 0.0654754 
-0.00451133 0.00655296 1.0062e+00 -7.112e+01 0.1458726 0.000 0.0804733 0.0653992 
-0.00451133 0.00705066 1.0043e+00 -7.119e+01 0.1458994 0.000 0.0804476 0.0654518 
-0.00451133 0.00754835 1.0034e+00 -7.117e+01 0.1458904 0.000 0.0804429 0.0654476 
-0.00451133 0.00804604 1.0025e+00 -7.117e+01 0.1458982 0.000 0.0804549 0.0654433 
-0.00451133 0.00854374 1.0021e+00 -7.114e+01 0.1458772 0.000 0.0804479 0.0654293 
-0.00451133 0.00904143 1.0019e+00 -7.114e+01 0.1458687 0.000 0.0804541 0.0654147 
-0.00451133 0.00953912 1.0019e+00 -7.114e+01 0.1458772 0.000 0.0804643 0.0654127 
-0.00451133 0.01003682 1.0021e+00 -7.115e+01 0.1458874 0.000 0.0804784 0.0654092 
-0.00451133 0.01053451 1.0029e+00 -7.112e+01 0.1458721 0.000 0.0804695 0.0654024 
-0.00451133 0.01103221 1.0037e+00 -7.113e+01 0.1458854 0.000 0.0804828 0.0654026 
-0.00451133 0.01152990 1.0046e+00 -7.115e+01 0.1458988 0.000 0.0805455 0.0653533 
-0.00451133 0.01202759 1.0067e+00 -7.104e+01 0.1458853 0.000 0.0804650 0.0654205 
-0.00451133 0.01252529 1.0083e+00 -7.105e+01 0.1458933 0.000 0.0804697 0.0654235 
-0.00451133 0.01302298 1.0100e+00 -7.106e+01 0.1458966 0.000 0.0804771 0.0654196 
-0.00451133 0.01352067 1.0121e+00 -7.105e+01 0.1458686 0.000 0.0805178 0.0653507 
-0.00451133 0.01401837 1.0141e+00 -7.109e+01 0.1458958 0.000 0.0805499 0.0653460 
-0.00463575 0.00207372 1.0312e+00 -7.129e+01 0.1459572 0.000 0.0805067 0.0654507 
-0.00463575 0.00257142 1.0278e+00 -7.130e+01 0.1459464 0.000 0.0805227 0.0654238 
-0.00463575 0.00306911 1.0247e+00 -7.128e+01 0.1459347 0.000 0.0805344 0.0654004 
-0.00463575 0.00356680 1.0220e+00 -7.120e+01 0.1458962 0.000 0.0804503 0.0654461 
-0.00463575 0.00406450 1.0191e+00 -7.120e+01 0.1458882 0.000 0.0805255 0.0653624 
-0.00463575 0.00456219 1.0163e+00 -7.119e+01 0.1458891 0.000 0.0805594 0.0653296 
-0.00463575 0.00505988 1.0133e+00 -7.126e+01 0.1459295 0.000 0.0804869 0.0654427 
-0.00463575 0.00555758 1.0114e+00 -7.120e+01 0.1458976 0.000 0.0805014 0.0653963 
-0.00463575 0.00605527 1.0093e+00 -7.119e+01 0.1458959 0.000 0.0805192 0.0653766 
-0.00463575 0.00655296 1.0078e+00 -7.113e+01 0.1458961 0.000 0.0804287 0.0654674 
-0.00202286 0.01352067 1.0884e+00 -7.165e+01 0.1459690 0.000 0.0807813 0.0651876 
-0.00202286 0.01401837 1.0926e+00 -7.165e+01 0.1459891 0.000 0.0806891 0.0653000 
-0.00214728 0.00207372 1.0203e+00 -7.129e+01 0.1458829 0.000 0.0805188 0.0653641 
-0.00214728 0.00257142 1.0207e+00 -7.129e+01 0.1458878 0.000 0.0804802 0.0654077 
-0.00214728 0.00306911 1.0210e+00 -7.132e+01 0.1458825 0.000 0.0805496 0.0653330 
-0.00214728 0.00356680 1.0217e+00 -7.135e+01 0.1459009 0.000 0.0805426 0.0653582 
-0.00214728 0.00406450 1.0226e+00 -7.139e+01 0.1458913 0.000 0.0806079 0.0652833 
-0.00214728 0.00456219 1.0241e+00 -7.138e+01 0.1458791 0.000 0.0805584 0.0653208 
-0.00463575 0.00705066 1.0064e+00 -7.110e+01 0.1458836 0.000 0.0804271 0.0654566 
-0.00463575 0.00754835 1.0044e+00 -7.120e+01 0.1459189 0.000 0.0804565 0.0654623 
-0.00463575 0.00804604 1.0037e+00 -7.114e+01 0.1458636 0.000 0.0804517 0.0654117 
-0.00463575 0.00854374 1.0029e+00 -7.115e+01 0.1458822 0.000 0.0804843 0.0653979 
-0.00463575 0.00904143 1.0025e+00 -7.114e+01 0.1458837 0.000 0.0804580 0.0654257 
-0.00463575 0.00953912 1.0023e+00 -7.113e+01 0.1458746 0.000 0.0804644 0.0654102 
-0.00463575 0.01003682 1.0024e+00 -7.113e+01 0.1458830 0.000 0.0804700 0.0654131 
-0.00463575 0.01053451 1.0026e+00 -7.114e+01 0.1458939 0.000 0.0804828 0.0654113 
-0.00463575 0.01103221 1.0035e+00 -7.111e+01 0.1458779 0.000 0.0804896 0.0653885 
-0.00463575 0.01152990 1.0042e+00 -7.113e+01 0.1459110 0.000 0.0805051 0.0654059 
-0.00463575 0.01202759 1.0060e+00 -7.104e+01 0.1458980 0.000 0.0804809 0.0654171 
-0.00463575 0.01252529 1.0075e+00 -7.102e+01 0.1458894 0.000 0.0804666 0.0654231 
-0.00463575 0.01302298 1.0091e+00 -7.102e+01 0.1458932 0.000 0.0804740 0.0654190 
-0.00463575 0.01352067 1.0109e+00 -7.102e+01 0.1458654 0.000 0.0805281 0.0653373 
-0.00463575 0.01401837 1.0129e+00 -7.105e+01 0.1459014 0.000 0.0804935 0.0654079 
-0.00476018 0.00207372 1.0343e+00 -7.135e+01 0.1459707 0.000 0.0806423 0.0653284 
-0.00476018 0.00257142 1.0310e+00 -7.131e+01 0.1459747 0.000 0.0805164 0.0654584 
-0.00476018 0.00306911 1.0277e+00 -7.130e+01 0.1459474 0.000 0.0805314 0.0654161 
-0.00476018 0.00356680 1.0249e+00 -7.122e+01 0.1458897 0.000 0.0805151 0.0653746 
-0.00476018 0.00406450 1.0221e+00 -7.118e+01 0.1458836 0.000 0.0804333 0.0654504 
-0.00476018 0.00456219 1.0193e+00 -7.115e+01 0.1458937 0.000 0.0803943 0.0654993 
-0.00476018 0.00505988 1.0162e+00 -7.121e+01 0.1458995 0.000 0.0806017 0.0652980 
-0.00476018 0.00555758 1.0134e+00 -7.126e+01 0.1459333 0.000 0.0805058 0.0654276 
-0.00476018 0.00605527 1.0115e+00 -7.117e+01 0.1458893 0.000 0.0804436 0.0654457 
-0.00476018 0.00655296 1.0097e+00 -7.114e+01 0.1458858 0.000 0.0804456 0.0654402 
-0.00476018 0.00705066 1.0080e+00 -7.112e+01 0.1458870 0.000 0.0804633 0.0654236 
-0.00476018 0.00754835 1.0066e+00 -7.109e+01 0.1458801 0.000 0.0804367 0.0654437 
-0.00476018 0.00804604 1.0053e+00 -7.110e+01 0.1459011 0.000 0.0804430 0.0654579 
-0.00476018 0.00854374 1.0039e+00 -7.115e+01 0.1458973 0.000 0.0804651 0.0654323 
-0.00476018 0.00904143 1.0033e+00 -7.114e+01 0.1458949 0.000 0.0804620 0.0654329 
-0.00476018 0.00953912 1.0029e+00 -7.113e+01 0.1458904 0.000 0.0804724 0.0654179 
-0.00476018 0.01003682 1.0028e+00 -7.112e+01 0.1458811 0.000 0.0804722 0.0654086 
-0.00476018 0.01053451 1.0030e+00 -7.111e+01 0.1458707 0.000 0.0804776 0.0653932 
-0.00476018 0.01103221 1.0035e+00 -7.110e+01 0.1458784 0.000 0.0804933 0.0653849 
-0.00476018 0.01152990 1.0040e+00 -7.113e+01 0.1459120 0.000 0.0805060 0.0654062 
-0.00476018 0.01202759 1.0049e+00 -7.114e+01 0.1459327 0.000 0.0805393 0.0653935 
-0.00476018 0.01252529 1.0069e+00 -7.100e+01 0.1459004 0.000 0.0804574 0.0654430 
-0.00476018 0.01302298 1.0084e+00 -7.101e+01 0.1458851 0.000 0.0805242 0.0653610 
-0.00476018 0.01352067 1.0101e+00 -7.100e+01 0.1458911 0.000 0.0804827 0.0654086 
-0.00476018 0.01401837 1.0118e+00 -7.101e+01 0.1458856 0.000 0.0805231 0.0653627 
-0.00488460 0.00207372 1.0378e+00 -7.137e+01 0.1459663 0.000 0.0807005 0.0652657 
-0.00488460 0.00257142 1.0342e+00 -7.136e+01 0.1459749 0.000 0.0806834 0.0652914 
-0.00488460 0.00306911 1.0310e+00 -7.132e+01 0.1459726 0.000 0.0805400 0.0654326 
-0.00488460 0.00356680 1.0277e+00 -7.130e+01 0.1459505 0.000 0.0805407 0.0654099 
-0.00488460 0.00406450 1.0249e+00 -7.123e+01 0.1458970 0.000 0.0805192 0.0653779 
-0.00488460 0.00456219 1.0221e+00 -7.119e+01 0.1458841 0.000 0.0804718 0.0654123 
-0.00488460 0.00505988 1.0188e+00 -7.122e+01 0.1458856 0.000 0.0806777 0.0652080 
-0.00488460 0.00555758 1.0169e+00 -7.111e+01 0.1458789 0.000 0.0804041 0.0654749 
-0.00488460 0.00605527 1.0133e+00 -7.127e+01 0.1459611 0.000 0.0805181 0.0654432 
-0.00488460 0.00655296 1.0119e+00 -7.114e+01 0.1458706 0.000 0.0804528 0.0654177 
-0.00488460 0.00705066 1.0099e+00 -7.113e+01 0.1458876 0.000 0.0804487 0.0654391 
-0.00488460 0.00754835 1.0083e+00 -7.111e+01 0.1458919 0.000 0.0804463 0.0654458 
-0.00488460 0.00804604 1.0069e+00 -7.110e+01 0.1458873 0.000 0.0804988 0.0653885 
-0.00488460 0.00854374 1.0058e+00 -7.108e+01 0.1458900 0.000 0.0804568 0.0654332 
-0.00488460 0.00904143 1.0045e+00 -7.113e+01 0.1458858 0.000 0.0804670 0.0654189 
-0.00488460 0.00953912 1.0039e+00 -7.113e+01 0.1458876 0.000 0.0804664 0.0654211 
-0.00488460 0.01003682 1.0035e+00 -7.113e+01 0.1458978 0.000 0.0804756 0.0654222 
-0.00488460 0.01053451 1.0035e+00 -7.112e+01 0.1458867 0.000 0.0804962 0.0653904 
-0.00488460 0.01103221 1.0038e+00 -7.110e+01 0.1458702 0.000 0.0805355 0.0653345 
-0.00488460 0.01152990 1.0041e+00 -7.113e+01 0.1459368 0.000 0.0804734 0.0654634 
-0.00488460 0.01202759 1.0048e+00 -7.113e+01 0.1459417 0.000 0.0805176 0.0654241 
-0.00488460 0.01252529 1.0068e+00 -7.098e+01 0.1458862 0.000 0.0804533 0.0654326 
-0.00488460 0.01302298 1.0081e+00 -7.096e+01 0.1458789 0.000 0.0804610 0.0654180 
-0.00488460 0.01352067 1.0095e+00 -7.097e+01 0.1458673 0.000 0.0805084 0.0653588 
-0.00488460 0.01401837 1.0113e+00 -7.097e+01 0.1458896 0.000 0.0804726 0.0654171 
-0.00500902 0.00207372 1.0417e+00 -7.137e+01 0.1459669 0.000 0.0806512 0.0653158 
-0.00500902 0.00257142 1.0379e+00 -7.138e+01 0.1459677 0.000 0.0808035 0.0651642 
-0.00500902 0.00306911 1.0345e+00 -7.134e+01 0.1459538 0.000 0.0806640 0.0652898 
-0.00500902 0.00356680 1.0312e+00 -7.132e+01 0.1459786 0.000 0.0805400 0.0654387 
-0.00500902 0.00406450 1.0278e+00 -7.131e+01 0.1459534 0.000 0.0805643 0.0653893 
-0.00500902 0.00456219 1.0247e+00 -7.128e+01 0.1459713 0.000 0.0804929 0.0654784 
-0.00500902 0.00505988 1.0223e+00 -7.116e+01 0.1458721 0.000 0.0804425 0.0654296 
-0.00500902 0.00555758 1.0192e+00 -7.120e+01 0.1459108 0.000 0.0805794 0.0653315 
-0.00500902 0.00605527 1.0171e+00 -7.110e+01 0.1458867 0.000 0.0803926 0.0654943 
-0.00500902 0.00655296 1.0138e+00 -7.124e+01 0.1459468 0.000 0.0805062 0.0654407 
-0.00500902 0.00705066 1.0121e+00 -7.115e+01 0.1459001 0.000 0.0804567 0.0654432 
-0.00500902 0.00754835 1.0104e+00 -7.110e+01 0.1458685 0.000 0.0804455 0.0654232 
-0.00500902 0.00804604 1.0088e+00 -7.109e+01 0.1458897 0.000 0.0804445 0.0654453 
-0.00500902 0.00854374 1.0077e+00 -7.104e+01 0.1458716 0.000 0.0803947 0.0654768 
-0.00500902 0.00904143 1.0065e+00 -7.105e+01 0.1458816 0.000 0.0804530 0.0654287 
-0.00214728 0.00505988 1.0255e+00 -7.141e+01 0.1459233 0.000 0.0804884 0.0654349 
-0.00214728 0.00555758 1.0270e+00 -7.149e+01 0.1459387 0.000 0.0806001 0.0653387 
-0.00214728 0.00605527 1.0291e+00 -7.150e+01 0.1459375 0.000 0.0805999 0.0653378 
-0.00214728 0.00655296 1.0310e+00 -7.160e+01 0.1459712 0.000 0.0807018 0.0652695 
-0.00214728 0.00705066 1.0336e+00 -7.161e+01 0.1459650 0.000 0.0807087 0.0652564 
-0.00214728 0.00754835 1.0374e+00 -7.149e+01 0.1459541 0.000 0.0805110 0.0654429 
-0.00214728 0.00804604 1.0401e+00 -7.154e+01 0.1459872 0.000 0.0805737 0.0654133 
-0.00214728 0.00854374 1.0436e+00 -7.152e+01 0.1459672 0.000 0.0805399 0.0654273 
-0.00500902 0.00953912 1.0057e+00 -7.103e+01 0.1458851 0.000 0.0804160 0.0654691 
-0.00500902 0.01003682 1.0046e+00 -7.112e+01 0.1458941 0.000 0.0804704 0.0654239 
-0.00500902 0.01053451 1.0042e+00 -7.113e+01 0.1459104 0.000 0.0804865 0.0654239 
-0.00500902 0.01103221 1.0043e+00 -7.111e+01 0.1458933 0.000 0.0805079 0.0653855 
-0.00500902 0.01152990 1.0045e+00 -7.111e+01 0.1459062 0.000 0.0805108 0.0653952 
-0.00500902 0.01202759 1.0059e+00 -7.099e+01 0.1458849 0.000 0.0804498 0.0654352 
-0.00500902 0.01252529 1.0067e+00 -7.097e+01 0.1458905 0.000 0.0804481 0.0654424 
-0.00500902 0.01302298 1.0079e+00 -7.096e+01 0.1458864 0.000 0.0804694 0.0654170 
-0.00500902 0.01352067 1.0091e+00 -7.096e+01 0.1458768 0.000 0.0805174 0.0653595 
-0.00500902 0.01401837 1.0106e+00 -7.095e+01 0.1458851 0.000 0.0804871 0.0653978 
-0.00513345 0.00207372 1.0461e+00 -7.132e+01 0.1459573 0.000 0.0806059 0.0653515 
-0.00513345 0.00257142 1.0420e+00 -7.137e+01 0.1459555 0.000 0.0806452 0.0653104 
-0.00513345 0.00306911 1.0382e+00 -7.137e+01 0.1459622 0.000 0.0807572 0.0652049 
-0.00513345 0.00356680 1.0345e+00 -7.137e+01 0.1459601 0.000 0.0807421 0.0652181 
-0.00513345 0.00406450 1.0314e+00 -7.132e+01 0.1459804 0.000 0.0805508 0.0654297 
-0.00513345 0.00456219 1.0280e+00 -7.131e+01 0.1459631 0.000 0.0805623 0.0654010 
-0.00513345 0.00505988 1.0251e+00 -7.126e+01 0.1459634 0.000 0.0804312 0.0655321 
-0.00513345 0.00555758 1.0224e+00 -7.118e+01 0.1458975 0.000 0.0804690 0.0654286 
-0.00513345 0.00605527 1.0199e+00 -7.113e+01 0.1458954 0.000 0.0804198 0.0654757 
-0.00513345 0.00655296 1.0175e+00 -7.110e+01 0.1458853 0.000 0.0804129 0.0654723 
-0.00513345 0.00705066 1.0142e+00 -7.124e+01 0.1459527 0.000 0.0805099 0.0654429 
-0.00513345 0.00754835 1.0125e+00 -7.116e+01 0.1459204 0.000 0.0804783 0.0654422 
-0.00513345 0.00804604 1.0110e+00 -7.109e+01 0.1458845 0.000 0.0804351 0.0654496 
-0.00513345 0.00854374 1.0094e+00 -7.108e+01 0.1458854 0.000 0.0804507 0.0654347 
-0.00513345 0.00904143 1.0083e+00 -7.104e+01 0.1458829 0.000 0.0804144 0.0654687 
-0.00513345 0.00953912 1.0072e+00 -7.104e+01 0.1458910 0.000 0.0804252 0.0654658 
-0.00513345 0.01003682 1.0066e+00 -7.101e+01 0.1458755 0.000 0.0804130 0.0654625 
-0.00513345 0.01053451 1.0059e+00 -7.102e+01 0.1458938 0.000 0.0804334 0.0654604 
-0.00513345 0.01103221 1.0058e+00 -7.100e+01 0.1458895 0.000 0.0804223 0.0654669 
-0.00513345 0.01152990 1.0060e+00 -7.098e+01 0.1458782 0.000 0.0804339 0.0654444 
-0.00513345 0.01202759 1.0064e+00 -7.098e+01 0.1458825 0.000 0.0804499 0.0654325 
-0.00513345 0.01252529 1.0070e+00 -7.096e+01 0.1458896 0.000 0.0804496 0.0654400 
-0.00513345 0.01302298 1.0080e+00 -7.094e+01 0.1458743 0.000 0.0804546 0.0654195 
-0.00513345 0.01352067 1.0091e+00 -7.094e+01 0.1458869 0.000 0.0804785 0.0654081 
-0.00513345 0.01401837 1.0105e+00 -7.092e+01 0.1458775 0.000 0.0804919 0.0653855 
-0.00525787 0.00207372 1.0503e+00 -7.134e+01 0.1459722 0.000 0.0805685 0.0654038 
-0.00525787 0.00257142 1.0463e+00 -7.135e+01 0.1459737 0.000 0.0806406 0.0653329 
-0.00525787 0.00306911 1.0422e+00 -7.139e+01 0.1459731 0.000 0.0806592 0.0653137 
-0.00525787 0.00356680 1.0385e+00 -7.137e+01 0.1459614 0.000 0.0807809 0.0651803 
-0.00525787 0.00406450 1.0352e+00 -7.131e+01 0.1459401 0.000 0.0806660 0.0652742 
-0.00525787 0.00456219 1.0317e+00 -7.130e+01 0.1459723 0.000 0.0805467 0.0654258 
-0.00525787 0.00505988 1.0283e+00 -7.131e+01 0.1459714 0.000 0.0805682 0.0654032 
-0.00525787 0.00555758 1.0256e+00 -7.122e+01 0.1459123 0.000 0.0804861 0.0654261 
-0.00525787 0.00605527 1.0229e+00 -7.117e+01 0.1458954 0.000 0.0805057 0.0653897 
-0.00525787 0.00655296 1.0205e+00 -7.111e+01 0.1458858 0.000 0.0804015 0.0654841 
-0.00525787 0.00705066 1.0180e+00 -7.109e+01 0.1458853 0.000 0.0804407 0.0654446 
-0.00525787 0.00754835 1.0158e+00 -7.105e+01 0.1458742 0.000 0.0804199 0.0654543 
-0.00525787 0.00804604 1.0131e+00 -7.116e+01 0.1459244 0.000 0.0804716 0.0654526 
-0.00525787 0.00854374 1.0116e+00 -7.109e+01 0.1458959 0.000 0.0804655 0.0654303 
-0.00525787 0.00904143 1.0103e+00 -7.104e+01 0.1458855 0.000 0.0804021 0.0654835 
-0.00525787 0.00953912 1.0090e+00 -7.104e+01 0.1458945 0.000 0.0804193 0.0654753 
-0.00525787 0.01003682 1.0078e+00 -7.106e+01 0.1458923 0.000 0.0805348 0.0653576 
-0.00525787 0.01053451 1.0073e+00 -7.102e+01 0.1458803 0.000 0.0804666 0.0654137 
-0.00525787 0.01103221 1.0070e+00 -7.100e+01 0.1458790 0.000 0.0804390 0.0654399 
-0.00525787 0.01152990 1.0069e+00 -7.099e+01 0.1458919 0.000 0.0804445 0.0654473 
-0.00525787 0.01202759 1.0071e+00 -7.096e+01 0.1458821 0.000 0.0804310 0.0654511 
-0.00525787 0.01252529 1.0076e+00 -7.095e+01 0.1458920 0.000 0.0804505 0.0654414 
-0.00525787 0.01302298 1.0084e+00 -7.093e+01 0.1458770 0.000 0.0804643 0.0654127 
-0.00525787 0.01352067 1.0093e+00 -7.092e+01 0.1458757 0.000 0.0805005 0.0653752 
-0.00525787 0.01401837 1.0103e+00 -7.093e+01 0.1458957 0.000 0.0805008 0.0653948 
-0.00538229 0.00207372 1.0548e+00 -7.134e+01 0.1459566 0.000 0.0805966 0.0653602 
-0.00538229 0.00257142 1.0509e+00 -7.133e+01 0.1459585 0.000 0.0805583 0.0654003 
-0.00538229 0.00306911 1.0468e+00 -7.134e+01 0.1459676 0.000 0.0806102 0.0653575 
-0.00538229 0.00356680 1.0427e+00 -7.138e+01 0.1459592 0.000 0.0806669 0.0652923 
-0.00538229 0.00406450 1.0389e+00 -7.137e+01 0.1459607 0.000 0.0807135 0.0652474 
-0.00538229 0.00456219 1.0356e+00 -7.132e+01 0.1459498 0.000 0.0806724 0.0652772 
-0.00538229 0.00505988 1.0321e+00 -7.131e+01 0.1459797 0.000 0.0805560 0.0654236 
-0.00538229 0.00555758 1.0288e+00 -7.130e+01 0.1459603 0.000 0.0805659 0.0653945 
-0.00538229 0.00605527 1.0259e+00 -7.126e+01 0.1459693 0.000 0.0804856 0.0654837 
-0.00538229 0.00655296 1.0234e+00 -7.116e+01 0.1458895 0.000 0.0805451 0.0653443 
-0.00538229 0.00705066 1.0210e+00 -7.111e+01 0.1458931 0.000 0.0804220 0.0654710 
-0.00538229 0.00754835 1.0185e+00 -7.109e+01 0.1458938 0.000 0.0804609 0.0654329 
-0.00538229 0.00804604 1.0165e+00 -7.104e+01 0.1458776 0.000 0.0804273 0.0654502 
-0.00538229 0.00854374 1.0139e+00 -7.112e+01 0.1458934 0.000 0.0805087 0.0653846 
-0.00538229 0.00904143 1.0122e+00 -7.111e+01 0.1459055 0.000 0.0804924 0.0654128 
-0.00538229 0.00953912 1.0109e+00 -7.106e+01 0.1458928 0.000 0.0804742 0.0654188 
-0.00538229 0.01003682 1.0099e+00 -7.104e+01 0.1458856 0.000 0.0804585 0.0654271 
-0.00538229 0.01053451 1.0091e+00 -7.102e+01 0.1458868 0.000 0.0804456 0.0654411 
-0.00538229 0.01103221 1.0085e+00 -7.100e+01 0.1458841 0.000 0.0804388 0.0654453 
-0.00538229 0.01152990 1.0082e+00 -7.099e+01 0.1458870 0.000 0.0804501 0.0654368 
-0.00214728 0.00904143 1.0462e+00 -7.165e+01 0.1459821 0.000 0.0807466 0.0652353 
-0.00214728 0.00953912 1.0498e+00 -7.166e+01 0.1459631 0.000 0.0807458 0.0652174 
-0.00214728 0.01003682 1.0542e+00 -7.157e+01 0.1459558 0.000 0.0807282 0.0652276 
-0.00214728 0.01053451 1.0579e+00 -7.161e+01 0.1459656 0.000 0.0807443 0.0652212 
-0.00214728 0.01103221 1.0613e+00 -7.168e+01 0.1459676 0.000 0.0809487 0.0650187 
-0.00214728 0.01152990 1.0654e+00 -7.170e+01 0.1459593 0.000 0.0809296 0.0650297 
-0.00214728 0.01202759 1.0692e+00 -7.174e+01 0.1459678 0.000 0.0809420 0.0650257 
-0.00214728 0.01252529 1.0740e+00 -7.165e+01 0.1459616 0.000 0.0805643 0.0653972 
-0.00538229 0.01202759 1.0081e+00 -7.098e+01 0.1458817 0.000 0.0804739 0.0654076 
-0.00538229 0.01252529 1.0084e+00 -7.095e+01 0.1458920 0.000 0.0804608 0.0654313 
-0.00538229 0.01302298 1.0090e+00 -7.092e+01 0.1458796 0.000 0.0804594 0.0654201 
-0.00538229 0.01352067 1.0097e+00 -7.091e+01 0.1458868 0.000 0.0804821 0.0654047 
-0.00538229 0.01401837 1.0107e+00 -7.090e+01 0.1458875 0.000 0.0804793 0.0654083 
-0.00550672 0.00207372 1.0595e+00 -7.133e+01 0.1459650 0.000 0.0805544 0.0654109 
-0.00550672 0.00257142 1.0553e+00 -7.136e+01 0.1459706 0.000 0.0805863 0.0653844 
-0.00550672 0.00306911 1.0514e+00 -7.133e+01 0.1459633 0.000 0.0805956 0.0653677 
-0.00550672 0.00356680 1.0473e+00 -7.135e+01 0.1459740 0.000 0.0806673 0.0653066 
-0.00550672 0.00406450 1.0432e+00 -7.138e+01 0.1459709 0.000 0.0806382 0.0653324 
-0.00550672 0.00456219 1.0394e+00 -7.138e+01 0.1459761 0.000 0.0807934 0.0651827 
-0.00550672 0.00505988 1.0363e+00 -7.129e+01 0.1459771 0.000 0.0804112 0.0655657 
-0.00550672 0.00555758 1.0328e+00 -7.129e+01 0.1459685 0.000 0.0805572 0.0654113 
-0.00550672 0.00605527 1.0292e+00 -7.131e+01 0.1459750 0.000 0.0806214 0.0653537 
-0.00550672 0.00655296 1.0264e+00 -7.126e+01 0.1459777 0.000 0.0804850 0.0654925 
-0.00550672 0.00705066 1.0242e+00 -7.114e+01 0.1458857 0.000 0.0804701 0.0654157 
-0.00550672 0.00754835 1.0218e+00 -7.108e+01 0.1458785 0.000 0.0804178 0.0654607 
-0.00550672 0.00804604 1.0195e+00 -7.105e+01 0.1458789 0.000 0.0804283 0.0654506 
-0.00550672 0.00854374 1.0171e+00 -7.106e+01 0.1459012 0.000 0.0804372 0.0654639 
-0.00550672 0.00904143 1.0145e+00 -7.116e+01 0.1459390 0.000 0.0805171 0.0654221 
-0.00550672 0.00953912 1.0133e+00 -7.107e+01 0.1458924 0.000 0.0804763 0.0654162 
-0.00550672 0.01003682 1.0119e+00 -7.105e+01 0.1458851 0.000 0.0804908 0.0653944 
-0.00550672 0.01053451 1.0109e+00 -7.103e+01 0.1458955 0.000 0.0804491 0.0654465 
-0.00550672 0.01103221 1.0101e+00 -7.102e+01 0.1458956 0.000 0.0804828 0.0654129 
-0.00550672 0.01152990 1.0097e+00 -7.098e+01 0.1458796 0.000 0.0804460 0.0654336 
-0.00550672 0.01202759 1.0094e+00 -7.097e+01 0.1458950 0.000 0.0804642 0.0654312 
-0.00550672 0.01252529 1.0095e+00 -7.095e+01 0.1458952 0.000 0.0804503 0.0654449 
-0.00550672 0.01302298 1.0099e+00 -7.092e+01 0.1458900 0.000 0.0804620 0.0654281 
-0.00550672 0.01352067 1.0101e+00 -7.095e+01 0.1458907 0.000 0.0806344 0.0652561 
-0.00550672 0.01401837 1.0109e+00 -7.093e+01 0.1458831 0.000 0.0806769 0.0652064 
-0.00563114 0.00207372 1.0653e+00 -7.119e+01 0.1459006 0.000 0.0806670 0.0652337 
-0.00563114 0.00257142 1.0602e+00 -7.135e+01 0.1459732 0.000 0.0805733 0.0654001 
-0.00563114 0.00306911 1.0561e+00 -7.135e+01 0.1459657 0.000 0.0806091 0.0653566 
-0.00563114 0.00356680 1.0520e+00 -7.134e+01 0.1459612 0.000 0.0805809 0.0653804 
-0.00563114 0.00406450 1.0479e+00 -7.136e+01 0.1459673 0.000 0.0807545 0.0652128 
-0.00563114 0.00456219 1.0438e+00 -7.137e+01 0.1459596 0.000 0.0806436 0.0653161 
-0.00563114 0.00505988 1.0401e+00 -7.137e+01 0.1459667 0.000 0.0807035 0.0652635 
-0.00563114 0.00555758 1.0368e+00 -7.130e+01 0.1459592 0.000 0.0805515 0.0654076 
-0.00563114 0.00605527 1.0335e+00 -7.127e+01 0.1459547 0.000 0.0805525 0.0654022 
-0.00563114 0.00655296 1.0299e+00 -7.132e+01 0.1459874 0.000 0.0806126 0.0653747 
-0.00563114 0.00705066 1.0272e+00 -7.125e+01 0.1459788 0.000 0.0804434 0.0655354 
-0.00563114 0.00754835 1.0254e+00 -7.107e+01 0.1458783 0.000 0.0803492 0.0655293 
-0.00563114 0.00804604 1.0225e+00 -7.109e+01 0.1458963 0.000 0.0804685 0.0654279 
-0.00563114 0.00854374 1.0201e+00 -7.108e+01 0.1458932 0.000 0.0805099 0.0653836 
-0.00563114 0.00904143 1.0181e+00 -7.104e+01 0.1458959 0.000 0.0804565 0.0654396 
-0.00563114 0.00953912 1.0165e+00 -7.099e+01 0.1458910 0.000 0.0803981 0.0654927 
-0.00563114 0.01003682 1.0140e+00 -7.112e+01 0.1459351 0.000 0.0805423 0.0653928 
-0.00563114 0.01053451 1.0131e+00 -7.103e+01 0.1458815 0.000 0.0804875 0.0653940 
-0.00563114 0.01103221 1.0123e+00 -7.098e+01 0.1458524 0.000 0.0804716 0.0653807 
-0.00563114 0.01152990 1.0114e+00 -7.099e+01 0.1458724 0.000 0.0805001 0.0653725 
-0.00563114 0.01202759 1.0111e+00 -7.096e+01 0.1458812 0.000 0.0804632 0.0654179 
-0.00563114 0.01252529 1.0108e+00 -7.095e+01 0.1458998 0.000 0.0804708 0.0654290 
-0.00563114 0.01302298 1.0109e+00 -7.093e+01 0.1458903 0.000 0.0805184 0.0653718 
-0.00563114 0.01352067 1.0111e+00 -7.094e+01 0.1458862 0.000 0.0806925 0.0651939 
-0.00563114 0.01401837 1.0121e+00 -7.086e+01 0.1458761 0.000 0.0805016 0.0653746 
-0.00575556 0.00207372 1.0698e+00 -7.127e+01 0.1459630 0.000 0.0805343 0.0654286 
-0.00575556 0.00257142 1.0664e+00 -7.114e+01 0.1459065 0.000 0.0804401 0.0654666 
-0.00575556 0.00306911 1.0612e+00 -7.131e+01 0.1459406 0.000 0.0806295 0.0653111 
-0.00575556 0.00356680 1.0568e+00 -7.135e+01 0.1459651 0.000 0.0806305 0.0653345 
-0.00575556 0.00406450 1.0527e+00 -7.135e+01 0.1459630 0.000 0.0806007 0.0653623 
-0.00575556 0.00456219 1.0487e+00 -7.135e+01 0.1459696 0.000 0.0806706 0.0652992 
-0.00575556 0.00505988 1.0445e+00 -7.138e+01 0.1459726 0.000 0.0806214 0.0653512 
-0.00575556 0.00555758 1.0407e+00 -7.138e+01 0.1459781 0.000 0.0808097 0.0651685 
-0.00575556 0.00605527 1.0376e+00 -7.128e+01 0.1459362 0.000 0.0806497 0.0652864 
-0.00575556 0.00655296 1.0340e+00 -7.130e+01 0.1459831 0.000 0.0805815 0.0654018 
-0.00575556 0.00705066 1.0307e+00 -7.130e+01 0.1459811 0.000 0.0806083 0.0653726 
-0.00575556 0.00754835 1.0281e+00 -7.122e+01 0.1459508 0.000 0.0804940 0.0654568 
-0.00575556 0.00804604 1.0259e+00 -7.111e+01 0.1458932 0.000 0.0805034 0.0653899 
-0.00575556 0.00854374 1.0234e+00 -7.107e+01 0.1458856 0.000 0.0804598 0.0654259 
-0.00575556 0.00904143 1.0212e+00 -7.104e+01 0.1458910 0.000 0.0804377 0.0654531 
-0.00575556 0.00953912 1.0194e+00 -7.099e+01 0.1458873 0.000 0.0804068 0.0654801 
-0.00575556 0.01003682 1.0175e+00 -7.099e+01 0.1458922 0.000 0.0804599 0.0654326 
-0.00575556 0.01053451 1.0152e+00 -7.111e+01 0.1459347 0.000 0.0805650 0.0653696 
-0.00575556 0.01103221 1.0143e+00 -7.102e+01 0.1459085 0.000 0.0804758 0.0654328 
-0.00575556 0.01152990 1.0133e+00 -7.102e+01 0.1459119 0.000 0.0805294 0.0653825 
-0.00575556 0.01202759 1.0128e+00 -7.098e+01 0.1458966 0.000 0.0805145 0.0653819 
-0.00575556 0.01252529 1.0125e+00 -7.094e+01 0.1458998 0.000 0.0804738 0.0654258 
-0.00575556 0.01302298 1.0125e+00 -7.091e+01 0.1458758 0.000 0.0805063 0.0653696 
-0.00575556 0.01352067 1.0128e+00 -7.087e+01 0.1458737 0.000 0.0804791 0.0653947 
-0.00575556 0.01401837 1.0132e+00 -7.085e+01 0.1458872 0.000 0.0804734 0.0654137 
-0.00214728 0.01302298 1.0783e+00 -7.164e+01 0.1459599 0.000 0.0805522 0.0654074 
-0.00214728 0.01352067 1.0823e+00 -7.167e+01 0.1459817 0.000 0.0807807 0.0652008 
-0.00214728 0.01401837 1.0866e+00 -7.164e+01 0.1459859 0.000 0.0806934 0.0652925 
-0.00227171 0.00207372 1.0182e+00 -7.128e+01 0.1458859 0.000 0.0805231 0.0653629 
-0.00227171 0.00257142 1.0181e+00 -7.130e+01 0.1458786 0.000 0.0806002 0.0652783 
-0.00227171 0.00306911 1.0185e+00 -7.131e+01 0.1458898 0.000 0.0805323 0.0653575 
-0.00227171 0.00356680 1.0190e+00 -7.133e+01 0.1459049 0.000 0.0805431 0.0653617 
-0.00227171 0.00406450 1.0198e+00 -7.134e+01 0.1458928 0.000 0.0805337 0.0653594 
