-0.00368184 0.00622117 1.0200e+00 -5.262e+03 132.316 0.000 
-0.00368184 0.00638707 1.0200e+00 -5.247e+03 132.221 0.000 
-0.00368184 0.00655296 1.0200e+00 -5.235e+03 132.113 0.000 
-0.00368184 0.00671886 1.0200e+00 -5.224e+03 132.003 0.000 
-0.00368184 0.00688476 1.0200e+00 -5.215e+03 131.947 0.000 
-0.00368184 0.00705066 1.0200e+00 -5.207e+03 131.897 0.000 
-0.00368184 0.00721656 1.0200e+00 -5.202e+03 131.867 0.000 
-0.00368184 0.00738245 1.0200e+00 -5.199e+03 131.872 0.000 
-0.00368184 0.00754835 1.0200e+00 -5.197e+03 131.884 0.000 
-0.00579704 0.01169580 1.0200e+00 -5.417e+03 131.347 0.000 
-0.00579704 0.01186169 1.0200e+00 -5.404e+03 131.268 0.000 
-0.00579704 0.01202759 1.0200e+00 -5.392e+03 131.210 0.000 
-0.00579704 0.01219349 1.0200e+00 -5.383e+03 131.183 0.000 
-0.00579704 0.01235939 1.0200e+00 -5.375e+03 131.165 0.000 
-0.00579704 0.01252529 1.0200e+00 -5.370e+03 131.160 0.000 
-0.00579704 0.01269118 1.0200e+00 -5.365e+03 131.179 0.000 
-0.00579704 0.01285708 1.0200e+00 -5.362e+03 131.212 0.000 
-0.00579704 0.01302298 1.0200e+00 -5.361e+03 131.264 0.000 
-0.00579704 0.01318888 1.0200e+00 -5.363e+03 131.347 0.000 
-0.00579704 0.01335477 1.0200e+00 -5.365e+03 131.435 0.000 
-0.00579704 0.01352067 1.0200e+00 -5.369e+03 131.539 0.000 
-0.00579704 0.01368657 1.0200e+00 -5.375e+03 131.682 0.000 
-0.00579704 0.01385247 1.0200e+00 -5.383e+03 131.811 0.000 
-0.00579704 0.01401837 1.0200e+00 -5.393e+03 131.990 0.000 
-0.00579704 0.01418426 1.0200e+00 -5.403e+03 132.156 0.000 
-0.00579704 0.01435016 1.0200e+00 -5.416e+03 132.356 0.000 
-0.00579704 0.01451606 1.0200e+00 -5.429e+03 132.568 0.000 
-0.00592146 0.00622117 1.0200e+00 -7.723e+03 151.003 0.000 
-0.00592146 0.00638707 1.0200e+00 -7.572e+03 149.751 0.000 
-0.00592146 0.00655296 1.0200e+00 -7.433e+03 148.584 0.000 
-0.00592146 0.00671886 1.0200e+00 -7.301e+03 147.472 0.000 
-0.00592146 0.00688476 1.0200e+00 -7.179e+03 146.450 0.000 
-0.00592146 0.00705066 1.0200e+00 -7.061e+03 145.447 0.000 
-0.00592146 0.00721656 1.0200e+00 -6.950e+03 144.482 0.000 
-0.00592146 0.00738245 1.0200e+00 -6.844e+03 143.570 0.000 
-0.00592146 0.00754835 1.0200e+00 -6.746e+03 142.732 0.000 
-0.00592146 0.00771425 1.0200e+00 -6.651e+03 141.906 0.000 
-0.00592146 0.00788015 1.0200e+00 -6.562e+03 141.126 0.000 
-0.00592146 0.00804604 1.0200e+00 -6.478e+03 140.379 0.000 
-0.00592146 0.00821194 1.0200e+00 -6.400e+03 139.685 0.000 
-0.00592146 0.00837784 1.0200e+00 -6.325e+03 139.040 0.000 
-0.00592146 0.00854374 1.0200e+00 -6.253e+03 138.356 0.000 
-0.00592146 0.00870964 1.0200e+00 -6.186e+03 137.777 0.000 
-0.00592146 0.00887553 1.0200e+00 -6.122e+03 137.214 0.000 
-0.00592146 0.00904143 1.0200e+00 -6.063e+03 136.683 0.000 
-0.00592146 0.00920733 1.0200e+00 -6.006e+03 136.180 0.000 
-0.00592146 0.00937323 1.0200e+00 -5.954e+03 135.712 0.000 
-0.00592146 0.00953912 1.0200e+00 -5.904e+03 135.281 0.000 
-0.00592146 0.00970502 1.0200e+00 -5.856e+03 134.865 0.000 
-0.00592146 0.00987092 1.0200e+00 -5.811e+03 134.431 0.000 
-0.00592146 0.01003682 1.0200e+00 -5.770e+03 134.083 0.000 
-0.00592146 0.01020272 1.0200e+00 -5.731e+03 133.742 0.000 
-0.00592146 0.01036861 1.0200e+00 -5.694e+03 133.432 0.000 
-0.00592146 0.01053451 1.0200e+00 -5.660e+03 133.144 0.000 
-0.00592146 0.01070041 1.0200e+00 -5.629e+03 132.890 0.000 
-0.00592146 0.01086631 1.0200e+00 -5.600e+03 132.652 0.000 
-0.00592146 0.01103221 1.0200e+00 -5.572e+03 132.418 0.000 
-0.00592146 0.01119810 1.0200e+00 -5.547e+03 132.230 0.000 
-0.00592146 0.01136400 1.0200e+00 -5.525e+03 132.043 0.000 
-0.00592146 0.01152990 1.0200e+00 -5.504e+03 131.893 0.000 
-0.00592146 0.01169580 1.0200e+00 -5.485e+03 131.754 0.000 
-0.00592146 0.01186169 1.0200e+00 -5.469e+03 131.644 0.000 
-0.00592146 0.01202759 1.0200e+00 -5.454e+03 131.559 0.000 
-0.00592146 0.01219349 1.0200e+00 -5.441e+03 131.482 0.000 
-0.00592146 0.01235939 1.0200e+00 -5.430e+03 131.418 0.000 
-0.00592146 0.01252529 1.0200e+00 -5.420e+03 131.363 0.000 
-0.00592146 0.01269118 1.0200e+00 -5.413e+03 131.354 0.000 
-0.00592146 0.01285708 1.0200e+00 -5.408e+03 131.378 0.000 
-0.00592146 0.01302298 1.0200e+00 -5.404e+03 131.398 0.000 
-0.00592146 0.01318888 1.0200e+00 -5.401e+03 131.424 0.000 
-0.00592146 0.01335477 1.0200e+00 -5.401e+03 131.489 0.000 
-0.00592146 0.01352067 1.0200e+00 -5.402e+03 131.560 0.000 
-0.00592146 0.01368657 1.0200e+00 -5.404e+03 131.660 0.000 
-0.00592146 0.01385247 1.0200e+00 -5.410e+03 131.784 0.000 
-0.00592146 0.01401837 1.0200e+00 -5.416e+03 131.926 0.000 
-0.00592146 0.01418426 1.0200e+00 -5.423e+03 132.063 0.000 
-0.00592146 0.01435016 1.0200e+00 -5.433e+03 132.226 0.000 
-0.00592146 0.01451606 1.0200e+00 -5.444e+03 132.417 0.000 
-0.00604588 0.00622117 1.0200e+00 -8.064e+03 153.426 0.000 
-0.00604588 0.00638707 1.0200e+00 -7.899e+03 152.091 0.000 
-0.00604588 0.00655296 1.0200e+00 -7.744e+03 150.830 0.000 
-0.00604588 0.00671886 1.0200e+00 -7.597e+03 149.627 0.000 
-0.00604588 0.00688476 1.0200e+00 -7.458e+03 148.477 0.000 
-0.00604588 0.00705066 1.0200e+00 -7.327e+03 147.378 0.000 
-0.00604588 0.00721656 1.0200e+00 -7.205e+03 146.365 0.000 
-0.00604588 0.00738245 1.0200e+00 -7.087e+03 145.387 0.000 
-0.00604588 0.00754835 1.0200e+00 -6.978e+03 144.435 0.000 
-0.00604588 0.00771425 1.0200e+00 -6.873e+03 143.536 0.000 
-0.00604588 0.00788015 1.0200e+00 -6.775e+03 142.688 0.000 
-0.00604588 0.00804604 1.0200e+00 -6.684e+03 141.914 0.000 
-0.00604588 0.00821194 1.0200e+00 -6.594e+03 141.127 0.000 
-0.00604588 0.00837784 1.0200e+00 -6.512e+03 140.423 0.000 
-0.00604588 0.00854374 1.0200e+00 -6.433e+03 139.736 0.000 
-0.00604588 0.00870964 1.0200e+00 -6.358e+03 139.071 0.000 
-0.00604588 0.00887553 1.0200e+00 -6.288e+03 138.449 0.000 
-0.00604588 0.00904143 1.0200e+00 -6.221e+03 137.870 0.000 
-0.00604588 0.00920733 1.0200e+00 -6.157e+03 137.292 0.000 
-0.00604588 0.00937323 1.0200e+00 -6.098e+03 136.767 0.000 
-0.00604588 0.00953912 1.0200e+00 -6.042e+03 136.300 0.000 
-0.00380626 0.01269118 1.0200e+00 -5.841e+03 139.743 0.000 
-0.00380626 0.01285708 1.0200e+00 -5.888e+03 140.255 0.000 
-0.00380626 0.01302298 1.0200e+00 -5.940e+03 140.808 0.000 
-0.00380626 0.01318888 1.0200e+00 -5.991e+03 141.336 0.000 
-0.00380626 0.01335477 1.0200e+00 -6.046e+03 141.934 0.000 
-0.00380626 0.01352067 1.0200e+00 -6.100e+03 142.491 0.000 
-0.00380626 0.01368657 1.0200e+00 -6.158e+03 143.099 0.000 
-0.00380626 0.01385247 1.0200e+00 -6.219e+03 143.718 0.000 
-0.00380626 0.01401837 1.0200e+00 -6.281e+03 144.356 0.000 
-0.00604588 0.00970502 1.0200e+00 -5.989e+03 135.811 0.000 
-0.00604588 0.00987092 1.0200e+00 -5.939e+03 135.401 0.000 
-0.00604588 0.01003682 1.0200e+00 -5.893e+03 134.992 0.000 
-0.00604588 0.01020272 1.0200e+00 -5.848e+03 134.580 0.000 
-0.00604588 0.01036861 1.0200e+00 -5.807e+03 134.218 0.000 
-0.00604588 0.01053451 1.0200e+00 -5.769e+03 133.906 0.000 
-0.00604588 0.01070041 1.0200e+00 -5.732e+03 133.580 0.000 
-0.00604588 0.01086631 1.0200e+00 -5.698e+03 133.301 0.000 
-0.00604588 0.01103221 1.0200e+00 -5.668e+03 133.061 0.000 
-0.00604588 0.01119810 1.0200e+00 -5.638e+03 132.817 0.000 
-0.00604588 0.01136400 1.0200e+00 -5.612e+03 132.608 0.000 
-0.00604588 0.01152990 1.0200e+00 -5.586e+03 132.393 0.000 
-0.00604588 0.01169580 1.0200e+00 -5.564e+03 132.235 0.000 
-0.00604588 0.01186169 1.0200e+00 -5.544e+03 132.107 0.000 
-0.00604588 0.01202759 1.0200e+00 -5.525e+03 131.973 0.000 
-0.00604588 0.01219349 1.0200e+00 -5.509e+03 131.862 0.000 
-0.00604588 0.01235939 1.0200e+00 -5.494e+03 131.765 0.000 
-0.00604588 0.01252529 1.0200e+00 -5.481e+03 131.691 0.000 
-0.00604588 0.01269118 1.0200e+00 -5.471e+03 131.650 0.000 
-0.00604588 0.01285708 1.0200e+00 -5.463e+03 131.638 0.000 
-0.00604588 0.01302298 1.0200e+00 -5.455e+03 131.616 0.000 
-0.00604588 0.01318888 1.0200e+00 -5.450e+03 131.627 0.000 
-0.00604588 0.01335477 1.0200e+00 -5.445e+03 131.643 0.000 
-0.00604588 0.01352067 1.0200e+00 -5.444e+03 131.686 0.000 
-0.00604588 0.01368657 1.0200e+00 -5.444e+03 131.754 0.000 
-0.00604588 0.01385247 1.0200e+00 -5.445e+03 131.833 0.000 
-0.00604588 0.01401837 1.0200e+00 -5.449e+03 131.942 0.000 
-0.00604588 0.01418426 1.0200e+00 -5.453e+03 132.066 0.000 
-0.00604588 0.01435016 1.0200e+00 -5.459e+03 132.184 0.000 
-0.00604588 0.01451606 1.0200e+00 -5.468e+03 132.345 0.000 
-0.00617031 0.00622117 1.0200e+00 -8.443e+03 156.084 0.000 
-0.00617031 0.00638707 1.0200e+00 -8.258e+03 154.625 0.000 
-0.00617031 0.00655296 1.0200e+00 -8.085e+03 153.251 0.000 
-0.00617031 0.00671886 1.0200e+00 -7.921e+03 151.918 0.000 
-0.00617031 0.00688476 1.0200e+00 -7.767e+03 150.676 0.000 
-0.00617031 0.00705066 1.0200e+00 -7.622e+03 149.507 0.000 
-0.00617031 0.00721656 1.0200e+00 -7.485e+03 148.362 0.000 
-0.00617031 0.00738245 1.0200e+00 -7.355e+03 147.291 0.000 
-0.00617031 0.00754835 1.0200e+00 -7.233e+03 146.286 0.000 
-0.00617031 0.00771425 1.0200e+00 -7.119e+03 145.329 0.000 
-0.00617031 0.00788015 1.0200e+00 -7.009e+03 144.404 0.000 
-0.00617031 0.00804604 1.0200e+00 -6.906e+03 143.517 0.000 
-0.00617031 0.00821194 1.0200e+00 -6.808e+03 142.695 0.000 
-0.00617031 0.00837784 1.0200e+00 -6.716e+03 141.920 0.000 
-0.00617031 0.00854374 1.0200e+00 -6.629e+03 141.155 0.000 
-0.00617031 0.00870964 1.0200e+00 -6.546e+03 140.443 0.000 
-0.00617031 0.00887553 1.0200e+00 -6.468e+03 139.769 0.000 
-0.00617031 0.00904143 1.0200e+00 -6.395e+03 139.154 0.000 
-0.00617031 0.00920733 1.0200e+00 -6.324e+03 138.525 0.000 
-0.00617031 0.00937323 1.0200e+00 -6.258e+03 137.951 0.000 
-0.00617031 0.00953912 1.0200e+00 -6.196e+03 137.412 0.000 
-0.00617031 0.00970502 1.0200e+00 -6.137e+03 136.905 0.000 
-0.00617031 0.00987092 1.0200e+00 -6.081e+03 136.424 0.000 
-0.00617031 0.01003682 1.0200e+00 -6.028e+03 135.951 0.000 
-0.00617031 0.01020272 1.0200e+00 -5.978e+03 135.520 0.000 
-0.00617031 0.01036861 1.0200e+00 -5.933e+03 135.144 0.000 
-0.00617031 0.01053451 1.0200e+00 -5.889e+03 134.770 0.000 
-0.00617031 0.01070041 1.0200e+00 -5.847e+03 134.382 0.000 
-0.00617031 0.01086631 1.0200e+00 -5.808e+03 134.067 0.000 
-0.00617031 0.01103221 1.0200e+00 -5.772e+03 133.767 0.000 
-0.00617031 0.01119810 1.0200e+00 -5.740e+03 133.491 0.000 
-0.00617031 0.01136400 1.0200e+00 -5.708e+03 133.235 0.000 
-0.00617031 0.01152990 1.0200e+00 -5.679e+03 132.999 0.000 
-0.00617031 0.01169580 1.0200e+00 -5.653e+03 132.800 0.000 
-0.00617031 0.01186169 1.0200e+00 -5.629e+03 132.606 0.000 
-0.00617031 0.01202759 1.0200e+00 -5.607e+03 132.463 0.000 
-0.00617031 0.01219349 1.0200e+00 -5.586e+03 132.300 0.000 
-0.00617031 0.01235939 1.0200e+00 -5.568e+03 132.183 0.000 
-0.00617031 0.01252529 1.0200e+00 -5.552e+03 132.094 0.000 
-0.00617031 0.01269118 1.0200e+00 -5.537e+03 131.998 0.000 
-0.00617031 0.01285708 1.0200e+00 -5.525e+03 131.940 0.000 
-0.00617031 0.01302298 1.0200e+00 -5.515e+03 131.898 0.000 
-0.00617031 0.01318888 1.0200e+00 -5.506e+03 131.866 0.000 
-0.00617031 0.01335477 1.0200e+00 -5.500e+03 131.879 0.000 
-0.00617031 0.01352067 1.0200e+00 -5.494e+03 131.877 0.000 
-0.00617031 0.01368657 1.0200e+00 -5.491e+03 131.923 0.000 
-0.00617031 0.01385247 1.0200e+00 -5.489e+03 131.983 0.000 
-0.00617031 0.01401837 1.0200e+00 -5.488e+03 132.036 0.000 
-0.00617031 0.01418426 1.0200e+00 -5.491e+03 132.122 0.000 
-0.00617031 0.01435016 1.0200e+00 -5.493e+03 132.220 0.000 
-0.00617031 0.01451606 1.0200e+00 -5.500e+03 132.355 0.000 
-0.00380626 0.01418426 1.0200e+00 -6.344e+03 144.973 0.000 
-0.00380626 0.01435016 1.0200e+00 -6.410e+03 145.633 0.000 
-0.00380626 0.01451606 1.0200e+00 -6.476e+03 146.276 0.000 
-0.00393069 0.00622117 1.0200e+00 -5.303e+03 132.459 0.000 
-0.00393069 0.00638707 1.0200e+00 -5.280e+03 132.208 0.000 
-0.00393069 0.00655296 1.0200e+00 -5.261e+03 132.061 0.000 
-0.00393069 0.00671886 1.0200e+00 -5.242e+03 131.903 0.000 
-0.00393069 0.00688476 1.0200e+00 -5.226e+03 131.752 0.000 
-0.00393069 0.00705066 1.0200e+00 -5.212e+03 131.620 0.000 
-0.00393069 0.00721656 1.0200e+00 -5.199e+03 131.508 0.000 
-0.00393069 0.00738245 1.0200e+00 -5.189e+03 131.445 0.000 
-0.00393069 0.00754835 1.0200e+00 -5.180e+03 131.379 0.000 
-0.00393069 0.00771425 1.0200e+00 -5.173e+03 131.342 0.000 
-0.00393069 0.00788015 1.0200e+00 -5.167e+03 131.310 0.000 
-0.00393069 0.00804604 1.0200e+00 -5.165e+03 131.315 0.000 
-0.00393069 0.00821194 1.0200e+00 -5.162e+03 131.318 0.000 
-0.00393069 0.00837784 1.0200e+00 -5.163e+03 131.363 0.000 
-0.00393069 0.00854374 1.0200e+00 -5.163e+03 131.383 0.000 
-0.00393069 0.00870964 1.0200e+00 -5.166e+03 131.446 0.000 
-0.00393069 0.00887553 1.0200e+00 -5.171e+03 131.546 0.000 
-0.00393069 0.00904143 1.0200e+00 -5.178e+03 131.666 0.000 
-0.00393069 0.00920733 1.0200e+00 -5.186e+03 131.793 0.000 
-0.00393069 0.00937323 1.0200e+00 -5.196e+03 131.959 0.000 
-0.00393069 0.00953912 1.0200e+00 -5.208e+03 132.146 0.000 
-0.00393069 0.00970502 1.0200e+00 -5.220e+03 132.311 0.000 
-0.00393069 0.00987092 1.0200e+00 -5.235e+03 132.515 0.000 
-0.00393069 0.01003682 1.0200e+00 -5.251e+03 132.733 0.000 
-0.00393069 0.01020272 1.0200e+00 -5.268e+03 132.940 0.000 
-0.00393069 0.01036861 1.0200e+00 -5.289e+03 133.229 0.000 
-0.00393069 0.01053451 1.0200e+00 -5.308e+03 133.466 0.000 
-0.00393069 0.01070041 1.0200e+00 -5.331e+03 133.758 0.000 
-0.00393069 0.01086631 1.0200e+00 -5.356e+03 134.060 0.000 
-0.00393069 0.01103221 1.0200e+00 -5.382e+03 134.404 0.000 
-0.00393069 0.01119810 1.0200e+00 -5.409e+03 134.729 0.000 
-0.00393069 0.01136400 1.0200e+00 -5.439e+03 135.115 0.000 
-0.00393069 0.01152990 1.0200e+00 -5.469e+03 135.473 0.000 
-0.00393069 0.01169580 1.0200e+00 -5.501e+03 135.852 0.000 
-0.00393069 0.01186169 1.0200e+00 -5.536e+03 136.259 0.000 
-0.00393069 0.01202759 1.0200e+00 -5.572e+03 136.680 0.000 
-0.00393069 0.01219349 1.0200e+00 -5.609e+03 137.109 0.000 
-0.00393069 0.01235939 1.0200e+00 -5.649e+03 137.575 0.000 
-0.00393069 0.01252529 1.0200e+00 -5.689e+03 138.025 0.000 
-0.00393069 0.01269118 1.0200e+00 -5.733e+03 138.510 0.000 
-0.00393069 0.01285708 1.0200e+00 -5.778e+03 139.022 0.000 
-0.00393069 0.01302298 1.0200e+00 -5.824e+03 139.517 0.000 
-0.00393069 0.01318888 1.0200e+00 -5.872e+03 140.046 0.000 
-0.00393069 0.01335477 1.0200e+00 -5.922e+03 140.589 0.000 
-0.00393069 0.01352067 1.0200e+00 -5.975e+03 141.150 0.000 
-0.00393069 0.01368657 1.0200e+00 -6.029e+03 141.711 0.000 
-0.00393069 0.01385247 1.0200e+00 -6.084e+03 142.290 0.000 
-0.00393069 0.01401837 1.0200e+00 -6.142e+03 142.886 0.000 
-0.00393069 0.01418426 1.0200e+00 -6.202e+03 143.516 0.000 
-0.00393069 0.01435016 1.0200e+00 -6.264e+03 144.125 0.000 
-0.00393069 0.01451606 1.0200e+00 -6.327e+03 144.777 0.000 
-0.00405511 0.00622117 1.0200e+00 -5.341e+03 132.678 0.000 
-0.00405511 0.00638707 1.0200e+00 -5.315e+03 132.412 0.000 
-0.00405511 0.00655296 1.0200e+00 -5.290e+03 132.197 0.000 
-0.00405511 0.00671886 1.0200e+00 -5.268e+03 131.988 0.000 
-0.00405511 0.00688476 1.0200e+00 -5.248e+03 131.802 0.000 
-0.00405511 0.00705066 1.0200e+00 -5.230e+03 131.643 0.000 
-0.00405511 0.00721656 1.0200e+00 -5.213e+03 131.493 0.000 
-0.00405511 0.00738245 1.0200e+00 -5.200e+03 131.382 0.000 
-0.00405511 0.00754835 1.0200e+00 -5.187e+03 131.282 0.000 
-0.00405511 0.00771425 1.0200e+00 -5.177e+03 131.206 0.000 
-0.00405511 0.00788015 1.0200e+00 -5.168e+03 131.143 0.000 
-0.00405511 0.00804604 1.0200e+00 -5.161e+03 131.091 0.000 
-0.00405511 0.00821194 1.0200e+00 -5.156e+03 131.078 0.000 
-0.00405511 0.00837784 1.0200e+00 -5.152e+03 131.069 0.000 
-0.00405511 0.00854374 1.0200e+00 -5.151e+03 131.093 0.000 
-0.00405511 0.00870964 1.0200e+00 -5.151e+03 131.139 0.000 
-0.00405511 0.00887553 1.0200e+00 -5.153e+03 131.189 0.000 
-0.00405511 0.00904143 1.0200e+00 -5.155e+03 131.247 0.000 
-0.00405511 0.00920733 1.0200e+00 -5.161e+03 131.362 0.000 
-0.00405511 0.00937323 1.0200e+00 -5.167e+03 131.450 0.000 
-0.00405511 0.00953912 1.0200e+00 -5.175e+03 131.573 0.000 
-0.00405511 0.00970502 1.0200e+00 -5.185e+03 131.747 0.000 
-0.00405511 0.00987092 1.0200e+00 -5.196e+03 131.896 0.000 
-0.00405511 0.01003682 1.0200e+00 -5.209e+03 132.112 0.000 
-0.00405511 0.01020272 1.0200e+00 -5.224e+03 132.312 0.000 
-0.00405511 0.01036861 1.0200e+00 -5.240e+03 132.528 0.000 
-0.00405511 0.01053451 1.0200e+00 -5.258e+03 132.782 0.000 
-0.00368184 0.00771425 1.0200e+00 -5.196e+03 131.916 0.000 
-0.00368184 0.00788015 1.0200e+00 -5.197e+03 131.959 0.000 
-0.00368184 0.00804604 1.0200e+00 -5.200e+03 132.025 0.000 
-0.00368184 0.00821194 1.0200e+00 -5.205e+03 132.115 0.000 
-0.00368184 0.00837784 1.0200e+00 -5.212e+03 132.230 0.000 
-0.00368184 0.00854374 1.0200e+00 -5.220e+03 132.354 0.000 
-0.00368184 0.00870964 1.0200e+00 -5.230e+03 132.498 0.000 
-0.00368184 0.00887553 1.0200e+00 -5.240e+03 132.618 0.000 
-0.00368184 0.00904143 1.0200e+00 -5.254e+03 132.810 0.000 
-0.00405511 0.01070041 1.0200e+00 -5.277e+03 132.998 0.000 
-0.00405511 0.01086631 1.0200e+00 -5.299e+03 133.284 0.000 
-0.00405511 0.01103221 1.0200e+00 -5.321e+03 133.574 0.000 
-0.00405511 0.01119810 1.0200e+00 -5.345e+03 133.883 0.000 
-0.00405511 0.01136400 1.0200e+00 -5.370e+03 134.194 0.000 
-0.00405511 0.01152990 1.0200e+00 -5.399e+03 134.543 0.000 
-0.00405511 0.01169580 1.0200e+00 -5.428e+03 134.933 0.000 
-0.00405511 0.01186169 1.0200e+00 -5.458e+03 135.287 0.000 
-0.00405511 0.01202759 1.0200e+00 -5.491e+03 135.679 0.000 
-0.00405511 0.01219349 1.0200e+00 -5.526e+03 136.085 0.000 
-0.00405511 0.01235939 1.0200e+00 -5.561e+03 136.519 0.000 
-0.00405511 0.01252529 1.0200e+00 -5.599e+03 136.938 0.000 
-0.00405511 0.01269118 1.0200e+00 -5.638e+03 137.387 0.000 
-0.00405511 0.01285708 1.0200e+00 -5.679e+03 137.860 0.000 
-0.00405511 0.01302298 1.0200e+00 -5.722e+03 138.350 0.000 
-0.00405511 0.01318888 1.0200e+00 -5.767e+03 138.851 0.000 
-0.00405511 0.01335477 1.0200e+00 -5.814e+03 139.369 0.000 
-0.00405511 0.01352067 1.0200e+00 -5.861e+03 139.880 0.000 
-0.00405511 0.01368657 1.0200e+00 -5.912e+03 140.433 0.000 
-0.00405511 0.01385247 1.0200e+00 -5.963e+03 140.987 0.000 
-0.00405511 0.01401837 1.0200e+00 -6.017e+03 141.539 0.000 
-0.00405511 0.01418426 1.0200e+00 -6.074e+03 142.131 0.000 
-0.00405511 0.01435016 1.0200e+00 -6.131e+03 142.740 0.000 
-0.00405511 0.01451606 1.0200e+00 -6.191e+03 143.347 0.000 
-0.00417953 0.00622117 1.0200e+00 -5.390e+03 132.996 0.000 
-0.00417953 0.00638707 1.0200e+00 -5.360e+03 132.698 0.000 
-0.00417953 0.00655296 1.0200e+00 -5.331e+03 132.428 0.000 
-0.00417953 0.00671886 1.0200e+00 -5.305e+03 132.190 0.000 
-0.00417953 0.00688476 1.0200e+00 -5.281e+03 131.963 0.000 
-0.00417953 0.00705066 1.0200e+00 -5.259e+03 131.762 0.000 
-0.00417953 0.00721656 1.0200e+00 -5.239e+03 131.573 0.000 
-0.00417953 0.00738245 1.0200e+00 -5.221e+03 131.405 0.000 
-0.00417953 0.00754835 1.0200e+00 -5.205e+03 131.283 0.000 
-0.00417953 0.00771425 1.0200e+00 -5.192e+03 131.176 0.000 
-0.00417953 0.00788015 1.0200e+00 -5.179e+03 131.072 0.000 
-0.00417953 0.00804604 1.0200e+00 -5.169e+03 130.992 0.000 
-0.00417953 0.00821194 1.0200e+00 -5.161e+03 130.943 0.000 
-0.00417953 0.00837784 1.0200e+00 -5.153e+03 130.891 0.000 
-0.00417953 0.00854374 1.0200e+00 -5.148e+03 130.863 0.000 
-0.00417953 0.00870964 1.0200e+00 -5.145e+03 130.874 0.000 
-0.00417953 0.00887553 1.0200e+00 -5.143e+03 130.886 0.000 
-0.00417953 0.00904143 1.0200e+00 -5.143e+03 130.929 0.000 
-0.00417953 0.00920733 1.0200e+00 -5.145e+03 130.996 0.000 
-0.00417953 0.00937323 1.0200e+00 -5.148e+03 131.079 0.000 
-0.00417953 0.00953912 1.0200e+00 -5.154e+03 131.189 0.000 
-0.00417953 0.00970502 1.0200e+00 -5.160e+03 131.297 0.000 
-0.00417953 0.00987092 1.0200e+00 -5.168e+03 131.417 0.000 
-0.00417953 0.01003682 1.0200e+00 -5.178e+03 131.557 0.000 
-0.00417953 0.01020272 1.0200e+00 -5.189e+03 131.725 0.000 
-0.00417953 0.01036861 1.0200e+00 -5.202e+03 131.911 0.000 
-0.00417953 0.01053451 1.0200e+00 -5.217e+03 132.138 0.000 
-0.00417953 0.01070041 1.0200e+00 -5.234e+03 132.370 0.000 
-0.00417953 0.01086631 1.0200e+00 -5.251e+03 132.615 0.000 
-0.00417953 0.01103221 1.0200e+00 -5.271e+03 132.879 0.000 
-0.00417953 0.01119810 1.0200e+00 -5.292e+03 133.142 0.000 
-0.00417953 0.01136400 1.0200e+00 -5.313e+03 133.405 0.000 
-0.00417953 0.01152990 1.0200e+00 -5.338e+03 133.722 0.000 
-0.00417953 0.01169580 1.0200e+00 -5.364e+03 134.049 0.000 
-0.00417953 0.01186169 1.0200e+00 -5.392e+03 134.407 0.000 
-0.00417953 0.01202759 1.0200e+00 -5.420e+03 134.740 0.000 
-0.00417953 0.01219349 1.0200e+00 -5.452e+03 135.148 0.000 
-0.00417953 0.01235939 1.0200e+00 -5.483e+03 135.514 0.000 
-0.00417953 0.01252529 1.0200e+00 -5.519e+03 135.941 0.000 
-0.00417953 0.01269118 1.0200e+00 -5.554e+03 136.367 0.000 
-0.00417953 0.01285708 1.0200e+00 -5.592e+03 136.798 0.000 
-0.00417953 0.01302298 1.0200e+00 -5.632e+03 137.256 0.000 
-0.00417953 0.01318888 1.0200e+00 -5.673e+03 137.713 0.000 
-0.00417953 0.01335477 1.0200e+00 -5.715e+03 138.215 0.000 
-0.00417953 0.01352067 1.0200e+00 -5.760e+03 138.702 0.000 
-0.00417953 0.01368657 1.0200e+00 -5.807e+03 139.222 0.000 
-0.00417953 0.01385247 1.0200e+00 -5.854e+03 139.734 0.000 
-0.00417953 0.01401837 1.0200e+00 -5.905e+03 140.298 0.000 
-0.00417953 0.01418426 1.0200e+00 -5.957e+03 140.850 0.000 
-0.00417953 0.01435016 1.0200e+00 -6.011e+03 141.434 0.000 
-0.00417953 0.01451606 1.0200e+00 -6.066e+03 141.996 0.000 
-0.00430396 0.00622117 1.0200e+00 -5.451e+03 133.485 0.000 
-0.00430396 0.00638707 1.0200e+00 -5.416e+03 133.108 0.000 
-0.00430396 0.00655296 1.0200e+00 -5.383e+03 132.772 0.000 
-0.00430396 0.00671886 1.0200e+00 -5.352e+03 132.477 0.000 
-0.00430396 0.00688476 1.0200e+00 -5.325e+03 132.243 0.000 
-0.00430396 0.00705066 1.0200e+00 -5.299e+03 131.986 0.000 
-0.00430396 0.00721656 1.0200e+00 -5.275e+03 131.771 0.000 
-0.00430396 0.00738245 1.0200e+00 -5.253e+03 131.561 0.000 
-0.00430396 0.00754835 1.0200e+00 -5.234e+03 131.387 0.000 
-0.00430396 0.00771425 1.0200e+00 -5.215e+03 131.231 0.000 
-0.00430396 0.00788015 1.0200e+00 -5.200e+03 131.098 0.000 
-0.00430396 0.00804604 1.0200e+00 -5.186e+03 130.983 0.000 
-0.00430396 0.00821194 1.0200e+00 -5.174e+03 130.882 0.000 
-0.00430396 0.00837784 1.0200e+00 -5.164e+03 130.811 0.000 
-0.00430396 0.00854374 1.0200e+00 -5.156e+03 130.766 0.000 
-0.00368184 0.00920733 1.0200e+00 -5.268e+03 133.013 0.000 
-0.00368184 0.00937323 1.0200e+00 -5.284e+03 133.208 0.000 
-0.00368184 0.00953912 1.0200e+00 -5.302e+03 133.456 0.000 
-0.00368184 0.00970502 1.0200e+00 -5.322e+03 133.716 0.000 
-0.00368184 0.00987092 1.0200e+00 -5.343e+03 133.979 0.000 
-0.00368184 0.01003682 1.0200e+00 -5.366e+03 134.268 0.000 
-0.00368184 0.01020272 1.0200e+00 -5.391e+03 134.604 0.000 
-0.00368184 0.01036861 1.0200e+00 -5.417e+03 134.934 0.000 
-0.00368184 0.01053451 1.0200e+00 -5.444e+03 135.252 0.000 
-0.00430396 0.00870964 1.0200e+00 -5.149e+03 130.722 0.000 
-0.00430396 0.00887553 1.0200e+00 -5.144e+03 130.711 0.000 
-0.00430396 0.00904143 1.0200e+00 -5.141e+03 130.707 0.000 
-0.00430396 0.00920733 1.0200e+00 -5.139e+03 130.730 0.000 
-0.00430396 0.00937323 1.0200e+00 -5.140e+03 130.787 0.000 
-0.00430396 0.00953912 1.0200e+00 -5.142e+03 130.851 0.000 
-0.00430396 0.00970502 1.0200e+00 -5.145e+03 130.928 0.000 
-0.00430396 0.00987092 1.0200e+00 -5.150e+03 131.034 0.000 
-0.00430396 0.01003682 1.0200e+00 -5.157e+03 131.143 0.000 
-0.00430396 0.01020272 1.0200e+00 -5.165e+03 131.290 0.000 
-0.00430396 0.01036861 1.0200e+00 -5.175e+03 131.450 0.000 
-0.00430396 0.01053451 1.0200e+00 -5.186e+03 131.619 0.000 
-0.00430396 0.01070041 1.0200e+00 -5.199e+03 131.788 0.000 
-0.00430396 0.01086631 1.0200e+00 -5.213e+03 131.988 0.000 
-0.00430396 0.01103221 1.0200e+00 -5.230e+03 132.234 0.000 
-0.00430396 0.01119810 1.0200e+00 -5.249e+03 132.485 0.000 
-0.00430396 0.01136400 1.0200e+00 -5.268e+03 132.749 0.000 
-0.00430396 0.01152990 1.0200e+00 -5.289e+03 133.030 0.000 
-0.00430396 0.01169580 1.0200e+00 -5.311e+03 133.284 0.000 
-0.00430396 0.01186169 1.0200e+00 -5.335e+03 133.603 0.000 
-0.00430396 0.01202759 1.0200e+00 -5.361e+03 133.930 0.000 
-0.00430396 0.01219349 1.0200e+00 -5.389e+03 134.288 0.000 
-0.00430396 0.01235939 1.0200e+00 -5.419e+03 134.654 0.000 
-0.00430396 0.01252529 1.0200e+00 -5.450e+03 135.044 0.000 
-0.00430396 0.01269118 1.0200e+00 -5.482e+03 135.427 0.000 
-0.00430396 0.01285708 1.0200e+00 -5.516e+03 135.837 0.000 
-0.00430396 0.01302298 1.0200e+00 -5.552e+03 136.261 0.000 
-0.00430396 0.01318888 1.0200e+00 -5.590e+03 136.706 0.000 
-0.00430396 0.01335477 1.0200e+00 -5.629e+03 137.165 0.000 
-0.00430396 0.01352067 1.0200e+00 -5.670e+03 137.610 0.000 
-0.00430396 0.01368657 1.0200e+00 -5.713e+03 138.113 0.000 
-0.00430396 0.01385247 1.0200e+00 -5.758e+03 138.615 0.000 
-0.00430396 0.01401837 1.0200e+00 -5.804e+03 139.133 0.000 
-0.00430396 0.01418426 1.0200e+00 -5.854e+03 139.672 0.000 
-0.00430396 0.01435016 1.0200e+00 -5.903e+03 140.211 0.000 
-0.00430396 0.01451606 1.0200e+00 -5.955e+03 140.781 0.000 
-0.00442838 0.00622117 1.0200e+00 -5.524e+03 134.020 0.000 
-0.00442838 0.00638707 1.0200e+00 -5.485e+03 133.649 0.000 
-0.00442838 0.00655296 1.0200e+00 -5.446e+03 133.269 0.000 
-0.00442838 0.00671886 1.0200e+00 -5.412e+03 132.901 0.000 
-0.00442838 0.00688476 1.0200e+00 -5.380e+03 132.576 0.000 
-0.00442838 0.00705066 1.0200e+00 -5.350e+03 132.301 0.000 
-0.00442838 0.00721656 1.0200e+00 -5.321e+03 132.059 0.000 
-0.00442838 0.00738245 1.0200e+00 -5.296e+03 131.825 0.000 
-0.00442838 0.00754835 1.0200e+00 -5.272e+03 131.599 0.000 
-0.00442838 0.00771425 1.0200e+00 -5.251e+03 131.408 0.000 
-0.00442838 0.00788015 1.0200e+00 -5.232e+03 131.254 0.000 
-0.00442838 0.00804604 1.0200e+00 -5.213e+03 131.070 0.000 
-0.00442838 0.00821194 1.0200e+00 -5.198e+03 130.939 0.000 
-0.00442838 0.00837784 1.0200e+00 -5.185e+03 130.832 0.000 
-0.00442838 0.00854374 1.0200e+00 -5.173e+03 130.749 0.000 
-0.00442838 0.00870964 1.0200e+00 -5.163e+03 130.676 0.000 
-0.00442838 0.00887553 1.0200e+00 -5.155e+03 130.617 0.000 
-0.00442838 0.00904143 1.0200e+00 -5.148e+03 130.586 0.000 
-0.00442838 0.00920733 1.0200e+00 -5.144e+03 130.583 0.000 
-0.00442838 0.00937323 1.0200e+00 -5.141e+03 130.606 0.000 
-0.00442838 0.00953912 1.0200e+00 -5.139e+03 130.622 0.000 
-0.00442838 0.00970502 1.0200e+00 -5.139e+03 130.661 0.000 
-0.00442838 0.00987092 1.0200e+00 -5.141e+03 130.718 0.000 
-0.00442838 0.01003682 1.0200e+00 -5.145e+03 130.806 0.000 
-0.00442838 0.01020272 1.0200e+00 -5.150e+03 130.920 0.000 
-0.00442838 0.01036861 1.0200e+00 -5.156e+03 131.030 0.000 
-0.00442838 0.01053451 1.0200e+00 -5.165e+03 131.178 0.000 
-0.00442838 0.01070041 1.0200e+00 -5.175e+03 131.337 0.000 
-0.00442838 0.01086631 1.0200e+00 -5.187e+03 131.523 0.000 
-0.00442838 0.01103221 1.0200e+00 -5.200e+03 131.698 0.000 
-0.00442838 0.01119810 1.0200e+00 -5.215e+03 131.912 0.000 
-0.00442838 0.01136400 1.0200e+00 -5.231e+03 132.131 0.000 
-0.00442838 0.01152990 1.0200e+00 -5.250e+03 132.404 0.000 
-0.00442838 0.01169580 1.0200e+00 -5.269e+03 132.661 0.000 
-0.00442838 0.01186169 1.0200e+00 -5.290e+03 132.927 0.000 
-0.00442838 0.01202759 1.0200e+00 -5.313e+03 133.216 0.000 
-0.00442838 0.01219349 1.0200e+00 -5.337e+03 133.518 0.000 
-0.00442838 0.01235939 1.0200e+00 -5.363e+03 133.860 0.000 
-0.00442838 0.01252529 1.0200e+00 -5.391e+03 134.208 0.000 
-0.00442838 0.01269118 1.0200e+00 -5.420e+03 134.571 0.000 
-0.00442838 0.01285708 1.0200e+00 -5.450e+03 134.957 0.000 
-0.00442838 0.01302298 1.0200e+00 -5.483e+03 135.360 0.000 
-0.00442838 0.01318888 1.0200e+00 -5.518e+03 135.778 0.000 
-0.00442838 0.01335477 1.0200e+00 -5.554e+03 136.200 0.000 
-0.00442838 0.01352067 1.0200e+00 -5.592e+03 136.644 0.000 
-0.00442838 0.01368657 1.0200e+00 -5.631e+03 137.101 0.000 
-0.00442838 0.01385247 1.0200e+00 -5.673e+03 137.570 0.000 
-0.00442838 0.01401837 1.0200e+00 -5.715e+03 138.057 0.000 
-0.00442838 0.01418426 1.0200e+00 -5.760e+03 138.560 0.000 
-0.00442838 0.01435016 1.0200e+00 -5.808e+03 139.091 0.000 
-0.00442838 0.01451606 1.0200e+00 -5.856e+03 139.628 0.000 
-0.00455280 0.00622117 1.0200e+00 -5.610e+03 134.690 0.000 
-0.00455280 0.00638707 1.0200e+00 -5.565e+03 134.235 0.000 
-0.00455280 0.00655296 1.0200e+00 -5.522e+03 133.820 0.000 
-0.00368184 0.01070041 1.0200e+00 -5.474e+03 135.608 0.000 
-0.00368184 0.01086631 1.0200e+00 -5.505e+03 135.969 0.000 
-0.00368184 0.01103221 1.0200e+00 -5.538e+03 136.364 0.000 
-0.00368184 0.01119810 1.0200e+00 -5.571e+03 136.745 0.000 
-0.00368184 0.01136400 1.0200e+00 -5.608e+03 137.177 0.000 
-0.00368184 0.01152990 1.0200e+00 -5.645e+03 137.599 0.000 
-0.00368184 0.01169580 1.0200e+00 -5.685e+03 138.058 0.000 
-0.00368184 0.01186169 1.0200e+00 -5.726e+03 138.513 0.000 
-0.00368184 0.01202759 1.0200e+00 -5.770e+03 138.983 0.000 
-0.00455280 0.00671886 1.0200e+00 -5.484e+03 133.470 0.000 
-0.00455280 0.00688476 1.0200e+00 -5.446e+03 133.064 0.000 
-0.00455280 0.00705066 1.0200e+00 -5.411e+03 132.729 0.000 
-0.00455280 0.00721656 1.0200e+00 -5.380e+03 132.435 0.000 
-0.00455280 0.00738245 1.0200e+00 -5.349e+03 132.161 0.000 
-0.00455280 0.00754835 1.0200e+00 -5.322e+03 131.911 0.000 
-0.00455280 0.00771425 1.0200e+00 -5.297e+03 131.690 0.000 
-0.00455280 0.00788015 1.0200e+00 -5.273e+03 131.464 0.000 
-0.00455280 0.00804604 1.0200e+00 -5.251e+03 131.251 0.000 
-0.00455280 0.00821194 1.0200e+00 -5.233e+03 131.100 0.000 
-0.00455280 0.00837784 1.0200e+00 -5.215e+03 130.949 0.000 
-0.00455280 0.00854374 1.0200e+00 -5.201e+03 130.833 0.000 
-0.00455280 0.00870964 1.0200e+00 -5.187e+03 130.718 0.000 
-0.00455280 0.00887553 1.0200e+00 -5.175e+03 130.640 0.000 
-0.00455280 0.00904143 1.0200e+00 -5.166e+03 130.575 0.000 
-0.00455280 0.00920733 1.0200e+00 -5.157e+03 130.522 0.000 
-0.00455280 0.00937323 1.0200e+00 -5.151e+03 130.498 0.000 
-0.00455280 0.00953912 1.0200e+00 -5.147e+03 130.495 0.000 
-0.00455280 0.00970502 1.0200e+00 -5.143e+03 130.495 0.000 
-0.00455280 0.00987092 1.0200e+00 -5.142e+03 130.534 0.000 
-0.00455280 0.01003682 1.0200e+00 -5.143e+03 130.594 0.000 
-0.00455280 0.01020272 1.0200e+00 -5.145e+03 130.657 0.000 
-0.00455280 0.01036861 1.0200e+00 -5.149e+03 130.727 0.000 
-0.00455280 0.01053451 1.0200e+00 -5.153e+03 130.834 0.000 
-0.00455280 0.01070041 1.0200e+00 -5.161e+03 130.967 0.000 
-0.00455280 0.01086631 1.0200e+00 -5.169e+03 131.107 0.000 
-0.00455280 0.01103221 1.0200e+00 -5.179e+03 131.276 0.000 
-0.00455280 0.01119810 1.0200e+00 -5.191e+03 131.461 0.000 
-0.00455280 0.01136400 1.0200e+00 -5.205e+03 131.647 0.000 
-0.00455280 0.01152990 1.0200e+00 -5.219e+03 131.848 0.000 
-0.00455280 0.01169580 1.0200e+00 -5.236e+03 132.085 0.000 
-0.00455280 0.01186169 1.0200e+00 -5.254e+03 132.341 0.000 
-0.00455280 0.01202759 1.0200e+00 -5.274e+03 132.614 0.000 
-0.00455280 0.01219349 1.0200e+00 -5.295e+03 132.884 0.000 
-0.00455280 0.01235939 1.0200e+00 -5.317e+03 133.162 0.000 
-0.00455280 0.01252529 1.0200e+00 -5.342e+03 133.484 0.000 
-0.00455280 0.01269118 1.0200e+00 -5.368e+03 133.824 0.000 
-0.00455280 0.01285708 1.0200e+00 -5.397e+03 134.178 0.000 
-0.00455280 0.01302298 1.0200e+00 -5.426e+03 134.537 0.000 
-0.00455280 0.01318888 1.0200e+00 -5.456e+03 134.919 0.000 
-0.00455280 0.01335477 1.0200e+00 -5.489e+03 135.307 0.000 
-0.00455280 0.01352067 1.0200e+00 -5.524e+03 135.731 0.000 
-0.00455280 0.01368657 1.0200e+00 -5.560e+03 136.164 0.000 
-0.00455280 0.01385247 1.0200e+00 -5.598e+03 136.626 0.000 
-0.00455280 0.01401837 1.0200e+00 -5.638e+03 137.088 0.000 
-0.00455280 0.01418426 1.0200e+00 -5.679e+03 137.548 0.000 
-0.00455280 0.01435016 1.0200e+00 -5.722e+03 138.043 0.000 
-0.00455280 0.01451606 1.0200e+00 -5.767e+03 138.544 0.000 
-0.00467723 0.00622117 1.0200e+00 -5.710e+03 135.523 0.000 
-0.00467723 0.00638707 1.0200e+00 -5.659e+03 134.993 0.000 
-0.00467723 0.00655296 1.0200e+00 -5.612e+03 134.557 0.000 
-0.00467723 0.00671886 1.0200e+00 -5.567e+03 134.095 0.000 
-0.00467723 0.00688476 1.0200e+00 -5.525e+03 133.680 0.000 
-0.00467723 0.00705066 1.0200e+00 -5.485e+03 133.316 0.000 
-0.00467723 0.00721656 1.0200e+00 -5.449e+03 132.940 0.000 
-0.00467723 0.00738245 1.0200e+00 -5.415e+03 132.602 0.000 
-0.00467723 0.00754835 1.0200e+00 -5.383e+03 132.321 0.000 
-0.00467723 0.00771425 1.0200e+00 -5.353e+03 132.065 0.000 
-0.00467723 0.00788015 1.0200e+00 -5.326e+03 131.803 0.000 
-0.00467723 0.00804604 1.0200e+00 -5.301e+03 131.575 0.000 
-0.00467723 0.00821194 1.0200e+00 -5.278e+03 131.354 0.000 
-0.00467723 0.00837784 1.0200e+00 -5.256e+03 131.155 0.000 
-0.00467723 0.00854374 1.0200e+00 -5.238e+03 131.031 0.000 
-0.00467723 0.00870964 1.0200e+00 -5.220e+03 130.841 0.000 
-0.00467723 0.00887553 1.0200e+00 -5.206e+03 130.737 0.000 
-0.00467723 0.00904143 1.0200e+00 -5.192e+03 130.633 0.000 
-0.00467723 0.00920733 1.0200e+00 -5.181e+03 130.562 0.000 
-0.00467723 0.00937323 1.0200e+00 -5.172e+03 130.505 0.000 
-0.00467723 0.00953912 1.0200e+00 -5.164e+03 130.452 0.000 
-0.00467723 0.00970502 1.0200e+00 -5.157e+03 130.415 0.000 
-0.00467723 0.00987092 1.0200e+00 -5.153e+03 130.432 0.000 
-0.00467723 0.01003682 1.0200e+00 -5.150e+03 130.439 0.000 
-0.00467723 0.01020272 1.0200e+00 -5.149e+03 130.475 0.000 
-0.00467723 0.01036861 1.0200e+00 -5.150e+03 130.527 0.000 
-0.00467723 0.01053451 1.0200e+00 -5.152e+03 130.598 0.000 
-0.00467723 0.01070041 1.0200e+00 -5.156e+03 130.691 0.000 
-0.00467723 0.01086631 1.0200e+00 -5.162e+03 130.799 0.000 
-0.00467723 0.01103221 1.0200e+00 -5.168e+03 130.924 0.000 
-0.00467723 0.01119810 1.0200e+00 -5.178e+03 131.094 0.000 
-0.00467723 0.01136400 1.0200e+00 -5.187e+03 131.247 0.000 
-0.00467723 0.01152990 1.0200e+00 -5.199e+03 131.426 0.000 
-0.00467723 0.01169580 1.0200e+00 -5.213e+03 131.615 0.000 
-0.00467723 0.01186169 1.0200e+00 -5.228e+03 131.835 0.000 
-0.00467723 0.01202759 1.0200e+00 -5.244e+03 132.068 0.000 
-0.00467723 0.01219349 1.0200e+00 -5.263e+03 132.332 0.000 
-0.00467723 0.01235939 1.0200e+00 -5.283e+03 132.604 0.000 
-0.00467723 0.01252529 1.0200e+00 -5.304e+03 132.883 0.000 
-0.00467723 0.01269118 1.0200e+00 -5.327e+03 133.181 0.000 
-0.00467723 0.01285708 1.0200e+00 -5.351e+03 133.480 0.000 
-0.00467723 0.01302298 1.0200e+00 -5.377e+03 133.803 0.000 
-0.00368184 0.01219349 1.0200e+00 -5.815e+03 139.487 0.000 
-0.00368184 0.01235939 1.0200e+00 -5.861e+03 139.992 0.000 
-0.00368184 0.01252529 1.0200e+00 -5.909e+03 140.516 0.000 
-0.00368184 0.01269118 1.0200e+00 -5.960e+03 141.046 0.000 
-0.00368184 0.01285708 1.0200e+00 -6.013e+03 141.611 0.000 
-0.00368184 0.01302298 1.0200e+00 -6.066e+03 142.162 0.000 
-0.00368184 0.01318888 1.0200e+00 -6.123e+03 142.760 0.000 
-0.00368184 0.01335477 1.0200e+00 -6.182e+03 143.359 0.000 
-0.00368184 0.01352067 1.0200e+00 -6.241e+03 143.961 0.000 
-0.00467723 0.01318888 1.0200e+00 -5.406e+03 134.176 0.000 
-0.00467723 0.01335477 1.0200e+00 -5.435e+03 134.531 0.000 
-0.00467723 0.01352067 1.0200e+00 -5.466e+03 134.926 0.000 
-0.00467723 0.01368657 1.0200e+00 -5.499e+03 135.328 0.000 
-0.00467723 0.01385247 1.0200e+00 -5.534e+03 135.750 0.000 
-0.00467723 0.01401837 1.0200e+00 -5.570e+03 136.189 0.000 
-0.00467723 0.01418426 1.0200e+00 -5.608e+03 136.640 0.000 
-0.00467723 0.01435016 1.0200e+00 -5.649e+03 137.099 0.000 
-0.00467723 0.01451606 1.0200e+00 -5.689e+03 137.562 0.000 
-0.00480165 0.00622117 1.0200e+00 -5.825e+03 136.429 0.000 
-0.00480165 0.00638707 1.0200e+00 -5.768e+03 135.891 0.000 
-0.00480165 0.00655296 1.0200e+00 -5.715e+03 135.367 0.000 
-0.00480165 0.00671886 1.0200e+00 -5.665e+03 134.863 0.000 
-0.00480165 0.00688476 1.0200e+00 -5.617e+03 134.400 0.000 
-0.00480165 0.00705066 1.0200e+00 -5.573e+03 133.963 0.000 
-0.00480165 0.00721656 1.0200e+00 -5.531e+03 133.564 0.000 
-0.00480165 0.00738245 1.0200e+00 -5.493e+03 133.206 0.000 
-0.00480165 0.00754835 1.0200e+00 -5.455e+03 132.829 0.000 
-0.00480165 0.00771425 1.0200e+00 -5.421e+03 132.521 0.000 
-0.00480165 0.00788015 1.0200e+00 -5.389e+03 132.217 0.000 
-0.00480165 0.00804604 1.0200e+00 -5.361e+03 131.955 0.000 
-0.00480165 0.00821194 1.0200e+00 -5.333e+03 131.712 0.000 
-0.00480165 0.00837784 1.0200e+00 -5.308e+03 131.487 0.000 
-0.00480165 0.00854374 1.0200e+00 -5.286e+03 131.269 0.000 
-0.00480165 0.00870964 1.0200e+00 -5.265e+03 131.099 0.000 
-0.00480165 0.00887553 1.0200e+00 -5.246e+03 130.935 0.000 
-0.00480165 0.00904143 1.0200e+00 -5.230e+03 130.793 0.000 
-0.00480165 0.00920733 1.0200e+00 -5.215e+03 130.680 0.000 
-0.00480165 0.00937323 1.0200e+00 -5.202e+03 130.593 0.000 
-0.00480165 0.00953912 1.0200e+00 -5.190e+03 130.514 0.000 
-0.00480165 0.00970502 1.0200e+00 -5.181e+03 130.460 0.000 
-0.00480165 0.00987092 1.0200e+00 -5.174e+03 130.416 0.000 
-0.00480165 0.01003682 1.0200e+00 -5.167e+03 130.391 0.000 
-0.00480165 0.01020272 1.0200e+00 -5.163e+03 130.390 0.000 
-0.00480165 0.01036861 1.0200e+00 -5.160e+03 130.413 0.000 
-0.00480165 0.01053451 1.0200e+00 -5.160e+03 130.457 0.000 
-0.00480165 0.01070041 1.0200e+00 -5.161e+03 130.522 0.000 
-0.00480165 0.01086631 1.0200e+00 -5.163e+03 130.591 0.000 
-0.00480165 0.01103221 1.0200e+00 -5.167e+03 130.676 0.000 
-0.00480165 0.01119810 1.0200e+00 -5.172e+03 130.795 0.000 
-0.00480165 0.01136400 1.0200e+00 -5.180e+03 130.924 0.000 
-0.00480165 0.01152990 1.0200e+00 -5.189e+03 131.072 0.000 
-0.00480165 0.01169580 1.0200e+00 -5.199e+03 131.230 0.000 
-0.00480165 0.01186169 1.0200e+00 -5.211e+03 131.427 0.000 
-0.00480165 0.01202759 1.0200e+00 -5.224e+03 131.617 0.000 
-0.00480165 0.01219349 1.0200e+00 -5.239e+03 131.841 0.000 
-0.00480165 0.01235939 1.0200e+00 -5.257e+03 132.095 0.000 
-0.00480165 0.01252529 1.0200e+00 -5.276e+03 132.345 0.000 
-0.00480165 0.01269118 1.0200e+00 -5.296e+03 132.628 0.000 
-0.00480165 0.01285708 1.0200e+00 -5.317e+03 132.886 0.000 
-0.00480165 0.01302298 1.0200e+00 -5.340e+03 133.195 0.000 
-0.00480165 0.01318888 1.0200e+00 -5.365e+03 133.524 0.000 
-0.00480165 0.01335477 1.0200e+00 -5.391e+03 133.863 0.000 
-0.00480165 0.01352067 1.0200e+00 -5.419e+03 134.200 0.000 
-0.00480165 0.01368657 1.0200e+00 -5.449e+03 134.581 0.000 
-0.00480165 0.01385247 1.0200e+00 -5.481e+03 134.991 0.000 
-0.00480165 0.01401837 1.0200e+00 -5.513e+03 135.380 0.000 
-0.00480165 0.01418426 1.0200e+00 -5.548e+03 135.809 0.000 
-0.00480165 0.01435016 1.0200e+00 -5.585e+03 136.232 0.000 
-0.00480165 0.01451606 1.0200e+00 -5.623e+03 136.693 0.000 
-0.00492607 0.00622117 1.0200e+00 -5.955e+03 137.490 0.000 
-0.00492607 0.00638707 1.0200e+00 -5.891e+03 136.872 0.000 
-0.00492607 0.00655296 1.0200e+00 -5.831e+03 136.287 0.000 
-0.00492607 0.00671886 1.0200e+00 -5.776e+03 135.770 0.000 
-0.00492607 0.00688476 1.0200e+00 -5.723e+03 135.243 0.000 
-0.00492607 0.00705066 1.0200e+00 -5.672e+03 134.753 0.000 
-0.00492607 0.00721656 1.0200e+00 -5.625e+03 134.293 0.000 
-0.00492607 0.00738245 1.0200e+00 -5.582e+03 133.856 0.000 
-0.00492607 0.00754835 1.0200e+00 -5.541e+03 133.508 0.000 
-0.00492607 0.00771425 1.0200e+00 -5.502e+03 133.123 0.000 
-0.00492607 0.00788015 1.0200e+00 -5.466e+03 132.757 0.000 
-0.00492607 0.00804604 1.0200e+00 -5.431e+03 132.446 0.000 
-0.00492607 0.00821194 1.0200e+00 -5.401e+03 132.172 0.000 
-0.00492607 0.00837784 1.0200e+00 -5.371e+03 131.891 0.000 
-0.00492607 0.00854374 1.0200e+00 -5.345e+03 131.665 0.000 
-0.00492607 0.00870964 1.0200e+00 -5.320e+03 131.437 0.000 
-0.00492607 0.00887553 1.0200e+00 -5.297e+03 131.235 0.000 
-0.00492607 0.00904143 1.0200e+00 -5.277e+03 131.069 0.000 
-0.00492607 0.00920733 1.0200e+00 -5.259e+03 130.917 0.000 
-0.00492607 0.00937323 1.0200e+00 -5.241e+03 130.769 0.000 
-0.00492607 0.00953912 1.0200e+00 -5.228e+03 130.669 0.000 
-0.00492607 0.00970502 1.0200e+00 -5.214e+03 130.571 0.000 
-0.00492607 0.00987092 1.0200e+00 -5.203e+03 130.499 0.000 
-0.00492607 0.01003682 1.0200e+00 -5.194e+03 130.447 0.000 
-0.00492607 0.01020272 1.0200e+00 -5.187e+03 130.410 0.000 
-0.00492607 0.01036861 1.0200e+00 -5.180e+03 130.384 0.000 
-0.00492607 0.01053451 1.0200e+00 -5.177e+03 130.410 0.000 
-0.00492607 0.01070041 1.0200e+00 -5.174e+03 130.416 0.000 
-0.00492607 0.01086631 1.0200e+00 -5.174e+03 130.472 0.000 
-0.00492607 0.01103221 1.0200e+00 -5.174e+03 130.520 0.000 
-0.00368184 0.01368657 1.0200e+00 -6.302e+03 144.568 0.000 
-0.00368184 0.01385247 1.0200e+00 -6.367e+03 145.225 0.000 
-0.00368184 0.01401837 1.0200e+00 -6.432e+03 145.874 0.000 
-0.00368184 0.01418426 1.0200e+00 -6.501e+03 146.533 0.000 
-0.00368184 0.01435016 1.0200e+00 -6.570e+03 147.186 0.000 
-0.00368184 0.01451606 1.0200e+00 -6.642e+03 147.880 0.000 
-0.00380626 0.00622117 1.0200e+00 -5.277e+03 132.332 0.000 
-0.00380626 0.00638707 1.0200e+00 -5.259e+03 132.201 0.000 
-0.00380626 0.00655296 1.0200e+00 -5.242e+03 132.017 0.000 
-0.00492607 0.01119810 1.0200e+00 -5.177e+03 130.605 0.000 
-0.00492607 0.01136400 1.0200e+00 -5.181e+03 130.696 0.000 
-0.00492607 0.01152990 1.0200e+00 -5.187e+03 130.812 0.000 
-0.00492607 0.01169580 1.0200e+00 -5.194e+03 130.949 0.000 
-0.00492607 0.01186169 1.0200e+00 -5.204e+03 131.108 0.000 
-0.00492607 0.01202759 1.0200e+00 -5.214e+03 131.261 0.000 
-0.00492607 0.01219349 1.0200e+00 -5.226e+03 131.456 0.000 
-0.00492607 0.01235939 1.0200e+00 -5.240e+03 131.663 0.000 
-0.00492607 0.01252529 1.0200e+00 -5.256e+03 131.904 0.000 
-0.00492607 0.01269118 1.0200e+00 -5.273e+03 132.128 0.000 
-0.00492607 0.01285708 1.0200e+00 -5.291e+03 132.398 0.000 
-0.00492607 0.01302298 1.0200e+00 -5.312e+03 132.671 0.000 
-0.00492607 0.01318888 1.0200e+00 -5.333e+03 132.934 0.000 
-0.00492607 0.01335477 1.0200e+00 -5.357e+03 133.252 0.000 
-0.00492607 0.01352067 1.0200e+00 -5.382e+03 133.579 0.000 
-0.00492607 0.01368657 1.0200e+00 -5.408e+03 133.913 0.000 
-0.00492607 0.01385247 1.0200e+00 -5.437e+03 134.297 0.000 
-0.00492607 0.01401837 1.0200e+00 -5.466e+03 134.643 0.000 
-0.00492607 0.01418426 1.0200e+00 -5.498e+03 135.046 0.000 
-0.00492607 0.01435016 1.0200e+00 -5.532e+03 135.452 0.000 
-0.00492607 0.01451606 1.0200e+00 -5.567e+03 135.877 0.000 
-0.00505050 0.00622117 1.0200e+00 -6.101e+03 138.666 0.000 
-0.00505050 0.00638707 1.0200e+00 -6.030e+03 137.992 0.000 
-0.00505050 0.00655296 1.0200e+00 -5.964e+03 137.351 0.000 
-0.00505050 0.00671886 1.0200e+00 -5.901e+03 136.757 0.000 
-0.00505050 0.00688476 1.0200e+00 -5.842e+03 136.186 0.000 
-0.00505050 0.00705066 1.0200e+00 -5.786e+03 135.654 0.000 
-0.00505050 0.00721656 1.0200e+00 -5.733e+03 135.146 0.000 
-0.00505050 0.00738245 1.0200e+00 -5.684e+03 134.662 0.000 
-0.00505050 0.00754835 1.0200e+00 -5.638e+03 134.225 0.000 
-0.00505050 0.00771425 1.0200e+00 -5.594e+03 133.806 0.000 
-0.00505050 0.00788015 1.0200e+00 -5.554e+03 133.455 0.000 
-0.00505050 0.00804604 1.0200e+00 -5.514e+03 133.062 0.000 
-0.00505050 0.00821194 1.0200e+00 -5.479e+03 132.724 0.000 
-0.00505050 0.00837784 1.0200e+00 -5.446e+03 132.415 0.000 
-0.00505050 0.00854374 1.0200e+00 -5.415e+03 132.144 0.000 
-0.00505050 0.00870964 1.0200e+00 -5.385e+03 131.862 0.000 
-0.00505050 0.00887553 1.0200e+00 -5.360e+03 131.649 0.000 
-0.00505050 0.00904143 1.0200e+00 -5.334e+03 131.415 0.000 
-0.00505050 0.00920733 1.0200e+00 -5.312e+03 131.229 0.000 
-0.00505050 0.00937323 1.0200e+00 -5.292e+03 131.052 0.000 
-0.00505050 0.00953912 1.0200e+00 -5.273e+03 130.899 0.000 
-0.00505050 0.00970502 1.0200e+00 -5.257e+03 130.778 0.000 
-0.00505050 0.00987092 1.0200e+00 -5.242e+03 130.659 0.000 
-0.00505050 0.01003682 1.0200e+00 -5.230e+03 130.588 0.000 
-0.00505050 0.01020272 1.0200e+00 -5.219e+03 130.510 0.000 
-0.00505050 0.01036861 1.0200e+00 -5.210e+03 130.464 0.000 
-0.00505050 0.01053451 1.0200e+00 -5.203e+03 130.435 0.000 
-0.00505050 0.01070041 1.0200e+00 -5.197e+03 130.423 0.000 
-0.00505050 0.01086631 1.0200e+00 -5.193e+03 130.418 0.000 
-0.00505050 0.01103221 1.0200e+00 -5.192e+03 130.453 0.000 
-0.00505050 0.01119810 1.0200e+00 -5.191e+03 130.493 0.000 
-0.00505050 0.01136400 1.0200e+00 -5.192e+03 130.572 0.000 
-0.00505050 0.01152990 1.0200e+00 -5.195e+03 130.654 0.000 
-0.00505050 0.01169580 1.0200e+00 -5.199e+03 130.763 0.000 
-0.00505050 0.01186169 1.0200e+00 -5.205e+03 130.869 0.000 
-0.00505050 0.01202759 1.0200e+00 -5.213e+03 131.017 0.000 
-0.00505050 0.01219349 1.0200e+00 -5.222e+03 131.168 0.000 
-0.00505050 0.01235939 1.0200e+00 -5.233e+03 131.347 0.000 
-0.00505050 0.01252529 1.0200e+00 -5.245e+03 131.520 0.000 
-0.00505050 0.01269118 1.0200e+00 -5.259e+03 131.743 0.000 
-0.00505050 0.01285708 1.0200e+00 -5.275e+03 131.957 0.000 
-0.00505050 0.01302298 1.0200e+00 -5.291e+03 132.201 0.000 
-0.00505050 0.01318888 1.0200e+00 -5.311e+03 132.490 0.000 
-0.00505050 0.01335477 1.0200e+00 -5.332e+03 132.740 0.000 
-0.00505050 0.01352067 1.0200e+00 -5.353e+03 133.034 0.000 
-0.00505050 0.01368657 1.0200e+00 -5.377e+03 133.339 0.000 
-0.00505050 0.01385247 1.0200e+00 -5.402e+03 133.670 0.000 
-0.00505050 0.01401837 1.0200e+00 -5.429e+03 134.025 0.000 
-0.00505050 0.01418426 1.0200e+00 -5.459e+03 134.404 0.000 
-0.00505050 0.01435016 1.0200e+00 -5.488e+03 134.760 0.000 
-0.00505050 0.01451606 1.0200e+00 -5.520e+03 135.163 0.000 
-0.00517492 0.00622117 1.0200e+00 -6.265e+03 139.977 0.000 
-0.00517492 0.00638707 1.0200e+00 -6.187e+03 139.254 0.000 
-0.00517492 0.00655296 1.0200e+00 -6.113e+03 138.549 0.000 
-0.00517492 0.00671886 1.0200e+00 -6.044e+03 137.889 0.000 
-0.00517492 0.00688476 1.0200e+00 -5.978e+03 137.267 0.000 
-0.00517492 0.00705066 1.0200e+00 -5.915e+03 136.685 0.000 
-0.00517492 0.00721656 1.0200e+00 -5.856e+03 136.110 0.000 
-0.00517492 0.00738245 1.0200e+00 -5.801e+03 135.609 0.000 
-0.00517492 0.00754835 1.0200e+00 -5.749e+03 135.103 0.000 
-0.00517492 0.00771425 1.0200e+00 -5.700e+03 134.644 0.000 
-0.00517492 0.00788015 1.0200e+00 -5.653e+03 134.190 0.000 
-0.00517492 0.00804604 1.0200e+00 -5.609e+03 133.749 0.000 
-0.00517492 0.00821194 1.0200e+00 -5.570e+03 133.415 0.000 
-0.00517492 0.00837784 1.0200e+00 -5.531e+03 133.038 0.000 
-0.00517492 0.00854374 1.0200e+00 -5.496e+03 132.708 0.000 
-0.00517492 0.00870964 1.0200e+00 -5.462e+03 132.393 0.000 
-0.00517492 0.00887553 1.0200e+00 -5.431e+03 132.126 0.000 
-0.00517492 0.00904143 1.0200e+00 -5.403e+03 131.870 0.000 
-0.00380626 0.00671886 1.0200e+00 -5.228e+03 131.909 0.000 
-0.00380626 0.00688476 1.0200e+00 -5.215e+03 131.805 0.000 
-0.00380626 0.00705066 1.0200e+00 -5.204e+03 131.714 0.000 
-0.00380626 0.00721656 1.0200e+00 -5.195e+03 131.646 0.000 
-0.00380626 0.00738245 1.0200e+00 -5.188e+03 131.592 0.000 
-0.00380626 0.00754835 1.0200e+00 -5.183e+03 131.554 0.000 
-0.00380626 0.00771425 1.0200e+00 -5.179e+03 131.546 0.000 
-0.00380626 0.00788015 1.0200e+00 -5.177e+03 131.558 0.000 
-0.00380626 0.00804604 1.0200e+00 -5.177e+03 131.581 0.000 
-0.00517492 0.00920733 1.0200e+00 -5.377e+03 131.657 0.000 
-0.00517492 0.00937323 1.0200e+00 -5.352e+03 131.431 0.000 
-0.00517492 0.00953912 1.0200e+00 -5.330e+03 131.245 0.000 
-0.00517492 0.00970502 1.0200e+00 -5.310e+03 131.070 0.000 
-0.00517492 0.00987092 1.0200e+00 -5.292e+03 130.931 0.000 
-0.00517492 0.01003682 1.0200e+00 -5.276e+03 130.801 0.000 
-0.00517492 0.01020272 1.0200e+00 -5.261e+03 130.700 0.000 
-0.00517492 0.01036861 1.0200e+00 -5.249e+03 130.610 0.000 
-0.00517492 0.01053451 1.0200e+00 -5.238e+03 130.549 0.000 
-0.00517492 0.01070041 1.0200e+00 -5.230e+03 130.496 0.000 
-0.00517492 0.01086631 1.0200e+00 -5.223e+03 130.480 0.000 
-0.00517492 0.01103221 1.0200e+00 -5.217e+03 130.466 0.000 
-0.00517492 0.01119810 1.0200e+00 -5.214e+03 130.483 0.000 
-0.00517492 0.01136400 1.0200e+00 -5.212e+03 130.510 0.000 
-0.00517492 0.01152990 1.0200e+00 -5.211e+03 130.584 0.000 
-0.00517492 0.01169580 1.0200e+00 -5.213e+03 130.642 0.000 
-0.00517492 0.01186169 1.0200e+00 -5.216e+03 130.721 0.000 
-0.00517492 0.01202759 1.0200e+00 -5.221e+03 130.833 0.000 
-0.00517492 0.01219349 1.0200e+00 -5.227e+03 130.958 0.000 
-0.00517492 0.01235939 1.0200e+00 -5.235e+03 131.102 0.000 
-0.00517492 0.01252529 1.0200e+00 -5.244e+03 131.253 0.000 
-0.00517492 0.01269118 1.0200e+00 -5.255e+03 131.446 0.000 
-0.00517492 0.01285708 1.0200e+00 -5.267e+03 131.627 0.000 
-0.00517492 0.01302298 1.0200e+00 -5.282e+03 131.834 0.000 
-0.00517492 0.01318888 1.0200e+00 -5.297e+03 132.065 0.000 
-0.00517492 0.01335477 1.0200e+00 -5.316e+03 132.340 0.000 
-0.00517492 0.01352067 1.0200e+00 -5.334e+03 132.585 0.000 
-0.00517492 0.01368657 1.0200e+00 -5.354e+03 132.849 0.000 
-0.00517492 0.01385247 1.0200e+00 -5.377e+03 133.144 0.000 
-0.00517492 0.01401837 1.0200e+00 -5.401e+03 133.466 0.000 
-0.00517492 0.01418426 1.0200e+00 -5.427e+03 133.810 0.000 
-0.00517492 0.01435016 1.0200e+00 -5.455e+03 134.161 0.000 
-0.00517492 0.01451606 1.0200e+00 -5.483e+03 134.530 0.000 
-0.00529934 0.00622117 1.0200e+00 -6.450e+03 141.449 0.000 
-0.00529934 0.00638707 1.0200e+00 -6.362e+03 140.639 0.000 
-0.00529934 0.00655296 1.0200e+00 -6.280e+03 139.875 0.000 
-0.00529934 0.00671886 1.0200e+00 -6.203e+03 139.162 0.000 
-0.00529934 0.00688476 1.0200e+00 -6.128e+03 138.466 0.000 
-0.00529934 0.00705066 1.0200e+00 -6.060e+03 137.813 0.000 
-0.00529934 0.00721656 1.0200e+00 -5.994e+03 137.193 0.000 
-0.00529934 0.00738245 1.0200e+00 -5.931e+03 136.603 0.000 
-0.00529934 0.00754835 1.0200e+00 -5.873e+03 136.070 0.000 
-0.00529934 0.00771425 1.0200e+00 -5.818e+03 135.549 0.000 
-0.00529934 0.00788015 1.0200e+00 -5.767e+03 135.067 0.000 
-0.00529934 0.00804604 1.0200e+00 -5.718e+03 134.606 0.000 
-0.00529934 0.00821194 1.0200e+00 -5.672e+03 134.152 0.000 
-0.00529934 0.00837784 1.0200e+00 -5.628e+03 133.742 0.000 
-0.00529934 0.00854374 1.0200e+00 -5.589e+03 133.413 0.000 
-0.00529934 0.00870964 1.0200e+00 -5.550e+03 133.030 0.000 
-0.00529934 0.00887553 1.0200e+00 -5.515e+03 132.710 0.000 
-0.00529934 0.00904143 1.0200e+00 -5.483e+03 132.423 0.000 
-0.00529934 0.00920733 1.0200e+00 -5.451e+03 132.137 0.000 
-0.00529934 0.00937323 1.0200e+00 -5.423e+03 131.895 0.000 
-0.00529934 0.00953912 1.0200e+00 -5.397e+03 131.680 0.000 
-0.00529934 0.00970502 1.0200e+00 -5.373e+03 131.476 0.000 
-0.00529934 0.00987092 1.0200e+00 -5.351e+03 131.267 0.000 
-0.00529934 0.01003682 1.0200e+00 -5.332e+03 131.133 0.000 
-0.00529934 0.01020272 1.0200e+00 -5.314e+03 130.979 0.000 
-0.00529934 0.01036861 1.0200e+00 -5.298e+03 130.867 0.000 
-0.00529934 0.01053451 1.0200e+00 -5.284e+03 130.749 0.000 
-0.00529934 0.01070041 1.0200e+00 -5.271e+03 130.672 0.000 
-0.00529934 0.01086631 1.0200e+00 -5.260e+03 130.606 0.000 
-0.00529934 0.01103221 1.0200e+00 -5.253e+03 130.569 0.000 
-0.00529934 0.01119810 1.0200e+00 -5.245e+03 130.551 0.000 
-0.00529934 0.01136400 1.0200e+00 -5.240e+03 130.547 0.000 
-0.00529934 0.01152990 1.0200e+00 -5.237e+03 130.582 0.000 
-0.00529934 0.01169580 1.0200e+00 -5.235e+03 130.600 0.000 
-0.00529934 0.01186169 1.0200e+00 -5.235e+03 130.670 0.000 
-0.00529934 0.01202759 1.0200e+00 -5.236e+03 130.731 0.000 
-0.00529934 0.01219349 1.0200e+00 -5.240e+03 130.831 0.000 
-0.00529934 0.01235939 1.0200e+00 -5.245e+03 130.932 0.000 
-0.00529934 0.01252529 1.0200e+00 -5.251e+03 131.077 0.000 
-0.00529934 0.01269118 1.0200e+00 -5.259e+03 131.205 0.000 
-0.00529934 0.01285708 1.0200e+00 -5.269e+03 131.368 0.000 
-0.00529934 0.01302298 1.0200e+00 -5.281e+03 131.566 0.000 
-0.00529934 0.01318888 1.0200e+00 -5.293e+03 131.755 0.000 
-0.00529934 0.01335477 1.0200e+00 -5.308e+03 131.970 0.000 
-0.00529934 0.01352067 1.0200e+00 -5.325e+03 132.221 0.000 
-0.00529934 0.01368657 1.0200e+00 -5.342e+03 132.479 0.000 
-0.00529934 0.01385247 1.0200e+00 -5.361e+03 132.736 0.000 
-0.00529934 0.01401837 1.0200e+00 -5.382e+03 133.016 0.000 
-0.00529934 0.01418426 1.0200e+00 -5.405e+03 133.315 0.000 
-0.00529934 0.01435016 1.0200e+00 -5.429e+03 133.627 0.000 
-0.00529934 0.01451606 1.0200e+00 -5.455e+03 133.970 0.000 
-0.00542377 0.00622117 1.0200e+00 -6.654e+03 143.048 0.000 
-0.00542377 0.00638707 1.0200e+00 -6.557e+03 142.165 0.000 
-0.00542377 0.00655296 1.0200e+00 -6.466e+03 141.323 0.000 
-0.00542377 0.00671886 1.0200e+00 -6.379e+03 140.531 0.000 
-0.00542377 0.00688476 1.0200e+00 -6.297e+03 139.770 0.000 
-0.00542377 0.00705066 1.0200e+00 -6.221e+03 139.075 0.000 
-0.00380626 0.00821194 1.0200e+00 -5.178e+03 131.643 0.000 
-0.00380626 0.00837784 1.0200e+00 -5.182e+03 131.713 0.000 
-0.00380626 0.00854374 1.0200e+00 -5.186e+03 131.828 0.000 
-0.00380626 0.00870964 1.0200e+00 -5.193e+03 131.948 0.000 
-0.00380626 0.00887553 1.0200e+00 -5.202e+03 132.068 0.000 
-0.00380626 0.00904143 1.0200e+00 -5.210e+03 132.193 0.000 
-0.00380626 0.00920733 1.0200e+00 -5.222e+03 132.381 0.000 
-0.00380626 0.00937323 1.0200e+00 -5.235e+03 132.546 0.000 
-0.00380626 0.00953912 1.0200e+00 -5.249e+03 132.718 0.000 
-0.00542377 0.00721656 1.0200e+00 -6.148e+03 138.411 0.000 
-0.00542377 0.00738245 1.0200e+00 -6.079e+03 137.758 0.000 
-0.00542377 0.00754835 1.0200e+00 -6.013e+03 137.140 0.000 
-0.00542377 0.00771425 1.0200e+00 -5.952e+03 136.573 0.000 
-0.00542377 0.00788015 1.0200e+00 -5.894e+03 136.025 0.000 
-0.00542377 0.00804604 1.0200e+00 -5.840e+03 135.535 0.000 
-0.00542377 0.00821194 1.0200e+00 -5.788e+03 135.050 0.000 
-0.00542377 0.00837784 1.0200e+00 -5.740e+03 134.617 0.000 
-0.00542377 0.00854374 1.0200e+00 -5.693e+03 134.171 0.000 
-0.00542377 0.00870964 1.0200e+00 -5.650e+03 133.755 0.000 
-0.00542377 0.00887553 1.0200e+00 -5.611e+03 133.420 0.000 
-0.00542377 0.00904143 1.0200e+00 -5.572e+03 133.050 0.000 
-0.00542377 0.00920733 1.0200e+00 -5.539e+03 132.769 0.000 
-0.00542377 0.00937323 1.0200e+00 -5.505e+03 132.456 0.000 
-0.00542377 0.00953912 1.0200e+00 -5.474e+03 132.184 0.000 
-0.00542377 0.00970502 1.0200e+00 -5.447e+03 131.944 0.000 
-0.00542377 0.00987092 1.0200e+00 -5.421e+03 131.738 0.000 
-0.00542377 0.01003682 1.0200e+00 -5.397e+03 131.533 0.000 
-0.00542377 0.01020272 1.0200e+00 -5.376e+03 131.345 0.000 
-0.00542377 0.01036861 1.0200e+00 -5.356e+03 131.177 0.000 
-0.00542377 0.01053451 1.0200e+00 -5.338e+03 131.043 0.000 
-0.00542377 0.01070041 1.0200e+00 -5.323e+03 130.941 0.000 
-0.00542377 0.01086631 1.0200e+00 -5.309e+03 130.833 0.000 
-0.00542377 0.01103221 1.0200e+00 -5.297e+03 130.766 0.000 
-0.00542377 0.01119810 1.0200e+00 -5.287e+03 130.715 0.000 
-0.00542377 0.01136400 1.0200e+00 -5.278e+03 130.677 0.000 
-0.00542377 0.01152990 1.0200e+00 -5.272e+03 130.669 0.000 
-0.00542377 0.01169580 1.0200e+00 -5.266e+03 130.656 0.000 
-0.00542377 0.01186169 1.0200e+00 -5.264e+03 130.685 0.000 
-0.00542377 0.01202759 1.0200e+00 -5.262e+03 130.715 0.000 
-0.00542377 0.01219349 1.0200e+00 -5.263e+03 130.789 0.000 
-0.00542377 0.01235939 1.0200e+00 -5.264e+03 130.863 0.000 
-0.00542377 0.01252529 1.0200e+00 -5.268e+03 130.967 0.000 
-0.00542377 0.01269118 1.0200e+00 -5.273e+03 131.088 0.000 
-0.00542377 0.01285708 1.0200e+00 -5.279e+03 131.210 0.000 
-0.00542377 0.01302298 1.0200e+00 -5.288e+03 131.361 0.000 
-0.00542377 0.01318888 1.0200e+00 -5.297e+03 131.525 0.000 
-0.00542377 0.01335477 1.0200e+00 -5.309e+03 131.710 0.000 
-0.00542377 0.01352067 1.0200e+00 -5.322e+03 131.908 0.000 
-0.00542377 0.01368657 1.0200e+00 -5.337e+03 132.138 0.000 
-0.00542377 0.01385247 1.0200e+00 -5.354e+03 132.392 0.000 
-0.00542377 0.01401837 1.0200e+00 -5.371e+03 132.626 0.000 
-0.00542377 0.01418426 1.0200e+00 -5.391e+03 132.897 0.000 
-0.00542377 0.01435016 1.0200e+00 -5.412e+03 133.167 0.000 
-0.00542377 0.01451606 1.0200e+00 -5.436e+03 133.497 0.000 
-0.00554819 0.00622117 1.0200e+00 -6.881e+03 144.792 0.000 
-0.00554819 0.00638707 1.0200e+00 -6.774e+03 143.828 0.000 
-0.00554819 0.00655296 1.0200e+00 -6.672e+03 142.918 0.000 
-0.00554819 0.00671886 1.0200e+00 -6.576e+03 142.066 0.000 
-0.00554819 0.00688476 1.0200e+00 -6.486e+03 141.243 0.000 
-0.00554819 0.00705066 1.0200e+00 -6.400e+03 140.479 0.000 
-0.00554819 0.00721656 1.0200e+00 -6.319e+03 139.738 0.000 
-0.00554819 0.00738245 1.0200e+00 -6.242e+03 139.043 0.000 
-0.00554819 0.00754835 1.0200e+00 -6.170e+03 138.383 0.000 
-0.00554819 0.00771425 1.0200e+00 -6.101e+03 137.728 0.000 
-0.00554819 0.00788015 1.0200e+00 -6.037e+03 137.146 0.000 
-0.00554819 0.00804604 1.0200e+00 -5.976e+03 136.583 0.000 
-0.00554819 0.00821194 1.0200e+00 -5.918e+03 136.032 0.000 
-0.00554819 0.00837784 1.0200e+00 -5.863e+03 135.543 0.000 
-0.00554819 0.00854374 1.0200e+00 -5.813e+03 135.087 0.000 
-0.00554819 0.00870964 1.0200e+00 -5.764e+03 134.640 0.000 
-0.00554819 0.00887553 1.0200e+00 -5.718e+03 134.210 0.000 
-0.00554819 0.00904143 1.0200e+00 -5.676e+03 133.811 0.000 
-0.00554819 0.00920733 1.0200e+00 -5.635e+03 133.450 0.000 
-0.00554819 0.00937323 1.0200e+00 -5.599e+03 133.142 0.000 
-0.00554819 0.00953912 1.0200e+00 -5.564e+03 132.816 0.000 
-0.00554819 0.00970502 1.0200e+00 -5.532e+03 132.538 0.000 
-0.00554819 0.00987092 1.0200e+00 -5.502e+03 132.261 0.000 
-0.00554819 0.01003682 1.0200e+00 -5.473e+03 132.038 0.000 
-0.00554819 0.01020272 1.0200e+00 -5.448e+03 131.821 0.000 
-0.00554819 0.01036861 1.0200e+00 -5.425e+03 131.628 0.000 
-0.00554819 0.01053451 1.0200e+00 -5.404e+03 131.457 0.000 
-0.00554819 0.01070041 1.0200e+00 -5.384e+03 131.297 0.000 
-0.00554819 0.01086631 1.0200e+00 -5.367e+03 131.154 0.000 
-0.00554819 0.01103221 1.0200e+00 -5.351e+03 131.050 0.000 
-0.00554819 0.01119810 1.0200e+00 -5.337e+03 130.953 0.000 
-0.00554819 0.01136400 1.0200e+00 -5.325e+03 130.883 0.000 
-0.00554819 0.01152990 1.0200e+00 -5.316e+03 130.837 0.000 
-0.00554819 0.01169580 1.0200e+00 -5.308e+03 130.812 0.000 
-0.00554819 0.01186169 1.0200e+00 -5.301e+03 130.801 0.000 
-0.00554819 0.01202759 1.0200e+00 -5.296e+03 130.812 0.000 
-0.00554819 0.01219349 1.0200e+00 -5.294e+03 130.848 0.000 
-0.00554819 0.01235939 1.0200e+00 -5.292e+03 130.877 0.000 
-0.00554819 0.01252529 1.0200e+00 -5.293e+03 130.967 0.000 
-0.00554819 0.01269118 1.0200e+00 -5.295e+03 131.043 0.000 
-0.00554819 0.01285708 1.0200e+00 -5.299e+03 131.148 0.000 
-0.00554819 0.01302298 1.0200e+00 -5.304e+03 131.256 0.000 
-0.00554819 0.01318888 1.0200e+00 -5.311e+03 131.388 0.000 
-0.00554819 0.01335477 1.0200e+00 -5.320e+03 131.542 0.000 
-0.00554819 0.01352067 1.0200e+00 -5.330e+03 131.703 0.000 
-0.00380626 0.00970502 1.0200e+00 -5.266e+03 132.945 0.000 
-0.00380626 0.00987092 1.0200e+00 -5.283e+03 133.175 0.000 
-0.00380626 0.01003682 1.0200e+00 -5.303e+03 133.428 0.000 
-0.00380626 0.01020272 1.0200e+00 -5.324e+03 133.709 0.000 
-0.00380626 0.01036861 1.0200e+00 -5.347e+03 134.003 0.000 
-0.00380626 0.01053451 1.0200e+00 -5.371e+03 134.317 0.000 
-0.00380626 0.01070041 1.0200e+00 -5.397e+03 134.636 0.000 
-0.00380626 0.01086631 1.0200e+00 -5.424e+03 134.979 0.000 
-0.00380626 0.01103221 1.0200e+00 -5.453e+03 135.322 0.000 
-0.00554819 0.01368657 1.0200e+00 -5.341e+03 131.890 0.000 
-0.00554819 0.01385247 1.0200e+00 -5.355e+03 132.119 0.000 
-0.00554819 0.01401837 1.0200e+00 -5.371e+03 132.349 0.000 
-0.00554819 0.01418426 1.0200e+00 -5.387e+03 132.579 0.000 
-0.00554819 0.01435016 1.0200e+00 -5.404e+03 132.822 0.000 
-0.00554819 0.01451606 1.0200e+00 -5.424e+03 133.079 0.000 
-0.00567261 0.00622117 1.0200e+00 -7.133e+03 146.688 0.000 
-0.00567261 0.00638707 1.0200e+00 -7.014e+03 145.666 0.000 
-0.00567261 0.00655296 1.0200e+00 -6.900e+03 144.654 0.000 
-0.00567261 0.00671886 1.0200e+00 -6.794e+03 143.715 0.000 
-0.00567261 0.00688476 1.0200e+00 -6.693e+03 142.817 0.000 
-0.00567261 0.00705066 1.0200e+00 -6.598e+03 141.979 0.000 
-0.00567261 0.00721656 1.0200e+00 -6.507e+03 141.178 0.000 
-0.00567261 0.00738245 1.0200e+00 -6.424e+03 140.419 0.000 
-0.00567261 0.00754835 1.0200e+00 -6.343e+03 139.688 0.000 
-0.00567261 0.00771425 1.0200e+00 -6.266e+03 139.000 0.000 
-0.00567261 0.00788015 1.0200e+00 -6.195e+03 138.352 0.000 
-0.00567261 0.00804604 1.0200e+00 -6.127e+03 137.735 0.000 
-0.00567261 0.00821194 1.0200e+00 -6.063e+03 137.140 0.000 
-0.00567261 0.00837784 1.0200e+00 -6.002e+03 136.596 0.000 
-0.00567261 0.00854374 1.0200e+00 -5.944e+03 136.059 0.000 
-0.00567261 0.00870964 1.0200e+00 -5.890e+03 135.583 0.000 
-0.00567261 0.00887553 1.0200e+00 -5.839e+03 135.121 0.000 
-0.00567261 0.00904143 1.0200e+00 -5.792e+03 134.697 0.000 
-0.00567261 0.00920733 1.0200e+00 -5.747e+03 134.274 0.000 
-0.00567261 0.00937323 1.0200e+00 -5.704e+03 133.870 0.000 
-0.00567261 0.00953912 1.0200e+00 -5.665e+03 133.535 0.000 
-0.00567261 0.00970502 1.0200e+00 -5.628e+03 133.221 0.000 
-0.00567261 0.00987092 1.0200e+00 -5.593e+03 132.905 0.000 
-0.00567261 0.01003682 1.0200e+00 -5.561e+03 132.628 0.000 
-0.00567261 0.01020272 1.0200e+00 -5.530e+03 132.349 0.000 
-0.00567261 0.01036861 1.0200e+00 -5.503e+03 132.126 0.000 
-0.00567261 0.01053451 1.0200e+00 -5.478e+03 131.922 0.000 
-0.00567261 0.01070041 1.0200e+00 -5.455e+03 131.750 0.000 
-0.00567261 0.01086631 1.0200e+00 -5.434e+03 131.573 0.000 
-0.00567261 0.01103221 1.0200e+00 -5.415e+03 131.420 0.000 
-0.00567261 0.01119810 1.0200e+00 -5.398e+03 131.298 0.000 
-0.00567261 0.01136400 1.0200e+00 -5.382e+03 131.186 0.000 
-0.00567261 0.01152990 1.0200e+00 -5.368e+03 131.109 0.000 
-0.00567261 0.01169580 1.0200e+00 -5.358e+03 131.034 0.000 
-0.00567261 0.01186169 1.0200e+00 -5.348e+03 130.998 0.000 
-0.00567261 0.01202759 1.0200e+00 -5.340e+03 130.969 0.000 
-0.00567261 0.01219349 1.0200e+00 -5.334e+03 130.957 0.000 
-0.00567261 0.01235939 1.0200e+00 -5.329e+03 130.970 0.000 
-0.00567261 0.01252529 1.0200e+00 -5.326e+03 131.006 0.000 
-0.00567261 0.01269118 1.0200e+00 -5.325e+03 131.062 0.000 
-0.00567261 0.01285708 1.0200e+00 -5.327e+03 131.135 0.000 
-0.00567261 0.01302298 1.0200e+00 -5.329e+03 131.208 0.000 
-0.00567261 0.01318888 1.0200e+00 -5.332e+03 131.317 0.000 
-0.00567261 0.01335477 1.0200e+00 -5.337e+03 131.425 0.000 
-0.00567261 0.01352067 1.0200e+00 -5.345e+03 131.588 0.000 
-0.00567261 0.01368657 1.0200e+00 -5.354e+03 131.735 0.000 
-0.00567261 0.01385247 1.0200e+00 -5.365e+03 131.910 0.000 
-0.00567261 0.01401837 1.0200e+00 -5.377e+03 132.131 0.000 
-0.00567261 0.01418426 1.0200e+00 -5.391e+03 132.322 0.000 
-0.00567261 0.01435016 1.0200e+00 -5.407e+03 132.564 0.000 
-0.00567261 0.01451606 1.0200e+00 -5.423e+03 132.791 0.000 
-0.00579704 0.00622117 1.0200e+00 -7.413e+03 148.751 0.000 
-0.00579704 0.00638707 1.0200e+00 -7.279e+03 147.605 0.000 
-0.00579704 0.00655296 1.0200e+00 -7.154e+03 146.544 0.000 
-0.00579704 0.00671886 1.0200e+00 -7.035e+03 145.524 0.000 
-0.00579704 0.00688476 1.0200e+00 -6.923e+03 144.541 0.000 
-0.00579704 0.00705066 1.0200e+00 -6.818e+03 143.637 0.000 
-0.00579704 0.00721656 1.0200e+00 -6.719e+03 142.764 0.000 
-0.00579704 0.00738245 1.0200e+00 -6.624e+03 141.943 0.000 
-0.00579704 0.00754835 1.0200e+00 -6.534e+03 141.137 0.000 
-0.00579704 0.00771425 1.0200e+00 -6.449e+03 140.387 0.000 
-0.00579704 0.00788015 1.0200e+00 -6.369e+03 139.674 0.000 
-0.00579704 0.00804604 1.0200e+00 -6.294e+03 139.003 0.000 
-0.00579704 0.00821194 1.0200e+00 -6.223e+03 138.363 0.000 
-0.00579704 0.00837784 1.0200e+00 -6.156e+03 137.746 0.000 
-0.00579704 0.00854374 1.0200e+00 -6.091e+03 137.158 0.000 
-0.00579704 0.00870964 1.0200e+00 -6.031e+03 136.623 0.000 
-0.00579704 0.00887553 1.0200e+00 -5.973e+03 136.114 0.000 
-0.00579704 0.00904143 1.0200e+00 -5.920e+03 135.624 0.000 
-0.00579704 0.00920733 1.0200e+00 -5.870e+03 135.194 0.000 
-0.00579704 0.00937323 1.0200e+00 -5.822e+03 134.770 0.000 
-0.00579704 0.00953912 1.0200e+00 -5.778e+03 134.345 0.000 
-0.00579704 0.00970502 1.0200e+00 -5.735e+03 133.974 0.000 
-0.00579704 0.00987092 1.0200e+00 -5.696e+03 133.619 0.000 
-0.00579704 0.01003682 1.0200e+00 -5.659e+03 133.291 0.000 
-0.00579704 0.01020272 1.0200e+00 -5.625e+03 133.012 0.000 
-0.00579704 0.01036861 1.0200e+00 -5.593e+03 132.740 0.000 
-0.00579704 0.01053451 1.0200e+00 -5.564e+03 132.501 0.000 
-0.00579704 0.01070041 1.0200e+00 -5.537e+03 132.262 0.000 
-0.00579704 0.01086631 1.0200e+00 -5.511e+03 132.067 0.000 
-0.00579704 0.01103221 1.0200e+00 -5.488e+03 131.872 0.000 
-0.00579704 0.01119810 1.0200e+00 -5.468e+03 131.729 0.000 
-0.00579704 0.01136400 1.0200e+00 -5.448e+03 131.587 0.000 
-0.00579704 0.01152990 1.0200e+00 -5.432e+03 131.468 0.000 
-0.00380626 0.01119810 1.0200e+00 -5.485e+03 135.701 0.000 
-0.00380626 0.01136400 1.0200e+00 -5.517e+03 136.088 0.000 
-0.00380626 0.01152990 1.0200e+00 -5.551e+03 136.490 0.000 
-0.00380626 0.01169580 1.0200e+00 -5.586e+03 136.896 0.000 
-0.00380626 0.01186169 1.0200e+00 -5.626e+03 137.337 0.000 
-0.00380626 0.01202759 1.0200e+00 -5.664e+03 137.776 0.000 
-0.00380626 0.01219349 1.0200e+00 -5.705e+03 138.256 0.000 
-0.00380626 0.01235939 1.0200e+00 -5.749e+03 138.737 0.000 
-0.00380626 0.01252529 1.0200e+00 -5.794e+03 139.240 0.000 
