0.00046561 0.00000000 1.0298e+00 -6.446e+03 145.012 0.000 
0.00046561 0.00049769 1.0306e+00 -6.423e+03 145.009 0.000 
0.00046561 0.00099539 1.0314e+00 -6.414e+03 145.009 0.000 
0.00046561 0.00149308 1.0322e+00 -6.397e+03 144.999 0.000 
0.00046561 0.00199077 1.0331e+00 -6.383e+03 144.985 0.000 
0.00046561 0.00248847 1.0340e+00 -6.371e+03 145.014 0.000 
0.00046561 0.00298616 1.0349e+00 -6.365e+03 145.011 0.000 
0.00046561 0.00348385 1.0359e+00 -6.351e+03 144.979 0.000 
0.00046561 0.00398155 1.0369e+00 -6.343e+03 144.989 0.000 
0.00046561 0.00447924 1.0379e+00 -6.336e+03 144.985 0.000 
0.00046561 0.00497693 1.0388e+00 -6.342e+03 144.976 0.000 
0.00046561 0.00547463 1.0398e+00 -6.328e+03 144.967 0.000 
0.00046561 0.00597232 1.0408e+00 -6.328e+03 144.987 0.000 
-0.01048365 0.00647002 1.0668e+00 -7.322e+03 144.994 0.000 
-0.01048365 0.00696771 1.0643e+00 -7.368e+03 145.007 0.000 
-0.01048365 0.00746540 1.0619e+00 -7.405e+03 145.005 0.000 
-0.01048365 0.00796310 1.0595e+00 -7.432e+03 144.955 0.000 
-0.01048365 0.00846079 1.0572e+00 -7.469e+03 144.990 0.000 
-0.01048365 0.00895848 1.0550e+00 -7.499e+03 145.006 0.000 
-0.01048365 0.00945618 1.0529e+00 -7.515e+03 145.006 0.000 
-0.01048365 0.00995387 1.0508e+00 -7.536e+03 144.981 0.000 
-0.01048365 0.01045156 1.0489e+00 -7.550e+03 144.956 0.000 
-0.01048365 0.01094926 1.0470e+00 -7.573e+03 144.996 0.000 
-0.01048365 0.01144695 1.0453e+00 -7.584e+03 144.971 0.000 
-0.01048365 0.01194464 1.0436e+00 -7.595e+03 144.973 0.000 
-0.01048365 0.01244234 1.0421e+00 -7.597e+03 144.992 0.000 
-0.01048365 0.01294003 1.0406e+00 -7.592e+03 144.987 0.000 
-0.01048365 0.01343772 1.0393e+00 -7.582e+03 144.977 0.000 
-0.01048365 0.01393542 1.0381e+00 -7.565e+03 144.979 0.000 
-0.01048365 0.01443311 1.0370e+00 -7.539e+03 144.976 0.000 
-0.01048365 0.01493080 1.0360e+00 -7.509e+03 144.986 0.000 
-0.01048365 0.01542850 1.0351e+00 -7.478e+03 144.975 0.000 
-0.01048365 0.01592619 1.0343e+00 -7.448e+03 144.981 0.000 
-0.01048365 0.01642388 1.0335e+00 -7.416e+03 144.988 0.000 
-0.01048365 0.01692158 1.0329e+00 -7.381e+03 144.991 0.000 
-0.01048365 0.01741927 1.0323e+00 -7.343e+03 144.979 0.000 
-0.01048365 0.01791697 1.0319e+00 -7.303e+03 144.976 0.000 
-0.01048365 0.01841466 1.0315e+00 -7.267e+03 144.999 0.000 
-0.01048365 0.01891235 1.0312e+00 -7.225e+03 144.992 0.000 
-0.01081545 0.00000000 1.1046e+00 -6.368e+03 144.999 0.000 
-0.01081545 0.00049769 1.1025e+00 -6.433e+03 144.985 0.000 
-0.01081545 0.00099539 1.1002e+00 -6.494e+03 144.972 0.000 
-0.01081545 0.00149308 1.0978e+00 -6.555e+03 144.975 0.000 
-0.01081545 0.00199077 1.0953e+00 -6.640e+03 144.973 0.000 
-0.01081545 0.00248847 1.0926e+00 -6.724e+03 144.993 0.000 
-0.01081545 0.00298616 1.0899e+00 -6.817e+03 144.978 0.000 
-0.01081545 0.00348385 1.0870e+00 -6.936e+03 144.969 0.000 
-0.01081545 0.00398155 1.0842e+00 -7.038e+03 145.003 0.000 
-0.01081545 0.00447924 1.0815e+00 -7.098e+03 144.958 0.000 
-0.01081545 0.00497693 1.0787e+00 -7.171e+03 144.971 0.000 
-0.01081545 0.00547463 1.0760e+00 -7.239e+03 144.985 0.000 
-0.01081545 0.00597232 1.0733e+00 -7.292e+03 144.984 0.000 
-0.01081545 0.00647002 1.0707e+00 -7.349e+03 144.975 0.000 
-0.01081545 0.00696771 1.0681e+00 -7.400e+03 144.982 0.000 
-0.01081545 0.00746540 1.0655e+00 -7.443e+03 144.994 0.000 
-0.01081545 0.00796310 1.0631e+00 -7.485e+03 144.985 0.000 
-0.01081545 0.00846079 1.0607e+00 -7.509e+03 144.983 0.000 
-0.01081545 0.00895848 1.0584e+00 -7.547e+03 144.971 0.000 
-0.01081545 0.00945618 1.0562e+00 -7.565e+03 144.979 0.000 
-0.01081545 0.00995387 1.0542e+00 -7.570e+03 144.967 0.000 
-0.01081545 0.01045156 1.0521e+00 -7.586e+03 144.964 0.000 
-0.01081545 0.01094926 1.0502e+00 -7.608e+03 145.005 0.000 
-0.01081545 0.01144695 1.0484e+00 -7.614e+03 144.979 0.000 
-0.01081545 0.01194464 1.0466e+00 -7.623e+03 145.006 0.000 
-0.01081545 0.01244234 1.0449e+00 -7.631e+03 144.978 0.000 
-0.01081545 0.01294003 1.0434e+00 -7.640e+03 144.991 0.000 
-0.01081545 0.01343772 1.0419e+00 -7.638e+03 144.980 0.000 
-0.01081545 0.01393542 1.0406e+00 -7.622e+03 144.995 0.000 
-0.01081545 0.01443311 1.0393e+00 -7.607e+03 144.989 0.000 
-0.01081545 0.01493080 1.0382e+00 -7.583e+03 144.999 0.000 
-0.01081545 0.01542850 1.0372e+00 -7.552e+03 144.990 0.000 
-0.01081545 0.01592619 1.0364e+00 -7.510e+03 144.971 0.000 
-0.01081545 0.01642388 1.0355e+00 -7.486e+03 144.981 0.000 
-0.01081545 0.01692158 1.0348e+00 -7.449e+03 144.985 0.000 
-0.01081545 0.01741927 1.0341e+00 -7.413e+03 144.981 0.000 
-0.01081545 0.01791697 1.0335e+00 -7.372e+03 144.985 0.000 
-0.01081545 0.01841466 1.0330e+00 -7.335e+03 144.997 0.000 
-0.01081545 0.01891235 1.0327e+00 -7.295e+03 144.972 0.000 
-0.01114724 0.00000000 1.1086e+00 -6.372e+03 145.005 0.000 
-0.01114724 0.00049769 1.1066e+00 -6.434e+03 144.979 0.000 
-0.01114724 0.00099539 1.1043e+00 -6.504e+03 144.982 0.000 
-0.01114724 0.00149308 1.1019e+00 -6.577e+03 144.988 0.000 
-0.01114724 0.00199077 1.0994e+00 -6.642e+03 144.982 0.000 
-0.01114724 0.00248847 1.0968e+00 -6.712e+03 144.979 0.000 
-0.01114724 0.00298616 1.0941e+00 -6.807e+03 144.981 0.000 
-0.01114724 0.00348385 1.0913e+00 -6.902e+03 144.995 0.000 
-0.01114724 0.00398155 1.0885e+00 -6.996e+03 144.976 0.000 
-0.01114724 0.00447924 1.0856e+00 -7.085e+03 144.967 0.000 
-0.01114724 0.00497693 1.0828e+00 -7.167e+03 144.987 0.000 
-0.01114724 0.00547463 1.0800e+00 -7.237e+03 144.980 0.000 
-0.01114724 0.00597232 1.0772e+00 -7.308e+03 144.998 0.000 
-0.01114724 0.00647002 1.0745e+00 -7.364e+03 144.970 0.000 
-0.01114724 0.00696771 1.0718e+00 -7.420e+03 144.952 0.000 
-0.01114724 0.00746540 1.0692e+00 -7.470e+03 145.001 0.000 
-0.01114724 0.00796310 1.0667e+00 -7.508e+03 144.987 0.000 
-0.01114724 0.00846079 1.0643e+00 -7.549e+03 144.972 0.000 
-0.01114724 0.00895848 1.0619e+00 -7.591e+03 144.991 0.000 
-0.01114724 0.00945618 1.0596e+00 -7.603e+03 144.966 0.000 
-0.01114724 0.00995387 1.0574e+00 -7.625e+03 144.998 0.000 
-0.01114724 0.01045156 1.0553e+00 -7.642e+03 144.983 0.000 
-0.01114724 0.01094926 1.0533e+00 -7.651e+03 144.997 0.000 
-0.01114724 0.01144695 1.0514e+00 -7.660e+03 145.000 0.000 
-0.01114724 0.01194464 1.0496e+00 -7.659e+03 144.961 0.000 
-0.01114724 0.01244234 1.0479e+00 -7.667e+03 144.984 0.000 
-0.01114724 0.01294003 1.0462e+00 -7.665e+03 144.973 0.000 
-0.01114724 0.01343772 1.0446e+00 -7.677e+03 144.990 0.000 
-0.01114724 0.01393542 1.0432e+00 -7.669e+03 144.983 0.000 
-0.01114724 0.01443311 1.0418e+00 -7.658e+03 144.974 0.000 
-0.01114724 0.01493080 1.0406e+00 -7.636e+03 144.982 0.000 
-0.01114724 0.01542850 1.0395e+00 -7.612e+03 144.989 0.000 
-0.01114724 0.01592619 1.0385e+00 -7.582e+03 145.000 0.000 
-0.01114724 0.01642388 1.0376e+00 -7.547e+03 144.995 0.000 
-0.01114724 0.01692158 1.0368e+00 -7.512e+03 144.990 0.000 
-0.01114724 0.01741927 1.0360e+00 -7.475e+03 144.967 0.000 
-0.01114724 0.01791697 1.0354e+00 -7.437e+03 144.991 0.000 
-0.01114724 0.01841466 1.0348e+00 -7.393e+03 144.983 0.000 
-0.01114724 0.01891235 1.0343e+00 -7.352e+03 144.967 0.000 
-0.01147904 0.00000000 1.1125e+00 -6.385e+03 145.010 0.000 
-0.01147904 0.00049769 1.1105e+00 -6.424e+03 144.978 0.000 
-0.01147904 0.00099539 1.1083e+00 -6.500e+03 145.004 0.000 
-0.01147904 0.00149308 1.1059e+00 -6.580e+03 145.012 0.000 
-0.01147904 0.00199077 1.1034e+00 -6.664e+03 144.953 0.000 
-0.01147904 0.00248847 1.1008e+00 -6.744e+03 144.964 0.000 
-0.01147904 0.00298616 1.0981e+00 -6.821e+03 145.008 0.000 
-0.01147904 0.00348385 1.0954e+00 -6.900e+03 144.978 0.000 
-0.01147904 0.00398155 1.0925e+00 -6.991e+03 144.982 0.000 
-0.01147904 0.00447924 1.0897e+00 -7.073e+03 144.968 0.000 
-0.01147904 0.00497693 1.0869e+00 -7.154e+03 144.992 0.000 
-0.01147904 0.00547463 1.0840e+00 -7.235e+03 144.993 0.000 
-0.01147904 0.00597232 1.0812e+00 -7.301e+03 144.979 0.000 
-0.01147904 0.00647002 1.0784e+00 -7.367e+03 144.965 0.000 
-0.01147904 0.00696771 1.0757e+00 -7.434e+03 144.993 0.000 
-0.01147904 0.00746540 1.0730e+00 -7.472e+03 144.985 0.000 
-0.01147904 0.00796310 1.0704e+00 -7.532e+03 144.983 0.000 
-0.01147904 0.00846079 1.0679e+00 -7.569e+03 145.003 0.000 
-0.01147904 0.00895848 1.0654e+00 -7.603e+03 144.994 0.000 
-0.01147904 0.00945618 1.0631e+00 -7.630e+03 144.990 0.000 
-0.01147904 0.00995387 1.0608e+00 -7.657e+03 144.985 0.000 
-0.01147904 0.01045156 1.0586e+00 -7.682e+03 144.988 0.000 
-0.01147904 0.01094926 1.0565e+00 -7.689e+03 144.964 0.000 
-0.01147904 0.01144695 1.0545e+00 -7.698e+03 144.989 0.000 
-0.01147904 0.01194464 1.0526e+00 -7.704e+03 144.973 0.000 
-0.01147904 0.01244234 1.0508e+00 -7.704e+03 144.959 0.000 
-0.00052978 0.00647002 1.0339e+00 -6.276e+03 145.004 0.000 
-0.00052978 0.00696771 1.0347e+00 -6.277e+03 144.990 0.000 
-0.00052978 0.00746540 1.0356e+00 -6.276e+03 144.973 0.000 
-0.00052978 0.00796310 1.0365e+00 -6.281e+03 144.987 0.000 
-0.00052978 0.00846079 1.0374e+00 -6.282e+03 144.994 0.000 
-0.00052978 0.00895848 1.0384e+00 -6.269e+03 145.002 0.000 
-0.00052978 0.00945618 1.0395e+00 -6.254e+03 144.996 0.000 
-0.00052978 0.00995387 1.0405e+00 -6.250e+03 144.976 0.000 
-0.00052978 0.01045156 1.0415e+00 -6.243e+03 144.990 0.000 
-0.00052978 0.01094926 1.0424e+00 -6.246e+03 144.988 0.000 
-0.00052978 0.01144695 1.0434e+00 -6.253e+03 145.009 0.000 
-0.00052978 0.01194464 1.0445e+00 -6.252e+03 144.983 0.000 
-0.00052978 0.01244234 1.0455e+00 -6.254e+03 145.000 0.000 
-0.01147904 0.01294003 1.0491e+00 -7.708e+03 144.973 0.000 
-0.01147904 0.01343772 1.0475e+00 -7.710e+03 144.993 0.000 
-0.01147904 0.01393542 1.0459e+00 -7.704e+03 144.974 0.000 
-0.01147904 0.01443311 1.0445e+00 -7.702e+03 144.999 0.000 
-0.01147904 0.01493080 1.0431e+00 -7.689e+03 144.982 0.000 
-0.01147904 0.01542850 1.0419e+00 -7.674e+03 144.970 0.000 
-0.01147904 0.01592619 1.0408e+00 -7.644e+03 144.975 0.000 
-0.01147904 0.01642388 1.0398e+00 -7.613e+03 144.985 0.000 
-0.01147904 0.01692158 1.0389e+00 -7.568e+03 144.978 0.000 
-0.01147904 0.01741927 1.0381e+00 -7.535e+03 144.988 0.000 
-0.01147904 0.01791697 1.0373e+00 -7.493e+03 144.963 0.000 
-0.01147904 0.01841466 1.0367e+00 -7.453e+03 144.981 0.000 
-0.01147904 0.01891235 1.0361e+00 -7.415e+03 144.985 0.000 
-0.01181083 0.00000000 1.1163e+00 -6.369e+03 145.018 0.000 
-0.01181083 0.00049769 1.1143e+00 -6.417e+03 144.983 0.000 
-0.01181083 0.00099539 1.1122e+00 -6.477e+03 144.982 0.000 
-0.01181083 0.00149308 1.1099e+00 -6.549e+03 144.979 0.000 
-0.01181083 0.00199077 1.1074e+00 -6.649e+03 145.006 0.000 
-0.01181083 0.00248847 1.1048e+00 -6.739e+03 145.013 0.000 
-0.01181083 0.00298616 1.1021e+00 -6.819e+03 144.997 0.000 
-0.01181083 0.00348385 1.0993e+00 -6.909e+03 144.978 0.000 
-0.01181083 0.00398155 1.0965e+00 -6.991e+03 144.962 0.000 
-0.01181083 0.00447924 1.0937e+00 -7.064e+03 144.963 0.000 
-0.01181083 0.00497693 1.0908e+00 -7.148e+03 144.973 0.000 
-0.01181083 0.00547463 1.0880e+00 -7.231e+03 144.982 0.000 
-0.01181083 0.00597232 1.0851e+00 -7.309e+03 144.998 0.000 
-0.01181083 0.00647002 1.0823e+00 -7.379e+03 144.978 0.000 
-0.01181083 0.00696771 1.0795e+00 -7.435e+03 144.984 0.000 
-0.01181083 0.00746540 1.0768e+00 -7.494e+03 144.987 0.000 
-0.01181083 0.00796310 1.0741e+00 -7.533e+03 144.999 0.000 
-0.01181083 0.00846079 1.0715e+00 -7.582e+03 144.979 0.000 
-0.01181083 0.00895848 1.0691e+00 -7.606e+03 144.974 0.000 
-0.01181083 0.00945618 1.0666e+00 -7.637e+03 144.989 0.000 
-0.01181083 0.00995387 1.0643e+00 -7.662e+03 144.985 0.000 
-0.01181083 0.01045156 1.0621e+00 -7.682e+03 144.969 0.000 
-0.01181083 0.01094926 1.0598e+00 -7.711e+03 144.982 0.000 
-0.01181083 0.01144695 1.0578e+00 -7.722e+03 144.964 0.000 
-0.01181083 0.01194464 1.0557e+00 -7.734e+03 144.975 0.000 
-0.01181083 0.01244234 1.0539e+00 -7.734e+03 144.993 0.000 
-0.01181083 0.01294003 1.0520e+00 -7.749e+03 145.004 0.000 
-0.01181083 0.01343772 1.0504e+00 -7.739e+03 144.982 0.000 
-0.01181083 0.01393542 1.0487e+00 -7.743e+03 144.998 0.000 
-0.01181083 0.01443311 1.0472e+00 -7.740e+03 144.997 0.000 
-0.01181083 0.01493080 1.0457e+00 -7.729e+03 144.990 0.000 
-0.01181083 0.01542850 1.0444e+00 -7.712e+03 144.989 0.000 
-0.01181083 0.01592619 1.0432e+00 -7.692e+03 144.973 0.000 
-0.01181083 0.01642388 1.0420e+00 -7.670e+03 144.995 0.000 
-0.01181083 0.01692158 1.0411e+00 -7.634e+03 144.986 0.000 
-0.01181083 0.01741927 1.0402e+00 -7.597e+03 144.965 0.000 
-0.01181083 0.01791697 1.0394e+00 -7.557e+03 144.996 0.000 
-0.01181083 0.01841466 1.0387e+00 -7.512e+03 144.980 0.000 
-0.01181083 0.01891235 1.0380e+00 -7.470e+03 144.986 0.000 
-0.00052978 0.01294003 1.0466e+00 -6.252e+03 144.973 0.000 
-0.00052978 0.01343772 1.0476e+00 -6.250e+03 144.971 0.000 
-0.00052978 0.01393542 1.0486e+00 -6.252e+03 144.975 0.000 
-0.00052978 0.01443311 1.0496e+00 -6.256e+03 144.998 0.000 
-0.00052978 0.01493080 1.0506e+00 -6.257e+03 144.997 0.000 
-0.00052978 0.01542850 1.0516e+00 -6.262e+03 145.001 0.000 
-0.00052978 0.01592619 1.0527e+00 -6.258e+03 144.963 0.000 
-0.00052978 0.01642388 1.0537e+00 -6.256e+03 144.984 0.000 
-0.00052978 0.01692158 1.0547e+00 -6.254e+03 144.982 0.000 
-0.00052978 0.01741927 1.0557e+00 -6.253e+03 144.993 0.000 
-0.00052978 0.01791697 1.0566e+00 -6.256e+03 144.993 0.000 
-0.00052978 0.01841466 1.0576e+00 -6.260e+03 144.971 0.000 
-0.00052978 0.01891235 1.0585e+00 -6.273e+03 144.990 0.000 
-0.00086158 0.00000000 1.0247e+00 -6.383e+03 144.999 0.000 
-0.00086158 0.00049769 1.0249e+00 -6.372e+03 145.013 0.000 
-0.00086158 0.00099539 1.0251e+00 -6.365e+03 145.008 0.000 
-0.00086158 0.00149308 1.0255e+00 -6.351e+03 144.970 0.000 
-0.00086158 0.00199077 1.0258e+00 -6.342e+03 144.995 0.000 
-0.00086158 0.00248847 1.0263e+00 -6.338e+03 145.004 0.000 
-0.00086158 0.00298616 1.0267e+00 -6.331e+03 144.999 0.000 
-0.00086158 0.00348385 1.0273e+00 -6.323e+03 144.992 0.000 
-0.00086158 0.00398155 1.0278e+00 -6.322e+03 145.008 0.000 
-0.00086158 0.00447924 1.0285e+00 -6.312e+03 144.986 0.000 
-0.00086158 0.00497693 1.0291e+00 -6.303e+03 144.984 0.000 
-0.00086158 0.00547463 1.0299e+00 -6.295e+03 144.993 0.000 
-0.00086158 0.00597232 1.0306e+00 -6.292e+03 144.999 0.000 
-0.00086158 0.00647002 1.0315e+00 -6.271e+03 145.010 0.000 
-0.00086158 0.00696771 1.0323e+00 -6.264e+03 145.007 0.000 
-0.00086158 0.00746540 1.0331e+00 -6.264e+03 144.984 0.000 
-0.00086158 0.00796310 1.0339e+00 -6.262e+03 144.978 0.000 
-0.00086158 0.00846079 1.0348e+00 -6.266e+03 144.991 0.000 
-0.00086158 0.00895848 1.0357e+00 -6.274e+03 144.980 0.000 
-0.00086158 0.00945618 1.0367e+00 -6.256e+03 144.983 0.000 
-0.00086158 0.00995387 1.0377e+00 -6.243e+03 144.988 0.000 
-0.00086158 0.01045156 1.0387e+00 -6.238e+03 145.002 0.000 
-0.00086158 0.01094926 1.0396e+00 -6.231e+03 144.982 0.000 
-0.00086158 0.01144695 1.0406e+00 -6.230e+03 144.987 0.000 
-0.00086158 0.01194464 1.0416e+00 -6.235e+03 144.985 0.000 
-0.00086158 0.01244234 1.0426e+00 -6.239e+03 144.970 0.000 
-0.00086158 0.01294003 1.0437e+00 -6.239e+03 144.972 0.000 
-0.00086158 0.01343772 1.0447e+00 -6.244e+03 144.999 0.000 
-0.00086158 0.01393542 1.0457e+00 -6.236e+03 144.970 0.000 
-0.00086158 0.01443311 1.0468e+00 -6.231e+03 144.995 0.000 
-0.00086158 0.01493080 1.0478e+00 -6.234e+03 144.981 0.000 
-0.00086158 0.01542850 1.0488e+00 -6.236e+03 144.992 0.000 
-0.00086158 0.01592619 1.0498e+00 -6.239e+03 144.984 0.000 
-0.00086158 0.01642388 1.0508e+00 -6.242e+03 144.982 0.000 
-0.00086158 0.01692158 1.0519e+00 -6.239e+03 144.972 0.000 
-0.00086158 0.01741927 1.0529e+00 -6.233e+03 144.994 0.000 
-0.00086158 0.01791697 1.0539e+00 -6.231e+03 144.995 0.000 
-0.00086158 0.01841466 1.0549e+00 -6.227e+03 144.984 0.000 
-0.00086158 0.01891235 1.0558e+00 -6.231e+03 144.997 0.000 
-0.00119337 0.00000000 1.0239e+00 -6.394e+03 145.005 0.000 
-0.00119337 0.00049769 1.0240e+00 -6.380e+03 144.981 0.000 
-0.00119337 0.00099539 1.0242e+00 -6.367e+03 144.982 0.000 
-0.00119337 0.00149308 1.0244e+00 -6.355e+03 144.977 0.000 
-0.00119337 0.00199077 1.0246e+00 -6.345e+03 144.971 0.000 
-0.00119337 0.00248847 1.0249e+00 -6.338e+03 145.008 0.000 
-0.00119337 0.00298616 1.0253e+00 -6.325e+03 145.007 0.000 
-0.00119337 0.00348385 1.0257e+00 -6.318e+03 144.981 0.000 
-0.00119337 0.00398155 1.0262e+00 -6.311e+03 144.991 0.000 
-0.00119337 0.00447924 1.0267e+00 -6.308e+03 145.010 0.000 
-0.00119337 0.00497693 1.0272e+00 -6.305e+03 144.995 0.000 
-0.00119337 0.00547463 1.0278e+00 -6.298e+03 144.988 0.000 
-0.00119337 0.00597232 1.0285e+00 -6.292e+03 145.002 0.000 
-0.00119337 0.00647002 1.0292e+00 -6.282e+03 144.985 0.000 
-0.00119337 0.00696771 1.0300e+00 -6.271e+03 144.987 0.000 
-0.00119337 0.00746540 1.0308e+00 -6.260e+03 145.005 0.000 
-0.00119337 0.00796310 1.0316e+00 -6.250e+03 144.965 0.000 
-0.00119337 0.00846079 1.0324e+00 -6.254e+03 145.009 0.000 
-0.00119337 0.00895848 1.0332e+00 -6.250e+03 144.978 0.000 
-0.00119337 0.00945618 1.0341e+00 -6.257e+03 144.978 0.000 
-0.00119337 0.00995387 1.0350e+00 -6.244e+03 144.971 0.000 
-0.00119337 0.01045156 1.0360e+00 -6.232e+03 145.000 0.000 
-0.00119337 0.01094926 1.0370e+00 -6.221e+03 144.975 0.000 
-0.00119337 0.01144695 1.0379e+00 -6.217e+03 144.981 0.000 
-0.00119337 0.01194464 1.0389e+00 -6.214e+03 144.996 0.000 
-0.00119337 0.01244234 1.0399e+00 -6.219e+03 145.006 0.000 
-0.00119337 0.01294003 1.0409e+00 -6.226e+03 144.997 0.000 
-0.00119337 0.01343772 1.0419e+00 -6.235e+03 145.004 0.000 
-0.00119337 0.01393542 1.0429e+00 -6.231e+03 144.995 0.000 
-0.00119337 0.01443311 1.0440e+00 -6.227e+03 144.970 0.000 
-0.00119337 0.01493080 1.0450e+00 -6.223e+03 144.994 0.000 
-0.00119337 0.01542850 1.0460e+00 -6.222e+03 144.993 0.000 
-0.00119337 0.01592619 1.0470e+00 -6.220e+03 144.968 0.000 
-0.00119337 0.01642388 1.0480e+00 -6.226e+03 144.984 0.000 
-0.00119337 0.01692158 1.0491e+00 -6.225e+03 144.985 0.000 
-0.00119337 0.01741927 1.0501e+00 -6.227e+03 145.002 0.000 
-0.00119337 0.01791697 1.0511e+00 -6.220e+03 144.980 0.000 
-0.00119337 0.01841466 1.0522e+00 -6.214e+03 144.996 0.000 
-0.00119337 0.01891235 1.0532e+00 -6.210e+03 144.991 0.000 
-0.00152517 0.00000000 1.0235e+00 -6.383e+03 144.984 0.000 
-0.00152517 0.00049769 1.0234e+00 -6.383e+03 144.983 0.000 
-0.00152517 0.00099539 1.0234e+00 -6.381e+03 144.969 0.000 
-0.00152517 0.00149308 1.0235e+00 -6.374e+03 145.008 0.000 
-0.00152517 0.00199077 1.0236e+00 -6.359e+03 144.987 0.000 
-0.00152517 0.00248847 1.0238e+00 -6.343e+03 144.960 0.000 
-0.00152517 0.00298616 1.0240e+00 -6.353e+03 145.005 0.000 
-0.00152517 0.00348385 1.0243e+00 -6.327e+03 145.031 0.000 
-0.00152517 0.00398155 1.0247e+00 -6.311e+03 145.003 0.000 
-0.00152517 0.00447924 1.0251e+00 -6.304e+03 144.997 0.000 
-0.00152517 0.00497693 1.0256e+00 -6.302e+03 144.982 0.000 
-0.00152517 0.00547463 1.0261e+00 -6.299e+03 144.998 0.000 
-0.00152517 0.00597232 1.0266e+00 -6.294e+03 144.977 0.000 
-0.00152517 0.00647002 1.0272e+00 -6.292e+03 144.996 0.000 
-0.00152517 0.00696771 1.0279e+00 -6.285e+03 144.981 0.000 
-0.00152517 0.00746540 1.0287e+00 -6.271e+03 144.999 0.000 
-0.00152517 0.00796310 1.0294e+00 -6.256e+03 144.987 0.000 
-0.00152517 0.00846079 1.0302e+00 -6.247e+03 144.996 0.000 
-0.00152517 0.00895848 1.0310e+00 -6.236e+03 144.979 0.000 
-0.00152517 0.00945618 1.0318e+00 -6.241e+03 145.006 0.000 
-0.00152517 0.00995387 1.0326e+00 -6.241e+03 144.997 0.000 
-0.00152517 0.01045156 1.0335e+00 -6.244e+03 144.989 0.000 
-0.00152517 0.01094926 1.0345e+00 -6.222e+03 144.984 0.000 
-0.00152517 0.01144695 1.0354e+00 -6.211e+03 144.995 0.000 
-0.00152517 0.01194464 1.0364e+00 -6.201e+03 144.967 0.000 
-0.00152517 0.01244234 1.0373e+00 -6.199e+03 144.998 0.000 
0.00046561 0.00647002 1.0419e+00 -6.322e+03 144.980 0.000 
0.00046561 0.00696771 1.0429e+00 -6.318e+03 144.987 0.000 
0.00046561 0.00746540 1.0440e+00 -6.307e+03 144.963 0.000 
0.00046561 0.00796310 1.0451e+00 -6.300e+03 144.967 0.000 
0.00046561 0.00846079 1.0461e+00 -6.302e+03 144.965 0.000 
0.00046561 0.00895848 1.0471e+00 -6.307e+03 145.003 0.000 
0.00046561 0.00945618 1.0481e+00 -6.307e+03 144.968 0.000 
0.00046561 0.00995387 1.0492e+00 -6.307e+03 145.003 0.000 
0.00046561 0.01045156 1.0503e+00 -6.301e+03 144.969 0.000 
0.00046561 0.01094926 1.0513e+00 -6.304e+03 144.989 0.000 
0.00046561 0.01144695 1.0524e+00 -6.302e+03 144.979 0.000 
0.00046561 0.01194464 1.0534e+00 -6.305e+03 144.978 0.000 
0.00046561 0.01244234 1.0544e+00 -6.315e+03 145.004 0.000 
-0.00152517 0.01294003 1.0383e+00 -6.201e+03 145.002 0.000 
-0.00152517 0.01343772 1.0393e+00 -6.208e+03 144.998 0.000 
-0.00152517 0.01393542 1.0403e+00 -6.216e+03 144.989 0.000 
-0.00152517 0.01443311 1.0413e+00 -6.218e+03 144.970 0.000 
-0.00152517 0.01493080 1.0423e+00 -6.216e+03 144.991 0.000 
-0.00152517 0.01542850 1.0433e+00 -6.213e+03 144.998 0.000 
-0.00152517 0.01592619 1.0444e+00 -6.207e+03 145.000 0.000 
-0.00152517 0.01642388 1.0454e+00 -6.200e+03 144.964 0.000 
-0.00152517 0.01692158 1.0464e+00 -6.208e+03 144.980 0.000 
-0.00152517 0.01741927 1.0474e+00 -6.214e+03 144.994 0.000 
-0.00152517 0.01791697 1.0484e+00 -6.214e+03 144.981 0.000 
-0.00152517 0.01841466 1.0495e+00 -6.211e+03 144.993 0.000 
-0.00152517 0.01891235 1.0505e+00 -6.202e+03 144.963 0.000 
-0.00185696 0.00000000 1.0233e+00 -6.378e+03 144.992 0.000 
-0.00185696 0.00049769 1.0231e+00 -6.373e+03 144.975 0.000 
-0.00185696 0.00099539 1.0230e+00 -6.377e+03 144.981 0.000 
-0.00185696 0.00149308 1.0229e+00 -6.374e+03 145.005 0.000 
-0.00185696 0.00199077 1.0228e+00 -6.376e+03 144.964 0.000 
-0.00185696 0.00248847 1.0228e+00 -6.379e+03 144.981 0.000 
-0.00185696 0.00298616 1.0230e+00 -6.366e+03 144.994 0.000 
-0.00185696 0.00348385 1.0232e+00 -6.346e+03 144.987 0.000 
-0.00185696 0.00398155 1.0235e+00 -6.328e+03 144.983 0.000 
-0.00185696 0.00447924 1.0238e+00 -6.306e+03 144.951 0.000 
-0.00185696 0.00497693 1.0241e+00 -6.307e+03 144.995 0.000 
-0.00185696 0.00547463 1.0245e+00 -6.301e+03 144.995 0.000 
-0.00185696 0.00597232 1.0250e+00 -6.298e+03 145.010 0.000 
-0.00185696 0.00647002 1.0255e+00 -6.295e+03 144.989 0.000 
-0.00185696 0.00696771 1.0260e+00 -6.298e+03 144.992 0.000 
-0.00185696 0.00746540 1.0267e+00 -6.291e+03 144.981 0.000 
-0.00185696 0.00796310 1.0273e+00 -6.281e+03 144.994 0.000 
-0.00185696 0.00846079 1.0281e+00 -6.253e+03 144.973 0.000 
-0.00185696 0.00895848 1.0288e+00 -6.244e+03 144.984 0.000 
-0.00185696 0.00945618 1.0296e+00 -6.230e+03 145.003 0.000 
-0.00185696 0.00995387 1.0304e+00 -6.231e+03 144.996 0.000 
-0.00185696 0.01045156 1.0312e+00 -6.230e+03 144.982 0.000 
-0.00185696 0.01094926 1.0321e+00 -6.229e+03 144.993 0.000 
-0.00185696 0.01144695 1.0330e+00 -6.230e+03 144.987 0.000 
-0.00185696 0.01194464 1.0340e+00 -6.203e+03 144.984 0.000 
-0.00185696 0.01244234 1.0349e+00 -6.194e+03 144.966 0.000 
-0.00185696 0.01294003 1.0358e+00 -6.188e+03 144.974 0.000 
-0.00185696 0.01343772 1.0368e+00 -6.193e+03 145.005 0.000 
-0.00185696 0.01393542 1.0378e+00 -6.194e+03 145.007 0.000 
-0.00185696 0.01443311 1.0387e+00 -6.209e+03 145.005 0.000 
-0.00185696 0.01493080 1.0397e+00 -6.208e+03 144.988 0.000 
-0.00185696 0.01542850 1.0407e+00 -6.206e+03 144.996 0.000 
-0.00185696 0.01592619 1.0418e+00 -6.197e+03 144.991 0.000 
-0.00185696 0.01642388 1.0428e+00 -6.193e+03 144.985 0.000 
-0.00185696 0.01692158 1.0438e+00 -6.189e+03 144.963 0.000 
-0.00185696 0.01741927 1.0448e+00 -6.190e+03 144.991 0.000 
-0.00185696 0.01791697 1.0458e+00 -6.193e+03 144.976 0.000 
-0.00185696 0.01841466 1.0468e+00 -6.197e+03 144.987 0.000 
-0.00185696 0.01891235 1.0479e+00 -6.194e+03 144.968 0.000 
-0.00218876 0.00000000 1.0234e+00 -6.364e+03 144.996 0.000 
-0.00218876 0.00049769 1.0230e+00 -6.370e+03 145.005 0.000 
-0.00218876 0.00099539 1.0227e+00 -6.375e+03 144.994 0.000 
-0.00218876 0.00149308 1.0225e+00 -6.378e+03 145.005 0.000 
-0.00218876 0.00199077 1.0224e+00 -6.378e+03 144.989 0.000 
-0.00218876 0.00248847 1.0223e+00 -6.381e+03 144.978 0.000 
-0.00218876 0.00298616 1.0222e+00 -6.375e+03 144.983 0.000 
-0.00218876 0.00348385 1.0223e+00 -6.374e+03 145.002 0.000 
-0.00218876 0.00398155 1.0224e+00 -6.365e+03 144.994 0.000 
-0.00218876 0.00447924 1.0226e+00 -6.353e+03 144.997 0.000 
-0.00218876 0.00497693 1.0229e+00 -6.342e+03 144.981 0.000 
-0.00218876 0.00547463 1.0232e+00 -6.323e+03 145.001 0.000 
-0.00218876 0.00597232 1.0236e+00 -6.309e+03 145.000 0.000 
-0.00218876 0.00647002 1.0240e+00 -6.305e+03 145.001 0.000 
-0.00218876 0.00696771 1.0244e+00 -6.304e+03 145.004 0.000 
-0.00218876 0.00746540 1.0249e+00 -6.303e+03 144.996 0.000 
-0.00218876 0.00796310 1.0255e+00 -6.302e+03 144.997 0.000 
-0.00218876 0.00846079 1.0261e+00 -6.293e+03 145.007 0.000 
-0.00218876 0.00895848 1.0268e+00 -6.271e+03 144.979 0.000 
-0.00218876 0.00945618 1.0276e+00 -6.252e+03 144.974 0.000 
-0.00218876 0.00995387 1.0283e+00 -6.240e+03 145.001 0.000 
-0.00218876 0.01045156 1.0291e+00 -6.232e+03 145.006 0.000 
-0.00218876 0.01094926 1.0299e+00 -6.229e+03 144.991 0.000 
-0.00218876 0.01144695 1.0308e+00 -6.227e+03 144.993 0.000 
-0.00218876 0.01194464 1.0316e+00 -6.223e+03 144.977 0.000 
-0.00218876 0.01244234 1.0326e+00 -6.199e+03 144.992 0.000 
-0.00218876 0.01294003 1.0335e+00 -6.193e+03 144.992 0.000 
-0.00218876 0.01343772 1.0344e+00 -6.182e+03 144.988 0.000 
-0.00218876 0.01393542 1.0354e+00 -6.180e+03 144.978 0.000 
-0.00218876 0.01443311 1.0363e+00 -6.185e+03 144.970 0.000 
-0.00218876 0.01493080 1.0373e+00 -6.196e+03 144.982 0.000 
-0.00218876 0.01542850 1.0383e+00 -6.198e+03 144.994 0.000 
-0.00218876 0.01592619 1.0393e+00 -6.198e+03 145.001 0.000 
-0.00218876 0.01642388 1.0403e+00 -6.192e+03 144.998 0.000 
-0.00218876 0.01692158 1.0413e+00 -6.183e+03 145.004 0.000 
-0.00218876 0.01741927 1.0423e+00 -6.178e+03 144.990 0.000 
-0.00218876 0.01791697 1.0433e+00 -6.176e+03 144.984 0.000 
-0.00218876 0.01841466 1.0444e+00 -6.173e+03 144.973 0.000 
-0.00218876 0.01891235 1.0454e+00 -6.174e+03 144.970 0.000 
-0.00252056 0.00000000 1.0238e+00 -6.357e+03 144.981 0.000 
-0.00252056 0.00049769 1.0233e+00 -6.362e+03 144.985 0.000 
-0.00252056 0.00099539 1.0228e+00 -6.370e+03 144.975 0.000 
-0.00252056 0.00149308 1.0225e+00 -6.372e+03 144.976 0.000 
-0.00252056 0.00199077 1.0222e+00 -6.376e+03 145.015 0.000 
-0.00252056 0.00248847 1.0220e+00 -6.385e+03 144.990 0.000 
-0.00252056 0.00298616 1.0218e+00 -6.374e+03 144.992 0.000 
-0.00252056 0.00348385 1.0217e+00 -6.377e+03 144.984 0.000 
-0.00252056 0.00398155 1.0217e+00 -6.380e+03 144.978 0.000 
-0.00252056 0.00447924 1.0217e+00 -6.378e+03 144.965 0.000 
-0.00252056 0.00497693 1.0218e+00 -6.384e+03 144.978 0.000 
-0.00252056 0.00547463 1.0221e+00 -6.364e+03 144.993 0.000 
-0.00252056 0.00597232 1.0224e+00 -6.343e+03 145.008 0.000 
-0.00252056 0.00647002 1.0227e+00 -6.318e+03 144.973 0.000 
-0.00252056 0.00696771 1.0231e+00 -6.313e+03 144.976 0.000 
-0.00252056 0.00746540 1.0235e+00 -6.310e+03 144.999 0.000 
-0.00252056 0.00796310 1.0240e+00 -6.312e+03 145.002 0.000 
-0.00252056 0.00846079 1.0245e+00 -6.314e+03 144.993 0.000 
-0.00252056 0.00895848 1.0250e+00 -6.310e+03 144.990 0.000 
-0.00252056 0.00945618 1.0257e+00 -6.286e+03 145.007 0.000 
-0.00252056 0.00995387 1.0264e+00 -6.259e+03 145.003 0.000 
-0.00252056 0.01045156 1.0272e+00 -6.245e+03 144.977 0.000 
-0.00252056 0.01094926 1.0279e+00 -6.237e+03 144.994 0.000 
-0.00252056 0.01144695 1.0287e+00 -6.227e+03 144.983 0.000 
-0.00252056 0.01194464 1.0295e+00 -6.221e+03 144.964 0.000 
-0.00252056 0.01244234 1.0304e+00 -6.219e+03 144.984 0.000 
-0.00252056 0.01294003 1.0313e+00 -6.213e+03 144.970 0.000 
-0.00252056 0.01343772 1.0322e+00 -6.194e+03 144.989 0.000 
-0.00252056 0.01393542 1.0331e+00 -6.184e+03 144.997 0.000 
-0.00252056 0.01443311 1.0341e+00 -6.181e+03 144.976 0.000 
-0.00252056 0.01493080 1.0350e+00 -6.182e+03 144.997 0.000 
-0.00252056 0.01542850 1.0359e+00 -6.191e+03 145.010 0.000 
-0.00252056 0.01592619 1.0369e+00 -6.196e+03 144.980 0.000 
-0.00252056 0.01642388 1.0379e+00 -6.197e+03 144.987 0.000 
-0.00252056 0.01692158 1.0389e+00 -6.192e+03 144.983 0.000 
-0.00252056 0.01741927 1.0399e+00 -6.188e+03 145.007 0.000 
-0.00252056 0.01791697 1.0409e+00 -6.179e+03 144.979 0.000 
-0.00252056 0.01841466 1.0419e+00 -6.172e+03 144.992 0.000 
-0.00252056 0.01891235 1.0430e+00 -6.171e+03 144.992 0.000 
0.00046561 0.01294003 1.0554e+00 -6.324e+03 144.989 0.000 
0.00046561 0.01343772 1.0564e+00 -6.328e+03 144.989 0.000 
0.00046561 0.01393542 1.0574e+00 -6.331e+03 144.984 0.000 
0.00046561 0.01443311 1.0584e+00 -6.330e+03 144.993 0.000 
0.00046561 0.01493080 1.0594e+00 -6.326e+03 144.990 0.000 
0.00046561 0.01542850 1.0604e+00 -6.324e+03 144.978 0.000 
0.00046561 0.01592619 1.0613e+00 -6.335e+03 144.994 0.000 
0.00046561 0.01642388 1.0622e+00 -6.342e+03 144.977 0.000 
0.00046561 0.01692158 1.0631e+00 -6.355e+03 144.978 0.000 
0.00046561 0.01741927 1.0640e+00 -6.365e+03 145.007 0.000 
0.00046561 0.01791697 1.0649e+00 -6.363e+03 144.986 0.000 
0.00046561 0.01841466 1.0659e+00 -6.354e+03 144.972 0.000 
0.00046561 0.01891235 1.0668e+00 -6.350e+03 144.973 0.000 
-0.00285235 0.00000000 1.0244e+00 -6.353e+03 145.011 0.000 
-0.00285235 0.00049769 1.0238e+00 -6.370e+03 145.013 0.000 
-0.00285235 0.00099539 1.0232e+00 -6.380e+03 145.015 0.000 
-0.00285235 0.00149308 1.0227e+00 -6.387e+03 145.007 0.000 
-0.00285235 0.00199077 1.0223e+00 -6.385e+03 144.983 0.000 
-0.00285235 0.00248847 1.0220e+00 -6.378e+03 144.970 0.000 
-0.00285235 0.00298616 1.0217e+00 -6.388e+03 145.008 0.000 
-0.00285235 0.00348385 1.0215e+00 -6.372e+03 144.985 0.000 
-0.00285235 0.00398155 1.0213e+00 -6.380e+03 144.997 0.000 
-0.00285235 0.00447924 1.0212e+00 -6.387e+03 144.972 0.000 
-0.00285235 0.00497693 1.0212e+00 -6.394e+03 145.004 0.000 
-0.00285235 0.00547463 1.0212e+00 -6.403e+03 144.998 0.000 
-0.00285235 0.00597232 1.0214e+00 -6.384e+03 144.992 0.000 
-0.00285235 0.00647002 1.0217e+00 -6.360e+03 144.980 0.000 
-0.00285235 0.00696771 1.0220e+00 -6.340e+03 144.990 0.000 
-0.00285235 0.00746540 1.0223e+00 -6.327e+03 144.998 0.000 
-0.00285235 0.00796310 1.0227e+00 -6.321e+03 145.002 0.000 
-0.00285235 0.00846079 1.0232e+00 -6.318e+03 145.005 0.000 
-0.00285235 0.00895848 1.0236e+00 -6.320e+03 144.978 0.000 
-0.00285235 0.00945618 1.0242e+00 -6.315e+03 145.003 0.000 
-0.00285235 0.00995387 1.0248e+00 -6.297e+03 145.004 0.000 
-0.00285235 0.01045156 1.0254e+00 -6.282e+03 144.975 0.000 
-0.00285235 0.01094926 1.0262e+00 -6.255e+03 144.969 0.000 
-0.00285235 0.01144695 1.0269e+00 -6.235e+03 144.998 0.000 
-0.00285235 0.01194464 1.0277e+00 -6.226e+03 144.988 0.000 
-0.00285235 0.01244234 1.0285e+00 -6.225e+03 144.978 0.000 
-0.00285235 0.01294003 1.0293e+00 -6.227e+03 144.985 0.000 
-0.00285235 0.01343772 1.0301e+00 -6.209e+03 144.971 0.000 
-0.00285235 0.01393542 1.0310e+00 -6.196e+03 144.993 0.000 
-0.00285235 0.01443311 1.0319e+00 -6.188e+03 144.986 0.000 
-0.00285235 0.01493080 1.0329e+00 -6.177e+03 144.979 0.000 
-0.00285235 0.01542850 1.0338e+00 -6.186e+03 145.013 0.000 
-0.00285235 0.01592619 1.0347e+00 -6.183e+03 144.975 0.000 
-0.00285235 0.01642388 1.0357e+00 -6.188e+03 144.964 0.000 
-0.00285235 0.01692158 1.0366e+00 -6.193e+03 144.996 0.000 
-0.00285235 0.01741927 1.0376e+00 -6.189e+03 144.985 0.000 
-0.00285235 0.01791697 1.0386e+00 -6.186e+03 145.003 0.000 
-0.00285235 0.01841466 1.0396e+00 -6.188e+03 145.012 0.000 
-0.00285235 0.01891235 1.0406e+00 -6.183e+03 144.993 0.000 
-0.00318415 0.00000000 1.0254e+00 -6.334e+03 145.000 0.000 
-0.00318415 0.00049769 1.0246e+00 -6.358e+03 144.989 0.000 
-0.00318415 0.00099539 1.0239e+00 -6.381e+03 144.999 0.000 
-0.00318415 0.00149308 1.0232e+00 -6.396e+03 144.961 0.000 
-0.00318415 0.00199077 1.0226e+00 -6.419e+03 145.002 0.000 
-0.00318415 0.00248847 1.0221e+00 -6.416e+03 144.974 0.000 
-0.00318415 0.00298616 1.0218e+00 -6.410e+03 144.989 0.000 
-0.00318415 0.00348385 1.0215e+00 -6.396e+03 144.995 0.000 
-0.00318415 0.00398155 1.0212e+00 -6.379e+03 144.973 0.000 
-0.00318415 0.00447924 1.0210e+00 -6.386e+03 144.997 0.000 
-0.00318415 0.00497693 1.0208e+00 -6.396e+03 144.997 0.000 
-0.00318415 0.00547463 1.0208e+00 -6.401e+03 144.976 0.000 
-0.00318415 0.00597232 1.0207e+00 -6.417e+03 144.983 0.000 
-0.00318415 0.00647002 1.0209e+00 -6.406e+03 144.997 0.000 
-0.00318415 0.00696771 1.0211e+00 -6.383e+03 144.972 0.000 
-0.00318415 0.00746540 1.0213e+00 -6.364e+03 145.006 0.000 
-0.00318415 0.00796310 1.0217e+00 -6.348e+03 145.002 0.000 
-0.00318415 0.00846079 1.0220e+00 -6.335e+03 145.000 0.000 
-0.00318415 0.00895848 1.0224e+00 -6.330e+03 144.978 0.000 
-0.00318415 0.00945618 1.0229e+00 -6.330e+03 144.980 0.000 
-0.00318415 0.00995387 1.0234e+00 -6.329e+03 144.998 0.000 
-0.00318415 0.01045156 1.0239e+00 -6.309e+03 144.978 0.000 
-0.00318415 0.01094926 1.0246e+00 -6.290e+03 145.008 0.000 
-0.00318415 0.01144695 1.0252e+00 -6.276e+03 144.981 0.000 
-0.00318415 0.01194464 1.0260e+00 -6.243e+03 145.012 0.000 
-0.00318415 0.01244234 1.0267e+00 -6.232e+03 144.994 0.000 
-0.00318415 0.01294003 1.0275e+00 -6.233e+03 144.999 0.000 
-0.00318415 0.01343772 1.0283e+00 -6.222e+03 144.974 0.000 
-0.00318415 0.01393542 1.0291e+00 -6.209e+03 144.975 0.000 
-0.00318415 0.01443311 1.0300e+00 -6.192e+03 144.974 0.000 
-0.00318415 0.01493080 1.0309e+00 -6.182e+03 144.977 0.000 
-0.00318415 0.01542850 1.0318e+00 -6.181e+03 144.980 0.000 
-0.00318415 0.01592619 1.0327e+00 -6.179e+03 144.994 0.000 
-0.00318415 0.01642388 1.0336e+00 -6.184e+03 144.988 0.000 
-0.00318415 0.01692158 1.0345e+00 -6.190e+03 145.008 0.000 
-0.00318415 0.01741927 1.0355e+00 -6.185e+03 144.969 0.000 
-0.00318415 0.01791697 1.0365e+00 -6.183e+03 144.977 0.000 
-0.00318415 0.01841466 1.0374e+00 -6.182e+03 144.999 0.000 
-0.00318415 0.01891235 1.0384e+00 -6.177e+03 144.974 0.000 
-0.00351594 0.00000000 1.0267e+00 -6.306e+03 144.968 0.000 
-0.00351594 0.00049769 1.0258e+00 -6.328e+03 144.976 0.000 
-0.00351594 0.00099539 1.0249e+00 -6.364e+03 144.996 0.000 
-0.00351594 0.00149308 1.0240e+00 -6.391e+03 144.981 0.000 
-0.00351594 0.00199077 1.0233e+00 -6.424e+03 144.990 0.000 
-0.00351594 0.00248847 1.0226e+00 -6.439e+03 144.990 0.000 
-0.00351594 0.00298616 1.0221e+00 -6.446e+03 144.994 0.000 
-0.00351594 0.00348385 1.0217e+00 -6.438e+03 144.996 0.000 
-0.00351594 0.00398155 1.0213e+00 -6.424e+03 144.960 0.000 
-0.00351594 0.00447924 1.0210e+00 -6.414e+03 144.995 0.000 
-0.00351594 0.00497693 1.0207e+00 -6.415e+03 144.993 0.000 
-0.00351594 0.00547463 1.0205e+00 -6.410e+03 144.997 0.000 
-0.00351594 0.00597232 1.0203e+00 -6.437e+03 144.991 0.000 
-0.00351594 0.00647002 1.0203e+00 -6.439e+03 145.005 0.000 
-0.00351594 0.00696771 1.0204e+00 -6.432e+03 144.988 0.000 
-0.00351594 0.00746540 1.0205e+00 -6.416e+03 144.985 0.000 
-0.00351594 0.00796310 1.0208e+00 -6.390e+03 144.981 0.000 
-0.00351594 0.00846079 1.0210e+00 -6.378e+03 145.008 0.000 
-0.00351594 0.00895848 1.0214e+00 -6.361e+03 144.994 0.000 
-0.00351594 0.00945618 1.0217e+00 -6.357e+03 144.991 0.000 
-0.00351594 0.00995387 1.0222e+00 -6.351e+03 144.988 0.000 
-0.00351594 0.01045156 1.0226e+00 -6.346e+03 145.006 0.000 
-0.00351594 0.01094926 1.0232e+00 -6.324e+03 144.966 0.000 
-0.00351594 0.01144695 1.0238e+00 -6.309e+03 144.970 0.000 
-0.00351594 0.01194464 1.0244e+00 -6.285e+03 144.979 0.000 
-0.00351594 0.01244234 1.0251e+00 -6.267e+03 144.989 0.000 
-0.00351594 0.01294003 1.0259e+00 -6.250e+03 144.971 0.000 
-0.00351594 0.01343772 1.0266e+00 -6.237e+03 145.013 0.000 
-0.00351594 0.01393542 1.0274e+00 -6.229e+03 144.974 0.000 
-0.00351594 0.01443311 1.0282e+00 -6.224e+03 144.982 0.000 
-0.00351594 0.01493080 1.0290e+00 -6.205e+03 144.974 0.000 
-0.00351594 0.01542850 1.0299e+00 -6.186e+03 144.978 0.000 
-0.00351594 0.01592619 1.0308e+00 -6.181e+03 144.967 0.000 
-0.00351594 0.01642388 1.0317e+00 -6.186e+03 144.993 0.000 
-0.00351594 0.01692158 1.0326e+00 -6.185e+03 145.004 0.000 
-0.00351594 0.01741927 1.0335e+00 -6.184e+03 144.986 0.000 
-0.00351594 0.01791697 1.0345e+00 -6.181e+03 144.969 0.000 
-0.00351594 0.01841466 1.0354e+00 -6.176e+03 144.979 0.000 
-0.00351594 0.01891235 1.0364e+00 -6.174e+03 145.007 0.000 
-0.00384774 0.00000000 1.0283e+00 -6.306e+03 145.000 0.000 
-0.00384774 0.00049769 1.0273e+00 -6.315e+03 144.957 0.000 
-0.00384774 0.00099539 1.0263e+00 -6.336e+03 144.966 0.000 
-0.00384774 0.00149308 1.0253e+00 -6.370e+03 144.972 0.000 
-0.00384774 0.00199077 1.0244e+00 -6.407e+03 144.972 0.000 
-0.00384774 0.00248847 1.0235e+00 -6.435e+03 144.997 0.000 
-0.00384774 0.00298616 1.0228e+00 -6.457e+03 144.978 0.000 
-0.00384774 0.00348385 1.0222e+00 -6.468e+03 144.994 0.000 
-0.00384774 0.00398155 1.0217e+00 -6.469e+03 145.000 0.000 
-0.00384774 0.00447924 1.0212e+00 -6.456e+03 145.003 0.000 
-0.00384774 0.00497693 1.0209e+00 -6.441e+03 144.977 0.000 
-0.00384774 0.00547463 1.0206e+00 -6.422e+03 144.976 0.000 
-0.00384774 0.00597232 1.0203e+00 -6.443e+03 144.979 0.000 
0.00013381 0.00000000 1.0282e+00 -6.426e+03 144.981 0.000 
0.00013381 0.00049769 1.0288e+00 -6.416e+03 144.955 0.000 
0.00013381 0.00099539 1.0295e+00 -6.404e+03 144.981 0.000 
0.00013381 0.00149308 1.0302e+00 -6.386e+03 145.010 0.000 
0.00013381 0.00199077 1.0310e+00 -6.367e+03 144.972 0.000 
0.00013381 0.00248847 1.0318e+00 -6.359e+03 145.012 0.000 
0.00013381 0.00298616 1.0326e+00 -6.347e+03 144.996 0.000 
0.00013381 0.00348385 1.0335e+00 -6.335e+03 145.004 0.000 
0.00013381 0.00398155 1.0344e+00 -6.322e+03 144.984 0.000 
0.00013381 0.00447924 1.0353e+00 -6.320e+03 145.010 0.000 
0.00013381 0.00497693 1.0362e+00 -6.321e+03 144.994 0.000 
0.00013381 0.00547463 1.0371e+00 -6.323e+03 144.979 0.000 
0.00013381 0.00597232 1.0381e+00 -6.312e+03 144.977 0.000 
-0.00384774 0.00647002 1.0201e+00 -6.450e+03 145.006 0.000 
-0.00384774 0.00696771 1.0200e+00 -6.457e+03 145.026 0.000 
-0.00384774 0.00746540 1.0200e+00 -6.452e+03 145.011 0.000 
-0.00384774 0.00796310 1.0201e+00 -6.438e+03 145.005 0.000 
-0.00384774 0.00846079 1.0203e+00 -6.420e+03 144.995 0.000 
-0.00384774 0.00895848 1.0206e+00 -6.400e+03 144.960 0.000 
-0.00384774 0.00945618 1.0208e+00 -6.389e+03 144.985 0.000 
-0.00384774 0.00995387 1.0212e+00 -6.382e+03 144.989 0.000 
-0.00384774 0.01045156 1.0216e+00 -6.378e+03 144.995 0.000 
-0.00384774 0.01094926 1.0220e+00 -6.367e+03 145.006 0.000 
-0.00384774 0.01144695 1.0225e+00 -6.350e+03 144.997 0.000 
-0.00384774 0.01194464 1.0231e+00 -6.322e+03 144.970 0.000 
-0.00384774 0.01244234 1.0237e+00 -6.306e+03 145.002 0.000 
-0.00384774 0.01294003 1.0244e+00 -6.283e+03 144.953 0.000 
-0.00384774 0.01343772 1.0251e+00 -6.269e+03 144.973 0.000 
-0.00384774 0.01393542 1.0258e+00 -6.259e+03 144.993 0.000 
-0.00384774 0.01443311 1.0266e+00 -6.245e+03 145.010 0.000 
-0.00384774 0.01493080 1.0274e+00 -6.228e+03 144.984 0.000 
-0.00384774 0.01542850 1.0282e+00 -6.220e+03 144.998 0.000 
-0.00384774 0.01592619 1.0290e+00 -6.209e+03 145.002 0.000 
-0.00384774 0.01642388 1.0299e+00 -6.197e+03 145.004 0.000 
-0.00384774 0.01692158 1.0308e+00 -6.194e+03 144.971 0.000 
-0.00384774 0.01741927 1.0317e+00 -6.188e+03 144.990 0.000 
-0.00384774 0.01791697 1.0325e+00 -6.200e+03 144.980 0.000 
-0.00384774 0.01841466 1.0335e+00 -6.188e+03 145.002 0.000 
-0.00384774 0.01891235 1.0345e+00 -6.175e+03 144.986 0.000 
-0.00417953 0.00000000 1.0301e+00 -6.314e+03 144.981 0.000 
-0.00417953 0.00049769 1.0290e+00 -6.337e+03 145.005 0.000 
-0.00417953 0.00099539 1.0279e+00 -6.348e+03 144.974 0.000 
-0.00417953 0.00149308 1.0268e+00 -6.356e+03 144.964 0.000 
-0.00417953 0.00199077 1.0258e+00 -6.391e+03 144.966 0.000 
-0.00417953 0.00248847 1.0248e+00 -6.420e+03 144.989 0.000 
-0.00417953 0.00298616 1.0239e+00 -6.457e+03 144.998 0.000 
-0.00417953 0.00348385 1.0231e+00 -6.481e+03 144.994 0.000 
-0.00417953 0.00398155 1.0224e+00 -6.500e+03 145.010 0.000 
-0.00417953 0.00447924 1.0218e+00 -6.499e+03 144.993 0.000 
-0.00417953 0.00497693 1.0213e+00 -6.489e+03 144.985 0.000 
-0.00417953 0.00547463 1.0209e+00 -6.477e+03 145.013 0.000 
-0.00417953 0.00597232 1.0206e+00 -6.452e+03 144.981 0.000 
-0.00417953 0.00647002 1.0203e+00 -6.449e+03 144.980 0.000 
-0.00417953 0.00696771 1.0201e+00 -6.470e+03 145.001 0.000 
-0.00417953 0.00746540 1.0199e+00 -6.474e+03 144.992 0.000 
-0.00417953 0.00796310 1.0199e+00 -6.471e+03 144.998 0.000 
-0.00417953 0.00846079 1.0199e+00 -6.459e+03 145.006 0.000 
-0.00417953 0.00895848 1.0200e+00 -6.445e+03 145.005 0.000 
-0.00417953 0.00945618 1.0202e+00 -6.431e+03 145.006 0.000 
-0.00417953 0.00995387 1.0205e+00 -6.417e+03 144.979 0.000 
-0.00417953 0.01045156 1.0208e+00 -6.411e+03 145.010 0.000 
-0.00417953 0.01094926 1.0211e+00 -6.402e+03 144.976 0.000 
-0.00417953 0.01144695 1.0215e+00 -6.393e+03 144.975 0.000 
-0.00417953 0.01194464 1.0220e+00 -6.378e+03 145.004 0.000 
-0.00417953 0.01244234 1.0226e+00 -6.354e+03 144.989 0.000 
-0.00417953 0.01294003 1.0232e+00 -6.327e+03 144.975 0.000 
-0.00417953 0.01343772 1.0238e+00 -6.311e+03 144.973 0.000 
-0.00417953 0.01393542 1.0245e+00 -6.296e+03 144.986 0.000 
-0.00417953 0.01443311 1.0252e+00 -6.276e+03 144.972 0.000 
-0.00417953 0.01493080 1.0259e+00 -6.265e+03 145.002 0.000 
-0.00417953 0.01542850 1.0267e+00 -6.248e+03 145.005 0.000 
-0.00417953 0.01592619 1.0275e+00 -6.231e+03 144.976 0.000 
-0.00417953 0.01642388 1.0283e+00 -6.217e+03 144.979 0.000 
-0.00417953 0.01692158 1.0291e+00 -6.215e+03 144.993 0.000 
-0.00417953 0.01741927 1.0300e+00 -6.209e+03 144.979 0.000 
-0.00417953 0.01791697 1.0309e+00 -6.211e+03 144.988 0.000 
-0.00417953 0.01841466 1.0317e+00 -6.212e+03 144.986 0.000 
-0.00417953 0.01891235 1.0326e+00 -6.209e+03 144.978 0.000 
-0.00451133 0.00000000 1.0322e+00 -6.324e+03 144.998 0.000 
-0.00451133 0.00049769 1.0309e+00 -6.361e+03 145.005 0.000 
-0.00451133 0.00099539 1.0297e+00 -6.383e+03 144.999 0.000 
-0.00451133 0.00149308 1.0285e+00 -6.395e+03 144.982 0.000 
-0.00451133 0.00199077 1.0274e+00 -6.406e+03 144.996 0.000 
-0.00451133 0.00248847 1.0263e+00 -6.431e+03 145.004 0.000 
-0.00451133 0.00298616 1.0253e+00 -6.450e+03 144.968 0.000 
-0.00451133 0.00348385 1.0243e+00 -6.482e+03 144.996 0.000 
-0.00451133 0.00398155 1.0234e+00 -6.508e+03 144.985 0.000 
-0.00451133 0.00447924 1.0227e+00 -6.529e+03 144.982 0.000 
-0.00451133 0.00497693 1.0220e+00 -6.546e+03 144.986 0.000 
-0.00451133 0.00547463 1.0214e+00 -6.543e+03 145.008 0.000 
-0.00451133 0.00597232 1.0210e+00 -6.529e+03 144.987 0.000 
-0.00451133 0.00647002 1.0206e+00 -6.514e+03 145.011 0.000 
-0.00451133 0.00696771 1.0203e+00 -6.505e+03 144.990 0.000 
-0.00451133 0.00746540 1.0200e+00 -6.504e+03 145.004 0.000 
-0.00451133 0.00796310 1.0199e+00 -6.501e+03 144.984 0.000 
-0.00451133 0.00846079 1.0198e+00 -6.499e+03 145.012 0.000 
-0.00451133 0.00895848 1.0198e+00 -6.486e+03 144.974 0.000 
-0.00451133 0.00945618 1.0199e+00 -6.472e+03 144.981 0.000 
-0.00451133 0.00995387 1.0200e+00 -6.459e+03 144.990 0.000 
-0.00451133 0.01045156 1.0202e+00 -6.450e+03 145.008 0.000 
-0.00451133 0.01094926 1.0204e+00 -6.440e+03 144.991 0.000 
-0.00451133 0.01144695 1.0208e+00 -6.430e+03 144.986 0.000 
-0.00451133 0.01194464 1.0212e+00 -6.421e+03 145.007 0.000 
-0.00451133 0.01244234 1.0216e+00 -6.405e+03 145.009 0.000 
-0.00451133 0.01294003 1.0221e+00 -6.382e+03 144.989 0.000 
-0.00451133 0.01343772 1.0227e+00 -6.360e+03 145.002 0.000 
-0.00451133 0.01393542 1.0233e+00 -6.340e+03 144.994 0.000 
-0.00451133 0.01443311 1.0239e+00 -6.323e+03 144.982 0.000 
-0.00451133 0.01493080 1.0246e+00 -6.307e+03 144.994 0.000 
-0.00451133 0.01542850 1.0253e+00 -6.289e+03 144.985 0.000 
-0.00451133 0.01592619 1.0261e+00 -6.266e+03 144.994 0.000 
-0.00451133 0.01642388 1.0269e+00 -6.241e+03 144.967 0.000 
-0.00451133 0.01692158 1.0277e+00 -6.235e+03 144.989 0.000 
-0.00451133 0.01741927 1.0285e+00 -6.232e+03 144.996 0.000 
-0.00451133 0.01791697 1.0293e+00 -6.232e+03 144.993 0.000 
-0.00451133 0.01841466 1.0302e+00 -6.228e+03 144.976 0.000 
-0.00451133 0.01891235 1.0310e+00 -6.228e+03 144.973 0.000 
-0.00484312 0.00000000 1.0346e+00 -6.314e+03 145.005 0.000 
-0.00484312 0.00049769 1.0332e+00 -6.362e+03 144.995 0.000 
-0.00484312 0.00099539 1.0318e+00 -6.398e+03 144.977 0.000 
-0.00484312 0.00149308 1.0305e+00 -6.430e+03 144.991 0.000 
-0.00484312 0.00199077 1.0292e+00 -6.453e+03 145.028 0.000 
-0.00484312 0.00248847 1.0280e+00 -6.478e+03 144.999 0.000 
-0.00484312 0.00298616 1.0269e+00 -6.489e+03 144.992 0.000 
-0.00484312 0.00348385 1.0258e+00 -6.506e+03 144.982 0.000 
-0.00484312 0.00398155 1.0248e+00 -6.527e+03 145.012 0.000 
-0.00484312 0.00447924 1.0239e+00 -6.535e+03 144.989 0.000 
-0.00484312 0.00497693 1.0230e+00 -6.584e+03 145.020 0.000 
-0.00484312 0.00547463 1.0223e+00 -6.589e+03 144.970 0.000 
-0.00484312 0.00597232 1.0217e+00 -6.590e+03 145.008 0.000 
-0.00484312 0.00647002 1.0212e+00 -6.578e+03 144.975 0.000 
-0.00484312 0.00696771 1.0207e+00 -6.561e+03 144.996 0.000 
-0.00484312 0.00746540 1.0204e+00 -6.556e+03 145.020 0.000 
-0.00484312 0.00796310 1.0201e+00 -6.547e+03 144.981 0.000 
-0.00484312 0.00846079 1.0199e+00 -6.542e+03 144.998 0.000 
-0.00484312 0.00895848 1.0198e+00 -6.536e+03 145.008 0.000 
-0.00484312 0.00945618 1.0197e+00 -6.524e+03 144.993 0.000 
-0.00484312 0.00995387 1.0198e+00 -6.510e+03 144.999 0.000 
-0.00484312 0.01045156 1.0199e+00 -6.491e+03 144.960 0.000 
-0.00484312 0.01094926 1.0200e+00 -6.485e+03 144.986 0.000 
-0.00484312 0.01144695 1.0202e+00 -6.475e+03 144.994 0.000 
-0.00484312 0.01194464 1.0205e+00 -6.469e+03 145.003 0.000 
-0.00484312 0.01244234 1.0209e+00 -6.451e+03 144.984 0.000 
0.00013381 0.00647002 1.0390e+00 -6.315e+03 144.996 0.000 
0.00013381 0.00696771 1.0400e+00 -6.309e+03 144.967 0.000 
0.00013381 0.00746540 1.0410e+00 -6.308e+03 144.985 0.000 
0.00013381 0.00796310 1.0421e+00 -6.298e+03 144.992 0.000 
0.00013381 0.00846079 1.0431e+00 -6.292e+03 145.008 0.000 
0.00013381 0.00895848 1.0441e+00 -6.289e+03 144.989 0.000 
0.00013381 0.00945618 1.0451e+00 -6.290e+03 144.991 0.000 
0.00013381 0.00995387 1.0461e+00 -6.290e+03 144.996 0.000 
0.00013381 0.01045156 1.0472e+00 -6.286e+03 144.989 0.000 
0.00013381 0.01094926 1.0482e+00 -6.287e+03 144.992 0.000 
0.00013381 0.01144695 1.0493e+00 -6.288e+03 144.980 0.000 
0.00013381 0.01194464 1.0504e+00 -6.285e+03 144.961 0.000 
0.00013381 0.01244234 1.0514e+00 -6.286e+03 145.003 0.000 
-0.00484312 0.01294003 1.0213e+00 -6.434e+03 145.018 0.000 
-0.00484312 0.01343772 1.0218e+00 -6.412e+03 145.005 0.000 
-0.00484312 0.01393542 1.0223e+00 -6.390e+03 144.962 0.000 
-0.00484312 0.01443311 1.0229e+00 -6.369e+03 144.969 0.000 
-0.00484312 0.01493080 1.0235e+00 -6.361e+03 144.999 0.000 
-0.00484312 0.01542850 1.0241e+00 -6.339e+03 145.004 0.000 
-0.00484312 0.01592619 1.0248e+00 -6.317e+03 144.998 0.000 
-0.00484312 0.01642388 1.0256e+00 -6.289e+03 144.980 0.000 
-0.00484312 0.01692158 1.0263e+00 -6.270e+03 144.970 0.000 
-0.00484312 0.01741927 1.0271e+00 -6.250e+03 144.986 0.000 
-0.00484312 0.01791697 1.0279e+00 -6.242e+03 144.986 0.000 
-0.00484312 0.01841466 1.0287e+00 -6.244e+03 144.966 0.000 
-0.00484312 0.01891235 1.0295e+00 -6.250e+03 144.983 0.000 
-0.00517492 0.00000000 1.0373e+00 -6.294e+03 144.979 0.000 
-0.00517492 0.00049769 1.0358e+00 -6.339e+03 145.003 0.000 
-0.00517492 0.00099539 1.0342e+00 -6.386e+03 144.994 0.000 
-0.00517492 0.00149308 1.0328e+00 -6.437e+03 144.989 0.000 
-0.00517492 0.00199077 1.0314e+00 -6.473e+03 144.975 0.000 
-0.00517492 0.00248847 1.0300e+00 -6.501e+03 144.990 0.000 
-0.00517492 0.00298616 1.0287e+00 -6.538e+03 145.011 0.000 
-0.00517492 0.00348385 1.0275e+00 -6.549e+03 144.996 0.000 
-0.00517492 0.00398155 1.0264e+00 -6.560e+03 144.997 0.000 
-0.00517492 0.00447924 1.0254e+00 -6.586e+03 144.978 0.000 
-0.00517492 0.00497693 1.0244e+00 -6.608e+03 144.993 0.000 
-0.00517492 0.00547463 1.0235e+00 -6.622e+03 144.965 0.000 
-0.00517492 0.00597232 1.0227e+00 -6.630e+03 144.971 0.000 
-0.00517492 0.00647002 1.0221e+00 -6.631e+03 144.979 0.000 
-0.00517492 0.00696771 1.0215e+00 -6.618e+03 144.997 0.000 
-0.00517492 0.00746540 1.0210e+00 -6.615e+03 144.985 0.000 
-0.00517492 0.00796310 1.0206e+00 -6.602e+03 144.973 0.000 
-0.00517492 0.00846079 1.0203e+00 -6.598e+03 144.997 0.000 
-0.00517492 0.00895848 1.0200e+00 -6.590e+03 144.989 0.000 
-0.00517492 0.00945618 1.0199e+00 -6.580e+03 145.000 0.000 
-0.00517492 0.00995387 1.0198e+00 -6.567e+03 144.996 0.000 
-0.00517492 0.01045156 1.0198e+00 -6.551e+03 144.991 0.000 
-0.00517492 0.01094926 1.0199e+00 -6.533e+03 144.978 0.000 
-0.00517492 0.01144695 1.0200e+00 -6.523e+03 145.007 0.000 
-0.00517492 0.01194464 1.0202e+00 -6.514e+03 144.986 0.000 
-0.00517492 0.01244234 1.0204e+00 -6.505e+03 144.988 0.000 
-0.00517492 0.01294003 1.0207e+00 -6.490e+03 145.026 0.000 
-0.00517492 0.01343772 1.0211e+00 -6.467e+03 145.010 0.000 
-0.00517492 0.01393542 1.0216e+00 -6.438e+03 144.970 0.000 
-0.00517492 0.01443311 1.0221e+00 -6.421e+03 145.009 0.000 
-0.00517492 0.01493080 1.0226e+00 -6.401e+03 145.010 0.000 
-0.00517492 0.01542850 1.0232e+00 -6.389e+03 144.997 0.000 
-0.00517492 0.01592619 1.0238e+00 -6.376e+03 144.973 0.000 
-0.00517492 0.01642388 1.0245e+00 -6.353e+03 144.997 0.000 
-0.00517492 0.01692158 1.0252e+00 -6.323e+03 144.989 0.000 
-0.00517492 0.01741927 1.0259e+00 -6.301e+03 144.981 0.000 
-0.00517492 0.01791697 1.0267e+00 -6.268e+03 144.982 0.000 
-0.00517492 0.01841466 1.0275e+00 -6.256e+03 144.980 0.000 
-0.00517492 0.01891235 1.0283e+00 -6.257e+03 144.987 0.000 
-0.00550672 0.00000000 1.0402e+00 -6.303e+03 145.000 0.000 
-0.00550672 0.00049769 1.0386e+00 -6.333e+03 144.990 0.000 
-0.00550672 0.00099539 1.0370e+00 -6.371e+03 144.982 0.000 
-0.00550672 0.00149308 1.0354e+00 -6.423e+03 144.985 0.000 
-0.00550672 0.00199077 1.0338e+00 -6.478e+03 145.016 0.000 
-0.00550672 0.00248847 1.0323e+00 -6.518e+03 144.989 0.000 
-0.00550672 0.00298616 1.0309e+00 -6.574e+03 144.997 0.000 
-0.00550672 0.00348385 1.0296e+00 -6.596e+03 144.991 0.000 
-0.00550672 0.00398155 1.0283e+00 -6.608e+03 145.004 0.000 
-0.00550672 0.00447924 1.0271e+00 -6.624e+03 144.994 0.000 
-0.00550672 0.00497693 1.0260e+00 -6.648e+03 145.001 0.000 
-0.00550672 0.00547463 1.0250e+00 -6.660e+03 144.972 0.000 
-0.00550672 0.00597232 1.0241e+00 -6.668e+03 144.964 0.000 
-0.00550672 0.00647002 1.0233e+00 -6.675e+03 145.001 0.000 
-0.00550672 0.00696771 1.0226e+00 -6.664e+03 144.982 0.000 
-0.00550672 0.00746540 1.0219e+00 -6.666e+03 144.997 0.000 
-0.00550672 0.00796310 1.0214e+00 -6.663e+03 144.990 0.000 
-0.00550672 0.00846079 1.0209e+00 -6.652e+03 145.000 0.000 
-0.00550672 0.00895848 1.0205e+00 -6.646e+03 144.982 0.000 
-0.00550672 0.00945618 1.0203e+00 -6.639e+03 145.015 0.000 
-0.00550672 0.00995387 1.0201e+00 -6.625e+03 144.994 0.000 
-0.00550672 0.01045156 1.0200e+00 -6.610e+03 144.981 0.000 
-0.00550672 0.01094926 1.0199e+00 -6.594e+03 144.982 0.000 
-0.00550672 0.01144695 1.0200e+00 -6.580e+03 144.978 0.000 
-0.00550672 0.01194464 1.0200e+00 -6.568e+03 144.989 0.000 
-0.00550672 0.01244234 1.0202e+00 -6.560e+03 145.001 0.000 
-0.00550672 0.01294003 1.0204e+00 -6.552e+03 144.990 0.000 
-0.00550672 0.01343772 1.0207e+00 -6.528e+03 144.980 0.000 
-0.00550672 0.01393542 1.0211e+00 -6.504e+03 145.011 0.000 
-0.00550672 0.01443311 1.0215e+00 -6.475e+03 144.982 0.000 
-0.00550672 0.01493080 1.0220e+00 -6.455e+03 145.010 0.000 
-0.00550672 0.01542850 1.0225e+00 -6.434e+03 144.983 0.000 
-0.00550672 0.01592619 1.0230e+00 -6.417e+03 144.980 0.000 
-0.00550672 0.01642388 1.0236e+00 -6.403e+03 144.995 0.000 
-0.00550672 0.01692158 1.0242e+00 -6.383e+03 144.978 0.000 
-0.00550672 0.01741927 1.0249e+00 -6.358e+03 144.988 0.000 
-0.00550672 0.01791697 1.0256e+00 -6.342e+03 144.999 0.000 
-0.00550672 0.01841466 1.0264e+00 -6.317e+03 145.005 0.000 
-0.00550672 0.01891235 1.0272e+00 -6.284e+03 144.985 0.000 
-0.00583851 0.00000000 1.0432e+00 -6.327e+03 144.978 0.000 
-0.00583851 0.00049769 1.0416e+00 -6.354e+03 145.010 0.000 
-0.00583851 0.00099539 1.0399e+00 -6.381e+03 144.970 0.000 
-0.00583851 0.00149308 1.0382e+00 -6.424e+03 145.011 0.000 
-0.00583851 0.00199077 1.0365e+00 -6.475e+03 145.016 0.000 
-0.00583851 0.00248847 1.0349e+00 -6.523e+03 144.964 0.000 
-0.00583851 0.00298616 1.0333e+00 -6.598e+03 145.005 0.000 
-0.00583851 0.00348385 1.0318e+00 -6.632e+03 144.979 0.000 
-0.00583851 0.00398155 1.0304e+00 -6.658e+03 144.978 0.000 
-0.00583851 0.00447924 1.0291e+00 -6.679e+03 144.980 0.000 
-0.00583851 0.00497693 1.0279e+00 -6.703e+03 144.989 0.000 
-0.00583851 0.00547463 1.0267e+00 -6.714e+03 144.983 0.000 
-0.00583851 0.00597232 1.0257e+00 -6.717e+03 144.993 0.000 
-0.00583851 0.00647002 1.0248e+00 -6.724e+03 145.011 0.000 
-0.00583851 0.00696771 1.0239e+00 -6.723e+03 144.983 0.000 
-0.00583851 0.00746540 1.0231e+00 -6.722e+03 144.982 0.000 
-0.00583851 0.00796310 1.0225e+00 -6.717e+03 145.002 0.000 
-0.00583851 0.00846079 1.0219e+00 -6.705e+03 144.960 0.000 
-0.00583851 0.00895848 1.0214e+00 -6.704e+03 144.990 0.000 
-0.00583851 0.00945618 1.0209e+00 -6.697e+03 144.993 0.000 
-0.00583851 0.00995387 1.0206e+00 -6.688e+03 145.000 0.000 
-0.00583851 0.01045156 1.0204e+00 -6.671e+03 144.998 0.000 
-0.00583851 0.01094926 1.0203e+00 -6.649e+03 145.006 0.000 
-0.00583851 0.01144695 1.0202e+00 -6.645e+03 144.978 0.000 
-0.00583851 0.01194464 1.0201e+00 -6.633e+03 144.984 0.000 
-0.00583851 0.01244234 1.0202e+00 -6.620e+03 145.006 0.000 
-0.00583851 0.01294003 1.0203e+00 -6.607e+03 144.983 0.000 
-0.00583851 0.01343772 1.0205e+00 -6.595e+03 145.010 0.000 
-0.00583851 0.01393542 1.0207e+00 -6.575e+03 144.999 0.000 
-0.00583851 0.01443311 1.0211e+00 -6.547e+03 145.003 0.000 
-0.00583851 0.01493080 1.0215e+00 -6.515e+03 144.997 0.000 
-0.00583851 0.01542850 1.0219e+00 -6.490e+03 144.976 0.000 
-0.00583851 0.01592619 1.0224e+00 -6.468e+03 144.994 0.000 
-0.00583851 0.01642388 1.0229e+00 -6.450e+03 144.983 0.000 
-0.00583851 0.01692158 1.0235e+00 -6.434e+03 145.011 0.000 
-0.00583851 0.01741927 1.0241e+00 -6.416e+03 144.983 0.000 
-0.00583851 0.01791697 1.0247e+00 -6.398e+03 144.984 0.000 
-0.00583851 0.01841466 1.0254e+00 -6.372e+03 144.977 0.000 
-0.00583851 0.01891235 1.0262e+00 -6.334e+03 144.982 0.000 
0.00013381 0.01294003 1.0524e+00 -6.289e+03 144.995 0.000 
0.00013381 0.01343772 1.0534e+00 -6.302e+03 144.995 0.000 
0.00013381 0.01393542 1.0544e+00 -6.305e+03 144.974 0.000 
0.00013381 0.01443311 1.0554e+00 -6.312e+03 144.995 0.000 
0.00013381 0.01493080 1.0564e+00 -6.312e+03 144.994 0.000 
0.00013381 0.01542850 1.0574e+00 -6.307e+03 144.987 0.000 
0.00013381 0.01592619 1.0584e+00 -6.305e+03 144.995 0.000 
0.00013381 0.01642388 1.0594e+00 -6.304e+03 144.976 0.000 
0.00013381 0.01692158 1.0603e+00 -6.316e+03 144.980 0.000 
0.00013381 0.01741927 1.0612e+00 -6.323e+03 144.982 0.000 
0.00013381 0.01791697 1.0621e+00 -6.336e+03 144.994 0.000 
0.00013381 0.01841466 1.0630e+00 -6.341e+03 144.999 0.000 
0.00013381 0.01891235 1.0640e+00 -6.330e+03 144.980 0.000 
-0.00617031 0.00000000 1.0465e+00 -6.347e+03 144.976 0.000 
-0.00617031 0.00049769 1.0447e+00 -6.379e+03 144.997 0.000 
-0.00617031 0.00099539 1.0429e+00 -6.417e+03 144.991 0.000 
-0.00617031 0.00149308 1.0412e+00 -6.446e+03 144.982 0.000 
-0.00617031 0.00199077 1.0395e+00 -6.480e+03 144.984 0.000 
-0.00617031 0.00248847 1.0377e+00 -6.531e+03 145.016 0.000 
-0.00617031 0.00298616 1.0360e+00 -6.608e+03 144.984 0.000 
-0.00617031 0.00348385 1.0343e+00 -6.652e+03 144.986 0.000 
-0.00617031 0.00398155 1.0328e+00 -6.696e+03 145.033 0.000 
-0.00617031 0.00447924 1.0314e+00 -6.724e+03 145.008 0.000 
-0.00617031 0.00497693 1.0300e+00 -6.750e+03 145.007 0.000 
-0.00617031 0.00547463 1.0287e+00 -6.769e+03 145.012 0.000 
-0.00617031 0.00597232 1.0275e+00 -6.785e+03 145.001 0.000 
-0.00617031 0.00647002 1.0264e+00 -6.796e+03 145.011 0.000 
-0.00617031 0.00696771 1.0254e+00 -6.802e+03 144.981 0.000 
-0.00617031 0.00746540 1.0246e+00 -6.793e+03 144.994 0.000 
-0.00617031 0.00796310 1.0238e+00 -6.784e+03 145.004 0.000 
-0.00617031 0.00846079 1.0231e+00 -6.771e+03 144.973 0.000 
-0.00617031 0.00895848 1.0224e+00 -6.763e+03 145.007 0.000 
-0.00617031 0.00945618 1.0219e+00 -6.753e+03 144.997 0.000 
-0.00617031 0.00995387 1.0214e+00 -6.747e+03 144.996 0.000 
-0.00617031 0.01045156 1.0210e+00 -6.745e+03 144.987 0.000 
-0.00617031 0.01094926 1.0208e+00 -6.726e+03 144.994 0.000 
-0.00617031 0.01144695 1.0206e+00 -6.703e+03 144.975 0.000 
-0.00617031 0.01194464 1.0205e+00 -6.683e+03 144.990 0.000 
-0.00617031 0.01244234 1.0204e+00 -6.668e+03 144.977 0.000 
-0.00617031 0.01294003 1.0204e+00 -6.662e+03 145.012 0.000 
-0.00617031 0.01343772 1.0205e+00 -6.654e+03 145.005 0.000 
-0.00617031 0.01393542 1.0206e+00 -6.644e+03 145.000 0.000 
-0.00617031 0.01443311 1.0209e+00 -6.626e+03 145.007 0.000 
-0.00617031 0.01493080 1.0212e+00 -6.596e+03 145.002 0.000 
-0.00617031 0.01542850 1.0216e+00 -6.559e+03 144.979 0.000 
-0.00617031 0.01592619 1.0220e+00 -6.532e+03 144.966 0.000 
-0.00617031 0.01642388 1.0225e+00 -6.503e+03 144.992 0.000 
-0.00617031 0.01692158 1.0230e+00 -6.478e+03 145.002 0.000 
-0.00617031 0.01741927 1.0235e+00 -6.461e+03 144.998 0.000 
-0.00617031 0.01791697 1.0241e+00 -6.442e+03 144.978 0.000 
-0.00617031 0.01841466 1.0247e+00 -6.426e+03 144.972 0.000 
-0.00617031 0.01891235 1.0254e+00 -6.401e+03 144.993 0.000 
-0.00650210 0.00000000 1.0500e+00 -6.329e+03 144.999 0.000 
-0.00650210 0.00049769 1.0482e+00 -6.381e+03 144.987 0.000 
-0.00650210 0.00099539 1.0463e+00 -6.430e+03 145.000 0.000 
-0.00650210 0.00149308 1.0444e+00 -6.470e+03 145.006 0.000 
-0.00650210 0.00199077 1.0426e+00 -6.506e+03 145.004 0.000 
-0.00650210 0.00248847 1.0408e+00 -6.545e+03 144.998 0.000 
-0.00650210 0.00298616 1.0390e+00 -6.593e+03 145.016 0.000 
-0.00650210 0.00348385 1.0372e+00 -6.666e+03 144.985 0.000 
-0.00650210 0.00398155 1.0355e+00 -6.711e+03 145.001 0.000 
-0.00650210 0.00447924 1.0339e+00 -6.748e+03 145.007 0.000 
-0.00650210 0.00497693 1.0324e+00 -6.779e+03 145.004 0.000 
-0.00650210 0.00547463 1.0309e+00 -6.810e+03 145.002 0.000 
-0.00650210 0.00597232 1.0296e+00 -6.834e+03 145.008 0.000 
-0.00650210 0.00647002 1.0283e+00 -6.861e+03 145.005 0.000 
-0.00650210 0.00696771 1.0272e+00 -6.870e+03 144.963 0.000 
-0.00650210 0.00746540 1.0262e+00 -6.876e+03 145.002 0.000 
-0.00650210 0.00796310 1.0252e+00 -6.867e+03 144.976 0.000 
-0.00650210 0.00846079 1.0244e+00 -6.857e+03 145.007 0.000 
-0.00650210 0.00895848 1.0237e+00 -6.840e+03 144.998 0.000 
-0.00650210 0.00945618 1.0230e+00 -6.828e+03 145.004 0.000 
-0.00650210 0.00995387 1.0225e+00 -6.813e+03 144.993 0.000 
-0.00650210 0.01045156 1.0220e+00 -6.802e+03 145.009 0.000 
-0.00650210 0.01094926 1.0216e+00 -6.790e+03 145.004 0.000 
-0.00650210 0.01144695 1.0213e+00 -6.766e+03 144.970 0.000 
-0.00650210 0.01194464 1.0211e+00 -6.756e+03 144.986 0.000 
-0.00650210 0.01244234 1.0209e+00 -6.732e+03 144.994 0.000 
-0.00650210 0.01294003 1.0208e+00 -6.712e+03 144.976 0.000 
-0.00650210 0.01343772 1.0208e+00 -6.710e+03 144.993 0.000 
-0.00650210 0.01393542 1.0208e+00 -6.695e+03 144.989 0.000 
-0.00650210 0.01443311 1.0209e+00 -6.685e+03 144.974 0.000 
-0.00650210 0.01493080 1.0211e+00 -6.669e+03 144.992 0.000 
-0.00650210 0.01542850 1.0214e+00 -6.644e+03 144.969 0.000 
-0.00650210 0.01592619 1.0217e+00 -6.611e+03 144.977 0.000 
-0.00650210 0.01642388 1.0221e+00 -6.577e+03 144.993 0.000 
-0.00650210 0.01692158 1.0226e+00 -6.534e+03 144.998 0.000 
-0.00650210 0.01741927 1.0231e+00 -6.506e+03 144.983 0.000 
-0.00650210 0.01791697 1.0236e+00 -6.490e+03 144.983 0.000 
-0.00650210 0.01841466 1.0242e+00 -6.454e+03 144.973 0.000 
-0.00650210 0.01891235 1.0248e+00 -6.440e+03 144.997 0.000 
-0.00683390 0.00000000 1.0538e+00 -6.311e+03 145.007 0.000 
-0.00683390 0.00049769 1.0519e+00 -6.366e+03 145.028 0.000 
-0.00683390 0.00099539 1.0499e+00 -6.427e+03 145.003 0.000 
-0.00683390 0.00149308 1.0479e+00 -6.479e+03 145.016 0.000 
-0.00683390 0.00199077 1.0460e+00 -6.522e+03 144.973 0.000 
-0.00683390 0.00248847 1.0441e+00 -6.567e+03 144.978 0.000 
-0.00683390 0.00298616 1.0422e+00 -6.615e+03 145.007 0.000 
-0.00683390 0.00348385 1.0402e+00 -6.689e+03 144.977 0.000 
-0.00683390 0.00398155 1.0384e+00 -6.733e+03 145.007 0.000 
-0.00683390 0.00447924 1.0367e+00 -6.772e+03 145.006 0.000 
-0.00683390 0.00497693 1.0350e+00 -6.808e+03 144.980 0.000 
-0.00683390 0.00547463 1.0335e+00 -6.842e+03 144.969 0.000 
-0.00683390 0.00597232 1.0320e+00 -6.871e+03 144.988 0.000 
-0.00683390 0.00647002 1.0306e+00 -6.896e+03 144.984 0.000 
-0.00683390 0.00696771 1.0293e+00 -6.916e+03 144.976 0.000 
-0.00683390 0.00746540 1.0281e+00 -6.938e+03 145.008 0.000 
-0.00683390 0.00796310 1.0270e+00 -6.943e+03 145.000 0.000 
-0.00683390 0.00846079 1.0260e+00 -6.939e+03 144.991 0.000 
-0.00683390 0.00895848 1.0252e+00 -6.925e+03 144.996 0.000 
-0.00683390 0.00945618 1.0244e+00 -6.913e+03 145.004 0.000 
-0.00683390 0.00995387 1.0237e+00 -6.900e+03 145.007 0.000 
-0.00683390 0.01045156 1.0231e+00 -6.884e+03 144.991 0.000 
-0.00683390 0.01094926 1.0226e+00 -6.869e+03 145.002 0.000 
-0.00683390 0.01144695 1.0222e+00 -6.852e+03 144.967 0.000 
-0.00683390 0.01194464 1.0218e+00 -6.848e+03 144.992 0.000 
-0.00683390 0.01244234 1.0216e+00 -6.807e+03 144.999 0.000 
-0.00683390 0.01294003 1.0215e+00 -6.777e+03 144.973 0.000 
-0.00683390 0.01343772 1.0213e+00 -6.763e+03 144.972 0.000 
-0.00683390 0.01393542 1.0213e+00 -6.751e+03 144.986 0.000 
-0.00683390 0.01443311 1.0213e+00 -6.740e+03 144.984 0.000 
-0.00683390 0.01493080 1.0213e+00 -6.729e+03 144.973 0.000 
-0.00683390 0.01542850 1.0215e+00 -6.700e+03 144.998 0.000 
-0.00683390 0.01592619 1.0217e+00 -6.687e+03 144.986 0.000 
-0.00683390 0.01642388 1.0220e+00 -6.656e+03 144.976 0.000 
-0.00683390 0.01692158 1.0225e+00 -6.602e+03 144.974 0.000 
-0.00683390 0.01741927 1.0229e+00 -6.571e+03 144.995 0.000 
-0.00683390 0.01791697 1.0233e+00 -6.549e+03 144.992 0.000 
-0.00683390 0.01841466 1.0238e+00 -6.520e+03 144.986 0.000 
-0.00683390 0.01891235 1.0244e+00 -6.489e+03 144.982 0.000 
-0.00716569 0.00000000 1.0577e+00 -6.322e+03 144.978 0.000 
-0.00716569 0.00049769 1.0557e+00 -6.372e+03 144.973 0.000 
-0.00716569 0.00099539 1.0536e+00 -6.426e+03 145.003 0.000 
-0.00716569 0.00149308 1.0516e+00 -6.486e+03 144.998 0.000 
-0.00716569 0.00199077 1.0495e+00 -6.534e+03 144.972 0.000 
-0.00716569 0.00248847 1.0475e+00 -6.592e+03 144.979 0.000 
-0.00716569 0.00298616 1.0455e+00 -6.643e+03 145.002 0.000 
-0.00716569 0.00348385 1.0434e+00 -6.719e+03 144.977 0.000 
-0.00716569 0.00398155 1.0415e+00 -6.774e+03 145.012 0.000 
-0.00716569 0.00447924 1.0396e+00 -6.812e+03 144.987 0.000 
-0.00716569 0.00497693 1.0379e+00 -6.857e+03 144.985 0.000 
-0.00716569 0.00547463 1.0362e+00 -6.889e+03 145.002 0.000 
-0.00716569 0.00597232 1.0346e+00 -6.912e+03 144.995 0.000 
-0.00019799 0.00000000 1.0268e+00 -6.398e+03 144.999 0.000 
-0.00019799 0.00049769 1.0273e+00 -6.389e+03 144.997 0.000 
-0.00019799 0.00099539 1.0278e+00 -6.383e+03 145.009 0.000 
-0.00019799 0.00149308 1.0284e+00 -6.374e+03 144.999 0.000 
-0.00019799 0.00199077 1.0290e+00 -6.366e+03 144.997 0.000 
-0.00019799 0.00248847 1.0297e+00 -6.353e+03 144.992 0.000 
-0.00019799 0.00298616 1.0304e+00 -6.342e+03 144.995 0.000 
-0.00019799 0.00348385 1.0312e+00 -6.325e+03 144.983 0.000 
-0.00019799 0.00398155 1.0320e+00 -6.315e+03 145.004 0.000 
-0.00019799 0.00447924 1.0329e+00 -6.306e+03 145.005 0.000 
-0.00019799 0.00497693 1.0338e+00 -6.296e+03 145.000 0.000 
-0.00019799 0.00547463 1.0346e+00 -6.306e+03 145.005 0.000 
-0.00019799 0.00597232 1.0355e+00 -6.297e+03 145.004 0.000 
-0.00716569 0.00647002 1.0331e+00 -6.939e+03 145.006 0.000 
-0.00716569 0.00696771 1.0316e+00 -6.961e+03 144.977 0.000 
-0.00716569 0.00746540 1.0302e+00 -6.988e+03 145.012 0.000 
-0.00716569 0.00796310 1.0290e+00 -7.008e+03 144.991 0.000 
-0.00716569 0.00846079 1.0279e+00 -7.016e+03 144.987 0.000 
-0.00716569 0.00895848 1.0269e+00 -7.010e+03 144.982 0.000 
-0.00716569 0.00945618 1.0260e+00 -6.995e+03 144.984 0.000 
-0.00716569 0.00995387 1.0252e+00 -6.974e+03 144.967 0.000 
-0.00716569 0.01045156 1.0245e+00 -6.960e+03 144.977 0.000 
-0.00716569 0.01094926 1.0238e+00 -6.954e+03 145.006 0.000 
-0.00716569 0.01144695 1.0232e+00 -6.941e+03 144.984 0.000 
-0.00716569 0.01194464 1.0228e+00 -6.923e+03 144.978 0.000 
-0.00716569 0.01244234 1.0225e+00 -6.899e+03 144.974 0.000 
-0.00716569 0.01294003 1.0222e+00 -6.868e+03 144.973 0.000 
-0.00716569 0.01343772 1.0220e+00 -6.837e+03 144.964 0.000 
-0.00716569 0.01393542 1.0219e+00 -6.816e+03 144.976 0.000 
-0.00716569 0.01443311 1.0218e+00 -6.794e+03 144.996 0.000 
-0.00716569 0.01493080 1.0218e+00 -6.775e+03 144.975 0.000 
-0.00716569 0.01542850 1.0218e+00 -6.764e+03 144.993 0.000 
-0.00716569 0.01592619 1.0220e+00 -6.748e+03 144.993 0.000 
-0.00716569 0.01642388 1.0222e+00 -6.720e+03 144.981 0.000 
-0.00716569 0.01692158 1.0225e+00 -6.683e+03 144.981 0.000 
-0.00716569 0.01741927 1.0228e+00 -6.648e+03 144.985 0.000 
-0.00716569 0.01791697 1.0232e+00 -6.614e+03 144.979 0.000 
-0.00716569 0.01841466 1.0236e+00 -6.587e+03 144.974 0.000 
-0.00716569 0.01891235 1.0241e+00 -6.560e+03 144.972 0.000 
-0.00749749 0.00000000 1.0616e+00 -6.348e+03 144.971 0.000 
-0.00749749 0.00049769 1.0595e+00 -6.406e+03 145.009 0.000 
-0.00749749 0.00099539 1.0574e+00 -6.457e+03 145.011 0.000 
-0.00749749 0.00149308 1.0554e+00 -6.504e+03 145.003 0.000 
-0.00749749 0.00199077 1.0532e+00 -6.556e+03 144.994 0.000 
-0.00749749 0.00248847 1.0511e+00 -6.609e+03 144.976 0.000 
-0.00749749 0.00298616 1.0490e+00 -6.667e+03 144.980 0.000 
-0.00749749 0.00348385 1.0468e+00 -6.746e+03 145.000 0.000 
-0.00749749 0.00398155 1.0448e+00 -6.802e+03 144.993 0.000 
-0.00749749 0.00447924 1.0428e+00 -6.855e+03 144.994 0.000 
-0.00749749 0.00497693 1.0409e+00 -6.909e+03 144.992 0.000 
-0.00749749 0.00547463 1.0391e+00 -6.942e+03 144.994 0.000 
-0.00749749 0.00597232 1.0373e+00 -6.967e+03 144.985 0.000 
-0.00749749 0.00647002 1.0357e+00 -6.999e+03 145.010 0.000 
-0.00749749 0.00696771 1.0342e+00 -7.014e+03 144.967 0.000 
-0.00749749 0.00746540 1.0327e+00 -7.041e+03 144.992 0.000 
-0.00749749 0.00796310 1.0313e+00 -7.061e+03 144.978 0.000 
-0.00749749 0.00846079 1.0300e+00 -7.077e+03 145.008 0.000 
-0.00749749 0.00895848 1.0288e+00 -7.087e+03 144.990 0.000 
-0.00749749 0.00945618 1.0278e+00 -7.080e+03 144.991 0.000 
-0.00749749 0.00995387 1.0268e+00 -7.064e+03 144.982 0.000 
-0.00749749 0.01045156 1.0260e+00 -7.042e+03 144.974 0.000 
-0.00749749 0.01094926 1.0253e+00 -7.024e+03 144.983 0.000 
-0.00749749 0.01144695 1.0246e+00 -7.010e+03 144.989 0.000 
-0.00749749 0.01194464 1.0240e+00 -6.998e+03 144.977 0.000 
-0.00749749 0.01244234 1.0235e+00 -6.979e+03 144.967 0.000 
-0.00749749 0.01294003 1.0231e+00 -6.959e+03 144.961 0.000 
-0.00749749 0.01343772 1.0228e+00 -6.934e+03 144.978 0.000 
-0.00749749 0.01393542 1.0226e+00 -6.907e+03 144.987 0.000 
-0.00749749 0.01443311 1.0225e+00 -6.878e+03 144.984 0.000 
-0.00749749 0.01493080 1.0224e+00 -6.854e+03 144.991 0.000 
-0.00749749 0.01542850 1.0223e+00 -6.830e+03 144.980 0.000 
-0.00749749 0.01592619 1.0224e+00 -6.807e+03 144.981 0.000 
-0.00749749 0.01642388 1.0225e+00 -6.784e+03 144.962 0.000 
-0.00749749 0.01692158 1.0227e+00 -6.761e+03 144.972 0.000 
-0.00749749 0.01741927 1.0229e+00 -6.729e+03 144.967 0.000 
-0.00749749 0.01791697 1.0232e+00 -6.695e+03 144.992 0.000 
-0.00749749 0.01841466 1.0236e+00 -6.661e+03 145.000 0.000 
-0.00749749 0.01891235 1.0240e+00 -6.627e+03 144.995 0.000 
-0.00782929 0.00000000 1.0658e+00 -6.362e+03 144.999 0.000 
-0.00782929 0.00049769 1.0637e+00 -6.413e+03 144.984 0.000 
-0.00782929 0.00099539 1.0615e+00 -6.476e+03 144.989 0.000 
-0.00782929 0.00149308 1.0593e+00 -6.519e+03 144.976 0.000 
-0.00782929 0.00199077 1.0571e+00 -6.574e+03 145.013 0.000 
-0.00782929 0.00248847 1.0549e+00 -6.630e+03 144.996 0.000 
-0.00782929 0.00298616 1.0527e+00 -6.682e+03 144.993 0.000 
-0.00782929 0.00348385 1.0505e+00 -6.759e+03 144.992 0.000 
-0.00782929 0.00398155 1.0484e+00 -6.811e+03 145.008 0.000 
-0.00782929 0.00447924 1.0462e+00 -6.874e+03 144.991 0.000 
-0.00782929 0.00497693 1.0442e+00 -6.933e+03 145.015 0.000 
-0.00782929 0.00547463 1.0422e+00 -6.980e+03 144.976 0.000 
-0.00782929 0.00597232 1.0403e+00 -7.030e+03 145.007 0.000 
-0.00782929 0.00647002 1.0385e+00 -7.056e+03 144.976 0.000 
-0.00782929 0.00696771 1.0369e+00 -7.077e+03 144.970 0.000 
-0.00782929 0.00746540 1.0353e+00 -7.097e+03 144.985 0.000 
-0.00782929 0.00796310 1.0337e+00 -7.121e+03 144.999 0.000 
-0.00782929 0.00846079 1.0323e+00 -7.139e+03 144.991 0.000 
-0.00782929 0.00895848 1.0310e+00 -7.148e+03 145.007 0.000 
-0.00782929 0.00945618 1.0298e+00 -7.151e+03 144.971 0.000 
-0.00782929 0.00995387 1.0288e+00 -7.145e+03 144.964 0.000 
-0.00782929 0.01045156 1.0278e+00 -7.131e+03 144.997 0.000 
-0.00782929 0.01094926 1.0270e+00 -7.102e+03 144.968 0.000 
-0.00782929 0.01144695 1.0262e+00 -7.082e+03 144.983 0.000 
-0.00782929 0.01194464 1.0255e+00 -7.064e+03 144.994 0.000 
-0.00782929 0.01244234 1.0249e+00 -7.049e+03 145.000 0.000 
-0.00782929 0.01294003 1.0244e+00 -7.032e+03 144.969 0.000 
-0.00782929 0.01343772 1.0239e+00 -7.016e+03 144.990 0.000 
-0.00782929 0.01393542 1.0236e+00 -6.991e+03 144.991 0.000 
-0.00782929 0.01443311 1.0233e+00 -6.963e+03 144.980 0.000 
-0.00782929 0.01493080 1.0231e+00 -6.933e+03 144.979 0.000 
-0.00782929 0.01542850 1.0230e+00 -6.911e+03 145.007 0.000 
-0.00782929 0.01592619 1.0230e+00 -6.885e+03 144.982 0.000 
-0.00782929 0.01642388 1.0230e+00 -6.861e+03 144.983 0.000 
-0.00782929 0.01692158 1.0231e+00 -6.836e+03 144.989 0.000 
-0.00782929 0.01741927 1.0232e+00 -6.807e+03 144.986 0.000 
-0.00782929 0.01791697 1.0234e+00 -6.775e+03 144.996 0.000 
-0.00782929 0.01841466 1.0237e+00 -6.737e+03 144.990 0.000 
-0.00782929 0.01891235 1.0241e+00 -6.697e+03 144.980 0.000 
-0.00816108 0.00000000 1.0700e+00 -6.363e+03 144.970 0.000 
-0.00816108 0.00049769 1.0679e+00 -6.423e+03 144.994 0.000 
-0.00816108 0.00099539 1.0657e+00 -6.483e+03 144.982 0.000 
-0.00816108 0.00149308 1.0634e+00 -6.544e+03 144.974 0.000 
-0.00816108 0.00199077 1.0612e+00 -6.596e+03 144.982 0.000 
-0.00816108 0.00248847 1.0589e+00 -6.654e+03 144.986 0.000 
-0.00816108 0.00298616 1.0566e+00 -6.707e+03 144.979 0.000 
-0.00816108 0.00348385 1.0542e+00 -6.787e+03 144.993 0.000 
-0.00816108 0.00398155 1.0520e+00 -6.831e+03 144.972 0.000 
-0.00816108 0.00447924 1.0499e+00 -6.882e+03 144.978 0.000 
-0.00816108 0.00497693 1.0477e+00 -6.943e+03 144.999 0.000 
-0.00816108 0.00547463 1.0456e+00 -6.996e+03 144.992 0.000 
-0.00816108 0.00597232 1.0435e+00 -7.048e+03 144.982 0.000 
-0.00816108 0.00647002 1.0416e+00 -7.095e+03 144.967 0.000 
-0.00816108 0.00696771 1.0398e+00 -7.134e+03 145.006 0.000 
-0.00816108 0.00746540 1.0380e+00 -7.155e+03 144.992 0.000 
-0.00816108 0.00796310 1.0364e+00 -7.172e+03 145.004 0.000 
-0.00816108 0.00846079 1.0349e+00 -7.184e+03 144.968 0.000 
-0.00816108 0.00895848 1.0335e+00 -7.208e+03 144.997 0.000 
-0.00816108 0.00945618 1.0321e+00 -7.216e+03 144.989 0.000 
-0.00816108 0.00995387 1.0309e+00 -7.223e+03 144.994 0.000 
-0.00816108 0.01045156 1.0298e+00 -7.216e+03 144.985 0.000 
-0.00816108 0.01094926 1.0288e+00 -7.200e+03 144.988 0.000 
-0.00816108 0.01144695 1.0279e+00 -7.174e+03 144.982 0.000 
-0.00816108 0.01194464 1.0271e+00 -7.146e+03 144.985 0.000 
-0.00816108 0.01244234 1.0264e+00 -7.124e+03 144.976 0.000 
-0.00019799 0.00647002 1.0364e+00 -6.297e+03 144.979 0.000 
-0.00019799 0.00696771 1.0373e+00 -6.293e+03 144.981 0.000 
-0.00019799 0.00746540 1.0382e+00 -6.300e+03 144.991 0.000 
-0.00019799 0.00796310 1.0392e+00 -6.296e+03 144.992 0.000 
-0.00019799 0.00846079 1.0403e+00 -6.280e+03 144.958 0.000 
-0.00019799 0.00895848 1.0413e+00 -6.277e+03 144.999 0.000 
-0.00019799 0.00945618 1.0423e+00 -6.270e+03 144.968 0.000 
-0.00019799 0.00995387 1.0433e+00 -6.264e+03 144.999 0.000 
-0.00019799 0.01045156 1.0443e+00 -6.267e+03 144.995 0.000 
-0.00019799 0.01094926 1.0453e+00 -6.272e+03 144.990 0.000 
-0.00019799 0.01144695 1.0463e+00 -6.270e+03 144.984 0.000 
-0.00019799 0.01194464 1.0474e+00 -6.271e+03 144.980 0.000 
-0.00019799 0.01244234 1.0484e+00 -6.269e+03 144.970 0.000 
-0.00816108 0.01294003 1.0258e+00 -7.106e+03 144.996 0.000 
-0.00816108 0.01343772 1.0253e+00 -7.085e+03 144.991 0.000 
-0.00816108 0.01393542 1.0248e+00 -7.064e+03 144.979 0.000 
-0.00816108 0.01443311 1.0244e+00 -7.040e+03 144.975 0.000 
-0.00816108 0.01493080 1.0241e+00 -7.014e+03 144.993 0.000 
-0.00816108 0.01542850 1.0239e+00 -6.986e+03 144.987 0.000 
-0.00816108 0.01592619 1.0238e+00 -6.959e+03 144.989 0.000 
-0.00816108 0.01642388 1.0237e+00 -6.933e+03 144.958 0.000 
-0.00816108 0.01692158 1.0237e+00 -6.910e+03 144.972 0.000 
-0.00816108 0.01741927 1.0238e+00 -6.876e+03 144.999 0.000 
-0.00816108 0.01791697 1.0239e+00 -6.842e+03 144.985 0.000 
-0.00816108 0.01841466 1.0241e+00 -6.810e+03 144.965 0.000 
-0.00816108 0.01891235 1.0244e+00 -6.774e+03 144.972 0.000 
-0.00849288 0.00000000 1.0743e+00 -6.379e+03 145.004 0.000 
-0.00849288 0.00049769 1.0721e+00 -6.435e+03 144.978 0.000 
-0.00849288 0.00099539 1.0699e+00 -6.499e+03 144.968 0.000 
-0.00849288 0.00149308 1.0676e+00 -6.562e+03 144.977 0.000 
-0.00849288 0.00199077 1.0652e+00 -6.627e+03 145.013 0.000 
-0.00849288 0.00248847 1.0629e+00 -6.694e+03 144.989 0.000 
-0.00849288 0.00298616 1.0605e+00 -6.754e+03 144.995 0.000 
-0.00849288 0.00348385 1.0581e+00 -6.834e+03 145.016 0.000 
-0.00849288 0.00398155 1.0558e+00 -6.873e+03 144.978 0.000 
-0.00849288 0.00447924 1.0535e+00 -6.923e+03 144.984 0.000 
-0.00849288 0.00497693 1.0513e+00 -6.966e+03 144.984 0.000 
-0.00849288 0.00547463 1.0491e+00 -7.022e+03 144.991 0.000 
-0.00849288 0.00597232 1.0469e+00 -7.076e+03 144.994 0.000 
-0.00849288 0.00647002 1.0449e+00 -7.118e+03 144.979 0.000 
-0.00849288 0.00696771 1.0429e+00 -7.166e+03 145.001 0.000 
-0.00849288 0.00746540 1.0411e+00 -7.195e+03 144.987 0.000 
-0.00849288 0.00796310 1.0393e+00 -7.219e+03 144.994 0.000 
-0.00849288 0.00846079 1.0377e+00 -7.231e+03 144.983 0.000 
-0.00849288 0.00895848 1.0361e+00 -7.247e+03 144.995 0.000 
-0.00849288 0.00945618 1.0346e+00 -7.264e+03 144.985 0.000 
-0.00849288 0.00995387 1.0332e+00 -7.280e+03 144.992 0.000 
-0.00849288 0.01045156 1.0320e+00 -7.282e+03 144.959 0.000 
-0.00849288 0.01094926 1.0308e+00 -7.280e+03 144.988 0.000 
-0.00849288 0.01144695 1.0298e+00 -7.268e+03 145.000 0.000 
-0.00849288 0.01194464 1.0289e+00 -7.244e+03 144.985 0.000 
-0.00849288 0.01244234 1.0281e+00 -7.217e+03 144.987 0.000 
-0.00849288 0.01294003 1.0274e+00 -7.190e+03 144.973 0.000 
-0.00849288 0.01343772 1.0268e+00 -7.163e+03 144.968 0.000 
-0.00849288 0.01393542 1.0262e+00 -7.140e+03 144.991 0.000 
-0.00849288 0.01443311 1.0257e+00 -7.112e+03 144.969 0.000 
-0.00849288 0.01493080 1.0253e+00 -7.090e+03 144.992 0.000 
-0.00849288 0.01542850 1.0250e+00 -7.062e+03 144.978 0.000 
-0.00849288 0.01592619 1.0247e+00 -7.036e+03 144.988 0.000 
-0.00849288 0.01642388 1.0246e+00 -7.009e+03 144.999 0.000 
-0.00849288 0.01692158 1.0245e+00 -6.982e+03 144.988 0.000 
-0.00849288 0.01741927 1.0245e+00 -6.955e+03 144.987 0.000 
-0.00849288 0.01791697 1.0245e+00 -6.930e+03 144.997 0.000 
-0.00849288 0.01841466 1.0246e+00 -6.890e+03 144.997 0.000 
-0.00849288 0.01891235 1.0248e+00 -6.852e+03 144.987 0.000 
-0.00882467 0.00000000 1.0786e+00 -6.393e+03 144.974 0.000 
-0.00882467 0.00049769 1.0764e+00 -6.454e+03 144.980 0.000 
-0.00882467 0.00099539 1.0741e+00 -6.522e+03 145.022 0.000 
-0.00882467 0.00149308 1.0718e+00 -6.584e+03 145.019 0.000 
-0.00882467 0.00199077 1.0694e+00 -6.646e+03 144.977 0.000 
-0.00882467 0.00248847 1.0670e+00 -6.717e+03 145.008 0.000 
-0.00882467 0.00298616 1.0645e+00 -6.790e+03 145.000 0.000 
-0.00882467 0.00348385 1.0620e+00 -6.876e+03 145.004 0.000 
-0.00882467 0.00398155 1.0596e+00 -6.934e+03 144.982 0.000 
-0.00882467 0.00447924 1.0573e+00 -6.978e+03 144.978 0.000 
-0.00882467 0.00497693 1.0550e+00 -7.022e+03 144.998 0.000 
-0.00882467 0.00547463 1.0527e+00 -7.065e+03 144.992 0.000 
-0.00882467 0.00597232 1.0505e+00 -7.108e+03 144.993 0.000 
-0.00882467 0.00647002 1.0483e+00 -7.155e+03 145.008 0.000 
-0.00882467 0.00696771 1.0462e+00 -7.193e+03 144.999 0.000 
-0.00882467 0.00746540 1.0443e+00 -7.227e+03 144.989 0.000 
-0.00882467 0.00796310 1.0424e+00 -7.256e+03 144.978 0.000 
-0.00882467 0.00846079 1.0406e+00 -7.278e+03 144.976 0.000 
-0.00882467 0.00895848 1.0389e+00 -7.293e+03 145.001 0.000 
-0.00882467 0.00945618 1.0373e+00 -7.310e+03 144.964 0.000 
-0.00882467 0.00995387 1.0358e+00 -7.325e+03 144.978 0.000 
-0.00882467 0.01045156 1.0344e+00 -7.334e+03 144.995 0.000 
-0.00882467 0.01094926 1.0331e+00 -7.339e+03 144.990 0.000 
-0.00882467 0.01144695 1.0320e+00 -7.341e+03 144.977 0.000 
-0.00882467 0.01194464 1.0309e+00 -7.330e+03 144.977 0.000 
-0.00882467 0.01244234 1.0300e+00 -7.306e+03 144.994 0.000 
-0.00882467 0.01294003 1.0291e+00 -7.278e+03 144.982 0.000 
-0.00882467 0.01343772 1.0284e+00 -7.249e+03 144.970 0.000 
-0.00882467 0.01393542 1.0277e+00 -7.223e+03 144.983 0.000 
-0.00882467 0.01443311 1.0272e+00 -7.196e+03 144.982 0.000 
-0.00882467 0.01493080 1.0267e+00 -7.166e+03 144.980 0.000 
-0.00882467 0.01542850 1.0263e+00 -7.136e+03 144.988 0.000 
-0.00882467 0.01592619 1.0259e+00 -7.107e+03 144.977 0.000 
-0.00882467 0.01642388 1.0256e+00 -7.083e+03 144.993 0.000 
-0.00882467 0.01692158 1.0255e+00 -7.054e+03 144.983 0.000 
-0.00882467 0.01741927 1.0253e+00 -7.026e+03 144.987 0.000 
-0.00882467 0.01791697 1.0253e+00 -6.994e+03 144.979 0.000 
-0.00882467 0.01841466 1.0253e+00 -6.964e+03 144.972 0.000 
-0.00882467 0.01891235 1.0254e+00 -6.927e+03 144.982 0.000 
-0.00915647 0.00000000 1.0830e+00 -6.393e+03 144.989 0.000 
-0.00915647 0.00049769 1.0807e+00 -6.465e+03 145.019 0.000 
-0.00915647 0.00099539 1.0785e+00 -6.523e+03 144.977 0.000 
-0.00915647 0.00149308 1.0761e+00 -6.591e+03 144.974 0.000 
-0.00915647 0.00199077 1.0737e+00 -6.659e+03 144.970 0.000 
-0.00915647 0.00248847 1.0712e+00 -6.725e+03 145.007 0.000 
-0.00915647 0.00298616 1.0687e+00 -6.796e+03 144.999 0.000 
-0.00915647 0.00348385 1.0661e+00 -6.895e+03 145.015 0.000 
-0.00915647 0.00398155 1.0636e+00 -6.961e+03 145.009 0.000 
-0.00915647 0.00447924 1.0611e+00 -7.021e+03 144.998 0.000 
-0.00915647 0.00497693 1.0587e+00 -7.075e+03 145.007 0.000 
-0.00915647 0.00547463 1.0563e+00 -7.123e+03 144.985 0.000 
-0.00915647 0.00597232 1.0541e+00 -7.161e+03 144.995 0.000 
-0.00915647 0.00647002 1.0519e+00 -7.188e+03 144.978 0.000 
-0.00915647 0.00696771 1.0497e+00 -7.230e+03 145.002 0.000 
-0.00915647 0.00746540 1.0476e+00 -7.273e+03 144.998 0.000 
-0.00915647 0.00796310 1.0456e+00 -7.303e+03 144.962 0.000 
-0.00915647 0.00846079 1.0437e+00 -7.328e+03 144.990 0.000 
-0.00915647 0.00895848 1.0419e+00 -7.348e+03 144.987 0.000 
-0.00915647 0.00945618 1.0402e+00 -7.363e+03 144.999 0.000 
-0.00915647 0.00995387 1.0386e+00 -7.369e+03 144.970 0.000 
-0.00915647 0.01045156 1.0371e+00 -7.381e+03 144.997 0.000 
-0.00915647 0.01094926 1.0357e+00 -7.384e+03 144.954 0.000 
-0.00915647 0.01144695 1.0344e+00 -7.385e+03 144.968 0.000 
-0.00915647 0.01194464 1.0332e+00 -7.382e+03 144.969 0.000 
-0.00915647 0.01244234 1.0321e+00 -7.373e+03 144.969 0.000 
-0.00915647 0.01294003 1.0311e+00 -7.354e+03 144.998 0.000 
-0.00915647 0.01343772 1.0302e+00 -7.331e+03 144.983 0.000 
-0.00915647 0.01393542 1.0295e+00 -7.304e+03 144.983 0.000 
-0.00915647 0.01443311 1.0288e+00 -7.277e+03 145.004 0.000 
-0.00915647 0.01493080 1.0282e+00 -7.248e+03 144.996 0.000 
-0.00915647 0.01542850 1.0277e+00 -7.213e+03 144.965 0.000 
-0.00915647 0.01592619 1.0273e+00 -7.174e+03 144.959 0.000 
-0.00915647 0.01642388 1.0269e+00 -7.145e+03 144.976 0.000 
-0.00915647 0.01692158 1.0266e+00 -7.118e+03 145.002 0.000 
-0.00915647 0.01741927 1.0264e+00 -7.089e+03 144.999 0.000 
-0.00915647 0.01791697 1.0263e+00 -7.060e+03 145.008 0.000 
-0.00915647 0.01841466 1.0262e+00 -7.031e+03 145.002 0.000 
-0.00915647 0.01891235 1.0262e+00 -6.996e+03 144.976 0.000 
-0.00019799 0.01294003 1.0495e+00 -6.267e+03 144.978 0.000 
-0.00019799 0.01343772 1.0505e+00 -6.268e+03 144.983 0.000 
-0.00019799 0.01393542 1.0515e+00 -6.273e+03 144.991 0.000 
-0.00019799 0.01443311 1.0525e+00 -6.279e+03 144.987 0.000 
-0.00019799 0.01493080 1.0535e+00 -6.285e+03 145.006 0.000 
-0.00019799 0.01542850 1.0545e+00 -6.286e+03 144.998 0.000 
-0.00019799 0.01592619 1.0555e+00 -6.285e+03 145.002 0.000 
-0.00019799 0.01642388 1.0565e+00 -6.280e+03 144.967 0.000 
-0.00019799 0.01692158 1.0575e+00 -6.279e+03 144.983 0.000 
-0.00019799 0.01741927 1.0585e+00 -6.282e+03 144.958 0.000 
-0.00019799 0.01791697 1.0593e+00 -6.297e+03 144.987 0.000 
-0.00019799 0.01841466 1.0603e+00 -6.304e+03 144.981 0.000 
-0.00019799 0.01891235 1.0612e+00 -6.311e+03 144.997 0.000 
-0.00948826 0.00000000 1.0875e+00 -6.376e+03 144.970 0.000 
-0.00948826 0.00049769 1.0852e+00 -6.454e+03 145.007 0.000 
-0.00948826 0.00099539 1.0828e+00 -6.529e+03 144.977 0.000 
-0.00948826 0.00149308 1.0804e+00 -6.608e+03 145.012 0.000 
-0.00948826 0.00199077 1.0779e+00 -6.675e+03 145.001 0.000 
-0.00948826 0.00248847 1.0755e+00 -6.733e+03 144.971 0.000 
-0.00948826 0.00298616 1.0729e+00 -6.801e+03 145.002 0.000 
-0.00948826 0.00348385 1.0703e+00 -6.897e+03 144.974 0.000 
-0.00948826 0.00398155 1.0677e+00 -6.970e+03 145.006 0.000 
-0.00948826 0.00447924 1.0651e+00 -7.035e+03 144.969 0.000 
-0.00948826 0.00497693 1.0626e+00 -7.107e+03 144.980 0.000 
-0.00948826 0.00547463 1.0601e+00 -7.162e+03 145.006 0.000 
-0.00948826 0.00597232 1.0577e+00 -7.205e+03 145.001 0.000 
-0.00948826 0.00647002 1.0555e+00 -7.235e+03 145.001 0.000 
-0.00948826 0.00696771 1.0532e+00 -7.269e+03 144.998 0.000 
-0.00948826 0.00746540 1.0510e+00 -7.310e+03 145.005 0.000 
-0.00948826 0.00796310 1.0489e+00 -7.346e+03 144.975 0.000 
-0.00948826 0.00846079 1.0469e+00 -7.378e+03 145.005 0.000 
-0.00948826 0.00895848 1.0450e+00 -7.396e+03 144.985 0.000 
-0.00948826 0.00945618 1.0432e+00 -7.416e+03 144.982 0.000 
-0.00948826 0.00995387 1.0415e+00 -7.428e+03 144.983 0.000 
-0.00948826 0.01045156 1.0398e+00 -7.437e+03 144.998 0.000 
-0.00948826 0.01094926 1.0383e+00 -7.441e+03 144.990 0.000 
-0.00948826 0.01144695 1.0369e+00 -7.442e+03 144.990 0.000 
-0.00948826 0.01194464 1.0356e+00 -7.436e+03 144.974 0.000 
-0.00948826 0.01244234 1.0344e+00 -7.430e+03 144.997 0.000 
-0.00948826 0.01294003 1.0333e+00 -7.410e+03 144.968 0.000 
-0.00948826 0.01343772 1.0323e+00 -7.392e+03 144.974 0.000 
-0.00948826 0.01393542 1.0314e+00 -7.369e+03 144.979 0.000 
-0.00948826 0.01443311 1.0306e+00 -7.343e+03 144.988 0.000 
-0.00948826 0.01493080 1.0299e+00 -7.316e+03 144.991 0.000 
-0.00948826 0.01542850 1.0293e+00 -7.282e+03 144.968 0.000 
-0.00948826 0.01592619 1.0288e+00 -7.252e+03 144.980 0.000 
-0.00948826 0.01642388 1.0284e+00 -7.218e+03 144.985 0.000 
-0.00948826 0.01692158 1.0280e+00 -7.185e+03 145.004 0.000 
-0.00948826 0.01741927 1.0277e+00 -7.151e+03 144.971 0.000 
-0.00948826 0.01791697 1.0275e+00 -7.121e+03 144.971 0.000 
-0.00948826 0.01841466 1.0273e+00 -7.089e+03 145.005 0.000 
-0.00948826 0.01891235 1.0272e+00 -7.056e+03 144.969 0.000 
-0.00982006 0.00000000 1.0918e+00 -6.375e+03 145.007 0.000 
-0.00982006 0.00049769 1.0896e+00 -6.445e+03 144.996 0.000 
-0.00982006 0.00099539 1.0872e+00 -6.530e+03 145.029 0.000 
-0.00982006 0.00149308 1.0848e+00 -6.613e+03 145.017 0.000 
-0.00982006 0.00199077 1.0823e+00 -6.689e+03 144.983 0.000 
-0.00982006 0.00248847 1.0797e+00 -6.772e+03 144.981 0.000 
-0.00982006 0.00298616 1.0771e+00 -6.843e+03 145.004 0.000 
-0.00982006 0.00348385 1.0744e+00 -6.921e+03 144.997 0.000 
-0.00982006 0.00398155 1.0718e+00 -6.979e+03 144.983 0.000 
-0.00982006 0.00447924 1.0692e+00 -7.053e+03 144.993 0.000 
-0.00982006 0.00497693 1.0666e+00 -7.125e+03 144.985 0.000 
-0.00982006 0.00547463 1.0640e+00 -7.183e+03 144.992 0.000 
-0.00982006 0.00597232 1.0615e+00 -7.231e+03 144.989 0.000 
-0.00982006 0.00647002 1.0591e+00 -7.271e+03 144.970 0.000 
-0.00982006 0.00696771 1.0568e+00 -7.312e+03 144.987 0.000 
-0.00982006 0.00746540 1.0545e+00 -7.344e+03 144.965 0.000 
-0.00982006 0.00796310 1.0524e+00 -7.364e+03 144.996 0.000 
-0.00982006 0.00846079 1.0503e+00 -7.394e+03 144.985 0.000 
-0.00982006 0.00895848 1.0482e+00 -7.428e+03 144.990 0.000 
-0.00982006 0.00945618 1.0463e+00 -7.458e+03 144.977 0.000 
-0.00982006 0.00995387 1.0444e+00 -7.481e+03 145.003 0.000 
-0.00982006 0.01045156 1.0427e+00 -7.492e+03 144.994 0.000 
-0.00982006 0.01094926 1.0411e+00 -7.490e+03 144.987 0.000 
-0.00982006 0.01144695 1.0396e+00 -7.493e+03 144.973 0.000 
-0.00982006 0.01194464 1.0382e+00 -7.491e+03 144.992 0.000 
-0.00982006 0.01244234 1.0368e+00 -7.484e+03 144.975 0.000 
-0.00982006 0.01294003 1.0356e+00 -7.471e+03 144.969 0.000 
-0.00982006 0.01343772 1.0345e+00 -7.451e+03 144.991 0.000 
-0.00982006 0.01393542 1.0336e+00 -7.425e+03 144.986 0.000 
-0.00982006 0.01443311 1.0327e+00 -7.398e+03 144.975 0.000 
-0.00982006 0.01493080 1.0319e+00 -7.372e+03 144.975 0.000 
-0.00982006 0.01542850 1.0311e+00 -7.346e+03 144.995 0.000 
-0.00982006 0.01592619 1.0305e+00 -7.311e+03 144.992 0.000 
-0.00982006 0.01642388 1.0300e+00 -7.276e+03 144.979 0.000 
-0.00982006 0.01692158 1.0295e+00 -7.244e+03 144.987 0.000 
-0.00982006 0.01741927 1.0291e+00 -7.211e+03 145.006 0.000 
-0.00982006 0.01791697 1.0288e+00 -7.172e+03 144.965 0.000 
-0.00982006 0.01841466 1.0286e+00 -7.145e+03 145.000 0.000 
-0.00982006 0.01891235 1.0284e+00 -7.108e+03 144.975 0.000 
-0.01015185 0.00000000 1.0962e+00 -6.366e+03 145.002 0.000 
-0.01015185 0.00049769 1.0939e+00 -6.443e+03 145.010 0.000 
-0.01015185 0.00099539 1.0916e+00 -6.517e+03 145.007 0.000 
-0.01015185 0.00149308 1.0891e+00 -6.602e+03 144.997 0.000 
-0.01015185 0.00199077 1.0866e+00 -6.693e+03 145.032 0.000 
-0.01015185 0.00248847 1.0840e+00 -6.776e+03 144.990 0.000 
-0.01015185 0.00298616 1.0813e+00 -6.859e+03 144.978 0.000 
-0.01015185 0.00348385 1.0786e+00 -6.959e+03 145.008 0.000 
-0.01015185 0.00398155 1.0759e+00 -7.024e+03 144.975 0.000 
-0.01015185 0.00447924 1.0733e+00 -7.082e+03 144.992 0.000 
-0.01015185 0.00497693 1.0706e+00 -7.146e+03 144.972 0.000 
-0.01015185 0.00547463 1.0680e+00 -7.190e+03 144.969 0.000 
-0.01015185 0.00597232 1.0655e+00 -7.246e+03 145.002 0.000 
-0.01015185 0.00647002 1.0630e+00 -7.287e+03 144.983 0.000 
-0.01015185 0.00696771 1.0605e+00 -7.331e+03 144.976 0.000 
-0.01015185 0.00746540 1.0582e+00 -7.372e+03 144.972 0.000 
-0.01015185 0.00796310 1.0559e+00 -7.399e+03 144.975 0.000 
-0.01015185 0.00846079 1.0537e+00 -7.429e+03 145.004 0.000 
-0.01015185 0.00895848 1.0516e+00 -7.457e+03 144.971 0.000 
-0.01015185 0.00945618 1.0495e+00 -7.488e+03 144.978 0.000 
-0.01015185 0.00995387 1.0476e+00 -7.508e+03 144.976 0.000 
-0.01015185 0.01045156 1.0457e+00 -7.533e+03 145.003 0.000 
-0.01015185 0.01094926 1.0440e+00 -7.548e+03 145.002 0.000 
-0.01015185 0.01144695 1.0423e+00 -7.555e+03 144.989 0.000 
-0.01015185 0.01194464 1.0408e+00 -7.558e+03 144.992 0.000 
-0.01015185 0.01244234 1.0394e+00 -7.552e+03 144.969 0.000 
-0.01015185 0.01294003 1.0381e+00 -7.537e+03 144.983 0.000 
-0.01015185 0.01343772 1.0369e+00 -7.519e+03 144.975 0.000 
-0.01015185 0.01393542 1.0358e+00 -7.496e+03 144.977 0.000 
-0.01015185 0.01443311 1.0348e+00 -7.466e+03 144.962 0.000 
-0.01015185 0.01493080 1.0339e+00 -7.442e+03 145.000 0.000 
-0.01015185 0.01542850 1.0331e+00 -7.412e+03 144.979 0.000 
-0.01015185 0.01592619 1.0323e+00 -7.383e+03 144.987 0.000 
-0.01015185 0.01642388 1.0317e+00 -7.349e+03 144.997 0.000 
-0.01015185 0.01692158 1.0311e+00 -7.313e+03 144.992 0.000 
-0.01015185 0.01741927 1.0307e+00 -7.274e+03 144.966 0.000 
-0.01015185 0.01791697 1.0303e+00 -7.234e+03 144.964 0.000 
-0.01015185 0.01841466 1.0300e+00 -7.201e+03 144.986 0.000 
-0.01015185 0.01891235 1.0297e+00 -7.169e+03 144.994 0.000 
-0.01048365 0.00000000 1.1004e+00 -6.366e+03 144.980 0.000 
-0.01048365 0.00049769 1.0983e+00 -6.433e+03 145.015 0.000 
-0.01048365 0.00099539 1.0960e+00 -6.498e+03 144.976 0.000 
-0.01048365 0.00149308 1.0935e+00 -6.586e+03 145.000 0.000 
-0.01048365 0.00199077 1.0910e+00 -6.664e+03 144.991 0.000 
-0.01048365 0.00248847 1.0883e+00 -6.758e+03 145.009 0.000 
-0.01048365 0.00298616 1.0856e+00 -6.851e+03 144.972 0.000 
-0.01048365 0.00348385 1.0828e+00 -6.963e+03 145.011 0.000 
-0.01048365 0.00398155 1.0800e+00 -7.050e+03 144.972 0.000 
-0.01048365 0.00447924 1.0773e+00 -7.118e+03 144.974 0.000 
-0.01048365 0.00497693 1.0747e+00 -7.161e+03 145.002 0.000 
-0.01048365 0.00547463 1.0720e+00 -7.217e+03 144.999 0.000 
-0.01048365 0.00597232 1.0694e+00 -7.270e+03 144.982 0.000 
-0.00052978 0.00000000 1.0257e+00 -6.379e+03 144.997 0.000 
-0.00052978 0.00049769 1.0260e+00 -6.367e+03 144.964 0.000 
-0.00052978 0.00099539 1.0264e+00 -6.362e+03 145.000 0.000 
-0.00052978 0.00149308 1.0268e+00 -6.357e+03 145.009 0.000 
-0.00052978 0.00199077 1.0273e+00 -6.349e+03 145.010 0.000 
-0.00052978 0.00248847 1.0279e+00 -6.346e+03 144.978 0.000 
-0.00052978 0.00298616 1.0285e+00 -6.343e+03 145.014 0.000 
-0.00052978 0.00348385 1.0291e+00 -6.326e+03 144.986 0.000 
-0.00052978 0.00398155 1.0298e+00 -6.317e+03 144.989 0.000 
-0.00052978 0.00447924 1.0306e+00 -6.310e+03 145.014 0.000 
-0.00052978 0.00497693 1.0314e+00 -6.291e+03 144.982 0.000 
-0.00052978 0.00547463 1.0322e+00 -6.295e+03 144.989 0.000 
-0.00052978 0.00597232 1.0330e+00 -6.289e+03 144.991 0.000 
