0.00005086 0.00000000 1.1400e+00 -1.473e+04 322.685 0.000 
0.00005086 0.00033180 1.1400e+00 -1.604e+04 329.452 0.000 
0.00005086 0.00066359 1.1400e+00 -1.686e+04 332.741 0.000 
0.00005086 0.00099539 1.1400e+00 -1.734e+04 334.123 0.000 
0.00005086 0.00132718 1.1400e+00 -1.768e+04 335.435 0.000 
0.00005086 0.00165898 1.1400e+00 -1.802e+04 336.863 0.000 
0.00005086 0.00199077 1.1400e+00 -1.841e+04 338.722 0.000 
0.00005086 0.00232257 1.1400e+00 -1.888e+04 341.008 0.000 
-0.00044683 0.00165898 1.1400e+00 -1.185e+04 300.869 0.000 
-0.00044683 0.00199077 1.1400e+00 -1.195e+04 300.720 0.000 
-0.00044683 0.00232257 1.1400e+00 -1.213e+04 301.329 0.000 
-0.00044683 0.00265437 1.1400e+00 -1.237e+04 302.690 0.000 
-0.00044683 0.00298616 1.1400e+00 -1.268e+04 304.968 0.000 
-0.00044683 0.00331796 1.1400e+00 -1.308e+04 307.821 0.000 
-0.00044683 0.00364975 1.1400e+00 -1.354e+04 311.467 0.000 
-0.00044683 0.00398155 1.1400e+00 -1.408e+04 315.601 0.000 
-0.00044683 0.00431334 1.1400e+00 -1.467e+04 319.970 0.000 
-0.00044683 0.00464514 1.1400e+00 -1.531e+04 324.627 0.000 
-0.00044683 0.00497693 1.1400e+00 -1.597e+04 329.147 0.000 
-0.00044683 0.00530873 1.1400e+00 -1.663e+04 333.634 0.000 
-0.00044683 0.00564053 1.1400e+00 -1.730e+04 337.682 0.000 
-0.00044683 0.00597232 1.1400e+00 -1.795e+04 341.555 0.000 
-0.00044683 0.00630412 1.1400e+00 -1.858e+04 344.909 0.000 
-0.00044683 0.00663591 1.1400e+00 -1.921e+04 347.783 0.000 
-0.00044683 0.00696771 1.1400e+00 -1.984e+04 350.570 0.000 
-0.00044683 0.00729950 1.1400e+00 -2.047e+04 353.500 0.000 
-0.00044683 0.00763130 1.1400e+00 -2.111e+04 355.665 0.000 
-0.00044683 0.00796310 1.1400e+00 -2.177e+04 358.201 0.000 
-0.00061273 0.00000000 1.1400e+00 -9.897e+03 293.664 0.000 
-0.00061273 0.00033180 1.1400e+00 -1.002e+04 294.310 0.000 
-0.00061273 0.00066359 1.1400e+00 -1.006e+04 293.071 0.000 
-0.00061273 0.00099539 1.1400e+00 -1.006e+04 291.049 0.000 
-0.00061273 0.00132718 1.1400e+00 -1.007e+04 289.226 0.000 
-0.00061273 0.00165898 1.1400e+00 -1.011e+04 288.199 0.000 
-0.00061273 0.00199077 1.1400e+00 -1.020e+04 287.626 0.000 
-0.00061273 0.00232257 1.1400e+00 -1.034e+04 287.790 0.000 
-0.00061273 0.00265437 1.1400e+00 -1.053e+04 288.848 0.000 
-0.00061273 0.00298616 1.1400e+00 -1.078e+04 290.541 0.000 
-0.00061273 0.00331796 1.1400e+00 -1.108e+04 293.200 0.000 
-0.00061273 0.00364975 1.1400e+00 -1.144e+04 296.269 0.000 
-0.00061273 0.00398155 1.1400e+00 -1.185e+04 299.893 0.000 
-0.00061273 0.00431334 1.1400e+00 -1.231e+04 303.905 0.000 
-0.00061273 0.00464514 1.1400e+00 -1.282e+04 308.232 0.000 
-0.00061273 0.00497693 1.1400e+00 -1.336e+04 312.589 0.000 
-0.00061273 0.00530873 1.1400e+00 -1.392e+04 317.080 0.000 
-0.00061273 0.00564053 1.1400e+00 -1.450e+04 321.438 0.000 
-0.00061273 0.00597232 1.1400e+00 -1.509e+04 325.393 0.000 
-0.00061273 0.00630412 1.1400e+00 -1.569e+04 329.298 0.000 
-0.00061273 0.00663591 1.1400e+00 -1.629e+04 332.912 0.000 
-0.00061273 0.00696771 1.1400e+00 -1.691e+04 336.050 0.000 
-0.00061273 0.00729950 1.1400e+00 -1.755e+04 339.104 0.000 
-0.00061273 0.00763130 1.1400e+00 -1.822e+04 342.267 0.000 
-0.00061273 0.00796310 1.1400e+00 -1.890e+04 344.730 0.000 
-0.00077863 0.00000000 1.1400e+00 -8.511e+03 281.190 0.000 
-0.00077863 0.00033180 1.1400e+00 -8.497e+03 280.512 0.000 
-0.00077863 0.00066359 1.1400e+00 -8.472e+03 278.701 0.000 
-0.00077863 0.00099539 1.1400e+00 -8.460e+03 276.794 0.000 
-0.00077863 0.00132718 1.1400e+00 -8.474e+03 275.070 0.000 
-0.00077863 0.00165898 1.1400e+00 -8.521e+03 273.703 0.000 
-0.00077863 0.00199077 1.1400e+00 -8.609e+03 273.195 0.000 
-0.00077863 0.00232257 1.1400e+00 -8.733e+03 273.228 0.000 
-0.00077863 0.00265437 1.1400e+00 -8.894e+03 274.025 0.000 
-0.00077863 0.00298616 1.1400e+00 -9.098e+03 275.599 0.000 
-0.00077863 0.00331796 1.1400e+00 -9.339e+03 277.756 0.000 
-0.00077863 0.00364975 1.1400e+00 -9.617e+03 280.406 0.000 
-0.00077863 0.00398155 1.1400e+00 -9.937e+03 283.333 0.000 
-0.00077863 0.00431334 1.1400e+00 -1.030e+04 287.227 0.000 
-0.00077863 0.00464514 1.1400e+00 -1.069e+04 291.523 0.000 
-0.00077863 0.00497693 1.1400e+00 -1.110e+04 295.663 0.000 
-0.00077863 0.00530873 1.1400e+00 -1.155e+04 299.991 0.000 
-0.00077863 0.00564053 1.1400e+00 -1.202e+04 304.135 0.000 
-0.00077863 0.00597232 1.1400e+00 -1.250e+04 308.219 0.000 
-0.00077863 0.00630412 1.1400e+00 -1.301e+04 312.219 0.000 
-0.00077863 0.00663591 1.1400e+00 -1.354e+04 316.033 0.000 
-0.00077863 0.00696771 1.1400e+00 -1.410e+04 319.671 0.000 
-0.00077863 0.00729950 1.1400e+00 -1.468e+04 323.206 0.000 
-0.00077863 0.00763130 1.1400e+00 -1.531e+04 326.632 0.000 
-0.00077863 0.00796310 1.1400e+00 -1.595e+04 330.089 0.000 
-0.00094453 0.00000000 1.1400e+00 -7.405e+03 268.508 0.000 
-0.00094453 0.00033180 1.1400e+00 -7.285e+03 266.088 0.000 
-0.00094453 0.00066359 1.1400e+00 -7.200e+03 263.757 0.000 
-0.00094453 0.00099539 1.1400e+00 -7.153e+03 261.611 0.000 
-0.00094453 0.00132718 1.1400e+00 -7.148e+03 259.999 0.000 
-0.00094453 0.00165898 1.1400e+00 -7.181e+03 258.740 0.000 
-0.00094453 0.00199077 1.1400e+00 -7.252e+03 258.257 0.000 
-0.00094453 0.00232257 1.1400e+00 -7.357e+03 258.255 0.000 
-0.00094453 0.00265437 1.1400e+00 -7.493e+03 258.979 0.000 
-0.00094453 0.00298616 1.1400e+00 -7.662e+03 260.321 0.000 
0.00005086 0.00265437 1.1400e+00 -1.943e+04 343.603 0.000 
0.00005086 0.00298616 1.1400e+00 -2.006e+04 346.897 0.000 
0.00005086 0.00331796 1.1400e+00 -2.074e+04 350.373 0.000 
0.00005086 0.00364975 1.1400e+00 -2.144e+04 353.993 0.000 
0.00005086 0.00398155 1.1400e+00 -2.213e+04 357.554 0.000 
0.00005086 0.00431334 1.1400e+00 -2.279e+04 360.980 0.000 
0.00005086 0.00464514 1.1400e+00 -2.338e+04 364.237 0.000 
0.00005086 0.00497693 1.1400e+00 -2.392e+04 367.056 0.000 
-0.00094453 0.00331796 1.1400e+00 -7.860e+03 262.262 0.000 
-0.00094453 0.00364975 1.1400e+00 -8.088e+03 264.809 0.000 
-0.00094453 0.00398155 1.1400e+00 -8.345e+03 267.929 0.000 
-0.00094453 0.00431334 1.1400e+00 -8.627e+03 271.264 0.000 
-0.00094453 0.00464514 1.1400e+00 -8.935e+03 274.969 0.000 
-0.00094453 0.00497693 1.1400e+00 -9.262e+03 278.754 0.000 
-0.00094453 0.00530873 1.1400e+00 -9.607e+03 282.910 0.000 
-0.00094453 0.00564053 1.1400e+00 -9.977e+03 287.129 0.000 
-0.00094453 0.00597232 1.1400e+00 -1.036e+04 291.096 0.000 
-0.00094453 0.00630412 1.1400e+00 -1.077e+04 295.136 0.000 
-0.00094453 0.00663591 1.1400e+00 -1.121e+04 299.200 0.000 
-0.00094453 0.00696771 1.1400e+00 -1.167e+04 302.802 0.000 
-0.00094453 0.00729950 1.1400e+00 -1.216e+04 306.473 0.000 
-0.00094453 0.00763130 1.1400e+00 -1.269e+04 310.266 0.000 
-0.00094453 0.00796310 1.1400e+00 -1.326e+04 313.973 0.000 
-0.00111042 0.00000000 1.1400e+00 -6.682e+03 258.855 0.000 
-0.00111042 0.00033180 1.1400e+00 -6.471e+03 255.017 0.000 
-0.00111042 0.00066359 1.1400e+00 -6.315e+03 251.142 0.000 
-0.00111042 0.00099539 1.1400e+00 -6.215e+03 248.108 0.000 
-0.00111042 0.00132718 1.1400e+00 -6.164e+03 245.899 0.000 
-0.00111042 0.00165898 1.1400e+00 -6.163e+03 244.702 0.000 
-0.00111042 0.00199077 1.1400e+00 -6.199e+03 243.946 0.000 
-0.00111042 0.00232257 1.1400e+00 -6.272e+03 243.895 0.000 
-0.00111042 0.00265437 1.1400e+00 -6.375e+03 244.527 0.000 
-0.00111042 0.00298616 1.1400e+00 -6.508e+03 245.847 0.000 
-0.00111042 0.00331796 1.1400e+00 -6.668e+03 247.617 0.000 
-0.00111042 0.00364975 1.1400e+00 -6.855e+03 249.889 0.000 
-0.00111042 0.00398155 1.1400e+00 -7.063e+03 252.751 0.000 
-0.00111042 0.00431334 1.1400e+00 -7.293e+03 255.948 0.000 
-0.00111042 0.00464514 1.1400e+00 -7.543e+03 259.433 0.000 
-0.00111042 0.00497693 1.1400e+00 -7.804e+03 263.015 0.000 
-0.00111042 0.00530873 1.1400e+00 -8.087e+03 266.955 0.000 
-0.00111042 0.00564053 1.1400e+00 -8.379e+03 270.818 0.000 
-0.00111042 0.00597232 1.1400e+00 -8.687e+03 274.843 0.000 
-0.00111042 0.00630412 1.1400e+00 -9.012e+03 278.875 0.000 
-0.00111042 0.00663591 1.1400e+00 -9.358e+03 282.696 0.000 
-0.00111042 0.00696771 1.1400e+00 -9.730e+03 286.554 0.000 
-0.00111042 0.00729950 1.1400e+00 -1.013e+04 290.555 0.000 
-0.00111042 0.00763130 1.1400e+00 -1.056e+04 294.491 0.000 
-0.00111042 0.00796310 1.1400e+00 -1.102e+04 298.468 0.000 
-0.00127632 0.00000000 1.1400e+00 -6.387e+03 255.093 0.000 
-0.00127632 0.00033180 1.1400e+00 -6.072e+03 248.939 0.000 
-0.00127632 0.00066359 1.1400e+00 -5.832e+03 243.568 0.000 
-0.00127632 0.00099539 1.1400e+00 -5.661e+03 239.110 0.000 
-0.00127632 0.00132718 1.1400e+00 -5.549e+03 235.894 0.000 
-0.00127632 0.00165898 1.1400e+00 -5.490e+03 233.673 0.000 
-0.00127632 0.00199077 1.1400e+00 -5.476e+03 232.391 0.000 
-0.00127632 0.00232257 1.1400e+00 -5.503e+03 231.948 0.000 
-0.00127632 0.00265437 1.1400e+00 -5.563e+03 232.219 0.000 
-0.00127632 0.00298616 1.1401e+00 -5.654e+03 233.123 0.000 
-0.00127632 0.00331796 1.1400e+00 -5.777e+03 234.737 0.000 
-0.00127632 0.00364975 1.1401e+00 -5.920e+03 236.765 0.000 
-0.00127632 0.00398155 1.1400e+00 -6.090e+03 239.415 0.000 
-0.00127632 0.00431334 1.1400e+00 -6.279e+03 242.359 0.000 
-0.00127632 0.00464514 1.1400e+00 -6.485e+03 245.603 0.000 
-0.00127632 0.00497693 1.1400e+00 -6.705e+03 249.263 0.000 
-0.00127632 0.00530873 1.1400e+00 -6.935e+03 252.871 0.000 
-0.00127632 0.00564053 1.1400e+00 -7.179e+03 256.515 0.000 
-0.00127632 0.00597232 1.1400e+00 -7.435e+03 260.443 0.000 
-0.00127632 0.00630412 1.1400e+00 -7.698e+03 264.005 0.000 
-0.00127632 0.00663591 1.1400e+00 -7.978e+03 267.406 0.000 
-0.00127632 0.00696771 1.1400e+00 -8.277e+03 271.411 0.000 
-0.00127632 0.00729950 1.1400e+00 -8.594e+03 275.171 0.000 
-0.00127632 0.00763130 1.1400e+00 -8.938e+03 279.032 0.000 
-0.00127632 0.00796310 1.1400e+00 -9.309e+03 283.158 0.000 
-0.00144222 0.00000000 1.1400e+00 -6.590e+03 260.096 0.000 
-0.00144222 0.00033180 1.1400e+00 -6.126e+03 251.068 0.000 
-0.00144222 0.00066359 1.1400e+00 -5.765e+03 243.199 0.000 
-0.00144222 0.00099539 1.1400e+00 -5.492e+03 236.769 0.000 
-0.00144222 0.00132718 1.1400e+00 -5.296e+03 231.840 0.000 
-0.00144222 0.00165898 1.1400e+00 -5.164e+03 228.181 0.000 
-0.00144222 0.00199077 1.1400e+00 -5.083e+03 225.591 0.000 
-0.00144222 0.00232257 1.1401e+00 -5.050e+03 224.142 0.000 
-0.00144222 0.00265437 1.1400e+00 -5.058e+03 223.610 0.000 
-0.00144222 0.00298616 1.1400e+00 -5.102e+03 223.887 0.000 
-0.00144222 0.00331796 1.1401e+00 -5.176e+03 224.928 0.000 
-0.00144222 0.00364975 1.1400e+00 -5.283e+03 226.619 0.000 
-0.00144222 0.00398155 1.1400e+00 -5.411e+03 228.811 0.000 
-0.00144222 0.00431334 1.1400e+00 -5.562e+03 231.504 0.000 
-0.00144222 0.00464514 1.1401e+00 -5.730e+03 234.521 0.000 
0.00005086 0.00530873 1.1400e+00 -2.439e+04 369.664 0.000 
0.00005086 0.00564053 1.1400e+00 -2.480e+04 371.440 0.000 
0.00005086 0.00597232 1.1400e+00 -2.519e+04 373.250 0.000 
0.00005086 0.00630412 1.1400e+00 -2.555e+04 375.063 0.000 
0.00005086 0.00663591 1.1400e+00 -2.591e+04 376.057 0.000 
0.00005086 0.00696771 1.1400e+00 -2.628e+04 377.633 0.000 
0.00005086 0.00729950 1.1400e+00 -2.664e+04 379.425 0.000 
0.00005086 0.00763130 1.1400e+00 -2.700e+04 381.124 0.000 
-0.00144222 0.00497693 1.1400e+00 -5.919e+03 237.863 0.000 
-0.00144222 0.00530873 1.1400e+00 -6.117e+03 241.360 0.000 
-0.00144222 0.00564053 1.1400e+00 -6.325e+03 244.953 0.000 
-0.00144222 0.00597232 1.1400e+00 -6.542e+03 248.711 0.000 
-0.00144222 0.00630412 1.1400e+00 -6.769e+03 252.478 0.000 
-0.00144222 0.00663591 1.1400e+00 -7.005e+03 256.197 0.000 
-0.00144222 0.00696771 1.1400e+00 -7.252e+03 260.103 0.000 
-0.00144222 0.00729950 1.1400e+00 -7.511e+03 263.226 0.000 
-0.00144222 0.00763130 1.1400e+00 -7.791e+03 266.897 0.000 
-0.00144222 0.00796310 1.1400e+00 -8.092e+03 270.875 0.000 
-0.00160812 0.00000000 1.1400e+00 -7.481e+03 274.835 0.000 
-0.00160812 0.00033180 1.1400e+00 -6.747e+03 262.561 0.000 
-0.00160812 0.00066359 1.1400e+00 -6.181e+03 252.094 0.000 
-0.00160812 0.00099539 1.1400e+00 -5.751e+03 242.795 0.000 
-0.00160812 0.00132718 1.1400e+00 -5.426e+03 235.299 0.000 
-0.00160812 0.00165898 1.1400e+00 -5.187e+03 229.434 0.000 
-0.00160812 0.00199077 1.1400e+00 -5.020e+03 225.048 0.000 
-0.00160812 0.00232257 1.1400e+00 -4.913e+03 222.007 0.000 
-0.00160812 0.00265437 1.1400e+00 -4.852e+03 220.027 0.000 
-0.00160812 0.00298616 1.1400e+00 -4.837e+03 219.140 0.000 
-0.00160812 0.00331796 1.1400e+00 -4.859e+03 219.200 0.000 
-0.00160812 0.00364975 1.1400e+00 -4.917e+03 220.150 0.000 
-0.00160812 0.00398155 1.1400e+00 -5.001e+03 221.885 0.000 
-0.00160812 0.00431334 1.1400e+00 -5.115e+03 224.105 0.000 
-0.00160812 0.00464514 1.1400e+00 -5.250e+03 226.763 0.000 
-0.00160812 0.00497693 1.1400e+00 -5.405e+03 229.772 0.000 
-0.00160812 0.00530873 1.1400e+00 -5.573e+03 233.085 0.000 
-0.00160812 0.00564053 1.1401e+00 -5.755e+03 236.549 0.000 
-0.00160812 0.00597232 1.1400e+00 -5.950e+03 240.139 0.000 
-0.00160812 0.00630412 1.1400e+00 -6.151e+03 243.738 0.000 
-0.00160812 0.00663591 1.1400e+00 -6.361e+03 247.467 0.000 
-0.00160812 0.00696771 1.1400e+00 -6.577e+03 251.171 0.000 
-0.00160812 0.00729950 1.1400e+00 -6.802e+03 254.988 0.000 
-0.00160812 0.00763130 1.1400e+00 -7.040e+03 257.835 0.000 
-0.00160812 0.00796310 1.1400e+00 -7.289e+03 261.509 0.000 
-0.00177401 0.00000000 1.1400e+00 -9.695e+03 300.875 0.000 
-0.00177401 0.00033180 1.1400e+00 -8.295e+03 285.242 0.000 
-0.00177401 0.00066359 1.1400e+00 -7.284e+03 270.641 0.000 
-0.00177401 0.00099539 1.1400e+00 -6.549e+03 258.066 0.000 
-0.00177401 0.00132718 1.1400e+00 -6.003e+03 247.123 0.000 
-0.00177401 0.00165898 1.1400e+00 -5.597e+03 238.196 0.000 
-0.00177401 0.00199077 1.1400e+00 -5.297e+03 231.328 0.000 
-0.00177401 0.00232257 1.1400e+00 -5.080e+03 225.064 0.000 
-0.00177401 0.00265437 1.1400e+00 -4.932e+03 221.971 0.000 
-0.00177401 0.00298616 1.1400e+00 -4.842e+03 219.731 0.000 
-0.00177401 0.00331796 1.1400e+00 -4.800e+03 218.419 0.000 
-0.00177401 0.00364975 1.1400e+00 -4.798e+03 218.119 0.000 
-0.00177401 0.00398155 1.1400e+00 -4.835e+03 218.791 0.000 
-0.00177401 0.00431334 1.1400e+00 -4.904e+03 220.236 0.000 
-0.00177401 0.00464514 1.1400e+00 -5.003e+03 222.512 0.000 
-0.00177401 0.00497693 1.1400e+00 -5.125e+03 225.101 0.000 
-0.00177401 0.00530873 1.1400e+00 -5.266e+03 228.002 0.000 
-0.00177401 0.00564053 1.1400e+00 -5.426e+03 231.332 0.000 
-0.00177401 0.00597232 1.1400e+00 -5.599e+03 234.747 0.000 
-0.00177401 0.00630412 1.1400e+00 -5.784e+03 238.290 0.000 
-0.00177401 0.00663591 1.1400e+00 -5.978e+03 241.917 0.000 
-0.00177401 0.00696771 1.1400e+00 -6.176e+03 245.589 0.000 
-0.00177401 0.00729950 1.1400e+00 -6.382e+03 248.883 0.000 
-0.00177401 0.00763130 1.1400e+00 -6.601e+03 253.022 0.000 
-0.00177401 0.00796310 1.1400e+00 -6.825e+03 255.760 0.000 
-0.00193991 0.00000000 1.1400e+00 -1.648e+04 341.363 0.001 
-0.00193991 0.00033180 1.1400e+00 -1.202e+04 318.092 0.000 
-0.00193991 0.00066359 1.1400e+00 -9.643e+03 298.396 0.000 
-0.00193991 0.00099539 1.1400e+00 -8.178e+03 281.310 0.000 
-0.00193991 0.00132718 1.1400e+00 -7.183e+03 266.575 0.000 
-0.00193991 0.00165898 1.1400e+00 -6.474e+03 254.223 0.000 
-0.00193991 0.00199077 1.1400e+00 -5.958e+03 244.133 0.000 
-0.00193991 0.00232257 1.1400e+00 -5.576e+03 235.972 0.000 
-0.00193991 0.00265437 1.1400e+00 -5.301e+03 229.805 0.000 
-0.00193991 0.00298616 1.1400e+00 -5.107e+03 225.278 0.000 
-0.00193991 0.00331796 1.1400e+00 -4.977e+03 221.961 0.000 
-0.00193991 0.00364975 1.1400e+00 -4.907e+03 220.264 0.000 
-0.00193991 0.00398155 1.1400e+00 -4.882e+03 219.843 0.000 
-0.00193991 0.00431334 1.1400e+00 -4.901e+03 220.142 0.000 
-0.00193991 0.00464514 1.1400e+00 -4.956e+03 221.557 0.000 
-0.00193991 0.00497693 1.1400e+00 -5.040e+03 223.472 0.000 
-0.00193991 0.00530873 1.1400e+00 -5.154e+03 225.972 0.000 
-0.00193991 0.00564053 1.1400e+00 -5.289e+03 228.900 0.000 
-0.00193991 0.00597232 1.1401e+00 -5.442e+03 232.008 0.000 
-0.00193991 0.00630412 1.1400e+00 -5.614e+03 235.569 0.000 
0.00005086 0.00796310 1.1400e+00 -2.735e+04 382.724 0.000 
-0.00011504 0.00000000 1.1400e+00 -1.364e+04 316.928 0.000 
-0.00011504 0.00033180 1.1400e+00 -1.454e+04 321.813 0.000 
-0.00011504 0.00066359 1.1400e+00 -1.503e+04 323.399 0.000 
-0.00011504 0.00099539 1.1400e+00 -1.527e+04 323.483 0.000 
-0.00011504 0.00132718 1.1400e+00 -1.545e+04 323.329 0.000 
-0.00011504 0.00165898 1.1400e+00 -1.564e+04 324.030 0.000 
-0.00011504 0.00199077 1.1400e+00 -1.591e+04 325.569 0.000 
-0.00193991 0.00663591 1.1400e+00 -5.796e+03 239.097 0.000 
-0.00193991 0.00696771 1.1400e+00 -5.988e+03 242.770 0.000 
-0.00193991 0.00729950 1.1400e+00 -6.189e+03 246.523 0.000 
-0.00193991 0.00763130 1.1400e+00 -6.395e+03 249.955 0.000 
-0.00193991 0.00796310 1.1400e+00 -6.612e+03 252.971 0.000 
-0.00210581 0.00000000 1.1489e+00 -3.665e+04 418.144 0.611 
-0.00210581 0.00033180 1.1400e+00 -2.472e+04 367.696 0.017 
-0.00210581 0.00066359 1.1400e+00 -1.499e+04 330.728 0.000 
-0.00210581 0.00099539 1.1400e+00 -1.129e+04 308.929 0.000 
-0.00210581 0.00132718 1.1400e+00 -9.266e+03 290.609 0.000 
-0.00210581 0.00165898 1.1400e+00 -7.965e+03 274.862 0.000 
-0.00210581 0.00199077 1.1400e+00 -7.071e+03 261.585 0.000 
-0.00210581 0.00232257 1.1400e+00 -6.427e+03 250.430 0.000 
-0.00210581 0.00265437 1.1400e+00 -5.959e+03 241.662 0.000 
-0.00210581 0.00298616 1.1400e+00 -5.620e+03 234.750 0.000 
-0.00210581 0.00331796 1.1401e+00 -5.376e+03 229.535 0.000 
-0.00210581 0.00364975 1.1400e+00 -5.212e+03 226.064 0.000 
-0.00210581 0.00398155 1.1400e+00 -5.113e+03 224.036 0.000 
-0.00210581 0.00431334 1.1400e+00 -5.069e+03 223.055 0.000 
-0.00210581 0.00464514 1.1400e+00 -5.071e+03 223.279 0.000 
-0.00210581 0.00497693 1.1400e+00 -5.112e+03 224.340 0.000 
-0.00210581 0.00530873 1.1400e+00 -5.191e+03 226.196 0.000 
-0.00210581 0.00564053 1.1400e+00 -5.298e+03 228.632 0.000 
-0.00210581 0.00597232 1.1400e+00 -5.430e+03 231.589 0.000 
-0.00210581 0.00630412 1.1400e+00 -5.586e+03 234.750 0.000 
-0.00210581 0.00663591 1.1400e+00 -5.757e+03 238.150 0.000 
-0.00210581 0.00696771 1.1400e+00 -5.946e+03 241.795 0.000 
-0.00210581 0.00729950 1.1400e+00 -6.146e+03 245.565 0.000 
-0.00210581 0.00763130 1.1400e+00 -6.353e+03 248.963 0.000 
-0.00210581 0.00796310 1.1400e+00 -6.570e+03 252.165 0.000 
-0.00227171 0.00000000 1.1702e+00 -3.782e+04 425.166 0.626 
-0.00227171 0.00033180 1.1420e+00 -6.490e+04 481.154 0.631 
-0.00227171 0.00066359 1.1400e+00 -2.699e+04 368.920 0.000 
-0.00227171 0.00099539 1.1400e+00 -1.700e+04 335.975 0.000 
-0.00227171 0.00132718 1.1400e+00 -1.265e+04 314.490 0.000 
-0.00227171 0.00165898 1.1400e+00 -1.023e+04 296.282 0.000 
-0.00227171 0.00199077 1.1400e+00 -8.694e+03 280.558 0.000 
-0.00227171 0.00232257 1.1400e+00 -7.647e+03 267.061 0.000 
-0.00227171 0.00265437 1.1400e+00 -6.900e+03 255.663 0.000 
-0.00227171 0.00298616 1.1400e+00 -6.359e+03 246.523 0.000 
-0.00227171 0.00331796 1.1400e+00 -5.965e+03 239.206 0.000 
-0.00227171 0.00364975 1.1401e+00 -5.683e+03 233.865 0.000 
-0.00227171 0.00398155 1.1400e+00 -5.492e+03 230.144 0.000 
-0.00227171 0.00431334 1.1401e+00 -5.367e+03 227.886 0.000 
-0.00227171 0.00464514 1.1400e+00 -5.308e+03 226.964 0.000 
-0.00227171 0.00497693 1.1400e+00 -5.296e+03 227.060 0.000 
-0.00227171 0.00530873 1.1400e+00 -5.333e+03 227.896 0.000 
-0.00227171 0.00564053 1.1400e+00 -5.407e+03 229.698 0.000 
-0.00227171 0.00597232 1.1401e+00 -5.510e+03 232.011 0.000 
-0.00227171 0.00630412 1.1400e+00 -5.648e+03 235.036 0.000 
-0.00227171 0.00663591 1.1400e+00 -5.808e+03 238.266 0.000 
-0.00227171 0.00696771 1.1400e+00 -5.989e+03 241.779 0.000 
-0.00227171 0.00729950 1.1400e+00 -6.186e+03 245.471 0.000 
-0.00227171 0.00763130 1.1400e+00 -6.396e+03 248.552 0.000 
-0.00227171 0.00796310 1.1400e+00 -6.620e+03 252.300 0.000 
-0.00243761 0.00000000 1.1888e+00 -3.999e+04 434.735 0.641 
-0.00243761 0.00033180 1.1570e+00 -7.529e+04 506.027 0.656 
-0.00243761 0.00066359 1.1400e+00 -4.672e+04 419.014 0.007 
-0.00243761 0.00099539 1.1400e+00 -2.585e+04 363.031 0.001 
-0.00243761 0.00132718 1.1400e+00 -1.754e+04 335.568 0.000 
-0.00243761 0.00165898 1.1400e+00 -1.332e+04 315.454 0.000 
-0.00243761 0.00199077 1.1400e+00 -1.083e+04 298.199 0.000 
-0.00243761 0.00232257 1.1400e+00 -9.199e+03 283.081 0.000 
-0.00243761 0.00265437 1.1400e+00 -8.081e+03 269.929 0.000 
-0.00243761 0.00298616 1.1400e+00 -7.282e+03 258.929 0.000 
-0.00243761 0.00331796 1.1400e+00 -6.702e+03 249.959 0.000 
-0.00243761 0.00364975 1.1400e+00 -6.279e+03 242.654 0.000 
-0.00243761 0.00398155 1.1401e+00 -5.972e+03 237.353 0.000 
-0.00243761 0.00431334 1.1400e+00 -5.762e+03 233.621 0.000 
-0.00243761 0.00464514 1.1401e+00 -5.626e+03 231.326 0.000 
-0.00243761 0.00497693 1.1400e+00 -5.555e+03 230.473 0.000 
-0.00243761 0.00530873 1.1400e+00 -5.540e+03 230.560 0.000 
-0.00243761 0.00564053 1.1401e+00 -5.569e+03 231.528 0.000 
-0.00243761 0.00597232 1.1400e+00 -5.644e+03 233.294 0.000 
-0.00243761 0.00630412 1.1400e+00 -5.753e+03 235.607 0.000 
-0.00243761 0.00663591 1.1400e+00 -5.894e+03 238.559 0.000 
-0.00243761 0.00696771 1.1400e+00 -6.061e+03 241.824 0.000 
-0.00243761 0.00729950 1.1400e+00 -6.252e+03 245.352 0.000 
-0.00243761 0.00763130 1.1400e+00 -6.463e+03 249.112 0.000 
-0.00243761 0.00796310 1.1400e+00 -6.686e+03 253.026 0.000 
-0.00011504 0.00232257 1.1400e+00 -1.627e+04 327.438 0.000 
-0.00011504 0.00265437 1.1400e+00 -1.672e+04 330.123 0.000 
-0.00011504 0.00298616 1.1400e+00 -1.726e+04 333.294 0.000 
-0.00011504 0.00331796 1.1400e+00 -1.789e+04 336.899 0.000 
-0.00011504 0.00364975 1.1400e+00 -1.858e+04 340.892 0.000 
-0.00011504 0.00398155 1.1400e+00 -1.932e+04 345.171 0.000 
-0.00011504 0.00431334 1.1400e+00 -2.007e+04 349.468 0.000 
-0.00011504 0.00464514 1.1400e+00 -2.080e+04 353.536 0.000 
-0.00260350 0.00000000 1.2037e+00 -4.269e+04 446.920 0.659 
-0.00260350 0.00033180 1.1691e+00 -8.556e+04 532.119 0.674 
-0.00260350 0.00066359 1.1400e+00 -7.107e+04 476.940 0.028 
-0.00260350 0.00099539 1.1400e+00 -3.689e+04 392.759 0.001 
-0.00260350 0.00132718 1.1400e+00 -2.362e+04 354.972 0.000 
-0.00260350 0.00165898 1.1400e+00 -1.708e+04 331.756 0.000 
-0.00260350 0.00199077 1.1400e+00 -1.335e+04 313.375 0.000 
-0.00260350 0.00232257 1.1400e+00 -1.101e+04 297.283 0.000 
-0.00260350 0.00265437 1.1400e+00 -9.440e+03 283.255 0.000 
-0.00260350 0.00298616 1.1400e+00 -8.335e+03 270.858 0.000 
-0.00260350 0.00331796 1.1400e+00 -7.538e+03 260.523 0.000 
-0.00260350 0.00364975 1.1400e+00 -6.951e+03 251.856 0.000 
-0.00260350 0.00398155 1.1400e+00 -6.522e+03 244.968 0.000 
-0.00260350 0.00431334 1.1400e+00 -6.210e+03 239.874 0.000 
-0.00260350 0.00464514 1.1401e+00 -5.993e+03 236.335 0.000 
-0.00260350 0.00497693 1.1400e+00 -5.855e+03 234.163 0.000 
-0.00260350 0.00530873 1.1401e+00 -5.780e+03 233.141 0.000 
-0.00260350 0.00564053 1.1401e+00 -5.762e+03 233.497 0.000 
-0.00260350 0.00597232 1.1400e+00 -5.795e+03 234.616 0.000 
-0.00260350 0.00630412 1.1400e+00 -5.870e+03 236.201 0.000 
-0.00260350 0.00663591 1.1400e+00 -5.980e+03 238.661 0.000 
-0.00260350 0.00696771 1.1400e+00 -6.127e+03 241.425 0.000 
-0.00260350 0.00729950 1.1400e+00 -6.303e+03 244.969 0.000 
-0.00260350 0.00763130 1.1400e+00 -6.502e+03 248.501 0.000 
-0.00260350 0.00796310 1.1400e+00 -6.719e+03 252.305 0.000 
-0.00276940 0.00000000 1.2149e+00 -4.530e+04 457.757 0.677 
-0.00276940 0.00033180 1.1792e+00 -9.220e+04 552.215 0.671 
-0.00276940 0.00066359 1.1400e+00 -9.857e+04 540.390 0.118 
-0.00276940 0.00099539 1.1400e+00 -4.899e+04 424.664 0.003 
-0.00276940 0.00132718 1.1400e+00 -3.035e+04 374.598 0.000 
-0.00276940 0.00165898 1.1400e+00 -2.124e+04 346.226 0.000 
-0.00276940 0.00199077 1.1400e+00 -1.614e+04 326.403 0.000 
-0.00276940 0.00232257 1.1400e+00 -1.299e+04 309.744 0.000 
-0.00276940 0.00265437 1.1400e+00 -1.092e+04 294.945 0.000 
-0.00276940 0.00298616 1.1400e+00 -9.471e+03 281.918 0.000 
-0.00276940 0.00331796 1.1400e+00 -8.436e+03 270.564 0.000 
-0.00276940 0.00364975 1.1400e+00 -7.674e+03 260.870 0.000 
-0.00276940 0.00398155 1.1400e+00 -7.110e+03 252.869 0.000 
-0.00276940 0.00431334 1.1400e+00 -6.692e+03 246.383 0.000 
-0.00276940 0.00464514 1.1400e+00 -6.388e+03 241.627 0.000 
-0.00276940 0.00497693 1.1400e+00 -6.175e+03 238.323 0.000 
-0.00276940 0.00530873 1.1400e+00 -6.039e+03 236.345 0.000 
-0.00276940 0.00564053 1.1400e+00 -5.968e+03 235.454 0.000 
-0.00276940 0.00597232 1.1400e+00 -5.950e+03 235.626 0.000 
-0.00276940 0.00630412 1.1400e+00 -5.982e+03 236.689 0.000 
-0.00276940 0.00663591 1.1400e+00 -6.058e+03 238.576 0.000 
-0.00276940 0.00696771 1.1400e+00 -6.173e+03 241.083 0.000 
-0.00276940 0.00729950 1.1400e+00 -6.321e+03 244.007 0.000 
-0.00276940 0.00763130 1.1400e+00 -6.500e+03 247.391 0.000 
-0.00276940 0.00796310 1.1400e+00 -6.702e+03 250.924 0.000 
-0.00293530 0.00000000 1.2232e+00 -4.709e+04 463.916 0.705 
-0.00293530 0.00033180 1.1887e+00 -9.117e+04 555.081 0.697 
-0.00293530 0.00066359 1.1400e+00 -1.342e+05 622.880 0.503 
-0.00293530 0.00099539 1.1400e+00 -6.206e+04 460.046 0.010 
-0.00293530 0.00132718 1.1400e+00 -3.756e+04 395.139 0.000 
-0.00293530 0.00165898 1.1400e+00 -2.572e+04 360.435 0.000 
-0.00293530 0.00199077 1.1400e+00 -1.915e+04 338.173 0.000 
-0.00293530 0.00232257 1.1400e+00 -1.513e+04 320.767 0.000 
-0.00293530 0.00265437 1.1400e+00 -1.250e+04 305.687 0.000 
-0.00293530 0.00298616 1.1400e+00 -1.069e+04 292.309 0.000 
-0.00293530 0.00331796 1.1400e+00 -9.400e+03 280.377 0.000 
-0.00293530 0.00364975 1.1400e+00 -8.447e+03 269.823 0.000 
-0.00293530 0.00398155 1.1400e+00 -7.739e+03 260.898 0.000 
-0.00293530 0.00431334 1.1400e+00 -7.205e+03 253.512 0.000 
-0.00293530 0.00464514 1.1400e+00 -6.808e+03 247.422 0.000 
-0.00293530 0.00497693 1.1400e+00 -6.516e+03 243.001 0.000 
-0.00293530 0.00530873 1.1401e+00 -6.311e+03 239.804 0.000 
-0.00293530 0.00564053 1.1400e+00 -6.181e+03 238.083 0.000 
-0.00293530 0.00597232 1.1400e+00 -6.111e+03 237.264 0.000 
-0.00293530 0.00630412 1.1401e+00 -6.094e+03 237.461 0.000 
-0.00293530 0.00663591 1.1401e+00 -6.126e+03 238.641 0.000 
-0.00293530 0.00696771 1.1400e+00 -6.204e+03 240.485 0.000 
-0.00293530 0.00729950 1.1400e+00 -6.318e+03 242.899 0.000 
-0.00293530 0.00763130 1.1400e+00 -6.464e+03 245.754 0.000 
-0.00293530 0.00796310 1.1400e+00 -6.640e+03 249.041 0.000 
-0.00310120 0.00000000 1.2296e+00 -4.817e+04 467.663 0.711 
-0.00310120 0.00033180 1.1975e+00 -8.630e+04 549.552 0.676 
-0.00310120 0.00066359 1.1457e+00 -1.619e+05 697.981 0.841 
-0.00310120 0.00099539 1.1400e+00 -7.756e+04 502.998 0.079 
-0.00310120 0.00132718 1.1400e+00 -4.563e+04 419.215 0.001 
-0.00011504 0.00497693 1.1400e+00 -2.148e+04 356.798 0.000 
-0.00011504 0.00530873 1.1400e+00 -2.212e+04 360.220 0.000 
-0.00011504 0.00564053 1.1400e+00 -2.270e+04 363.367 0.000 
-0.00011504 0.00597232 1.1400e+00 -2.323e+04 365.778 0.000 
-0.00011504 0.00630412 1.1400e+00 -2.374e+04 367.993 0.000 
-0.00011504 0.00663591 1.1400e+00 -2.422e+04 370.052 0.000 
-0.00011504 0.00696771 1.1400e+00 -2.469e+04 371.294 0.000 
-0.00011504 0.00729950 1.1400e+00 -2.516e+04 373.115 0.000 
-0.00310120 0.00165898 1.1400e+00 -3.071e+04 375.556 0.000 
-0.00310120 0.00199077 1.1400e+00 -2.249e+04 349.609 0.000 
-0.00310120 0.00232257 1.1400e+00 -1.752e+04 331.150 0.000 
-0.00310120 0.00265437 1.1400e+00 -1.427e+04 315.819 0.000 
-0.00310120 0.00298616 1.1400e+00 -1.205e+04 302.155 0.000 
-0.00310120 0.00331796 1.1400e+00 -1.047e+04 289.940 0.000 
-0.00310120 0.00364975 1.1400e+00 -9.310e+03 279.049 0.000 
-0.00310120 0.00398155 1.1400e+00 -8.439e+03 269.381 0.000 
-0.00310120 0.00431334 1.1400e+00 -7.778e+03 260.972 0.000 
-0.00310120 0.00464514 1.1400e+00 -7.279e+03 254.095 0.000 
-0.00310120 0.00497693 1.1400e+00 -6.902e+03 248.485 0.000 
-0.00310120 0.00530873 1.1400e+00 -6.623e+03 244.341 0.000 
-0.00310120 0.00564053 1.1400e+00 -6.426e+03 241.400 0.000 
-0.00310120 0.00597232 1.1400e+00 -6.297e+03 239.621 0.000 
-0.00310120 0.00630412 1.1400e+00 -6.228e+03 238.998 0.000 
-0.00310120 0.00663591 1.1401e+00 -6.211e+03 239.223 0.000 
-0.00310120 0.00696771 1.1400e+00 -6.244e+03 240.355 0.000 
-0.00310120 0.00729950 1.1400e+00 -6.313e+03 242.009 0.000 
-0.00310120 0.00763130 1.1400e+00 -6.423e+03 244.338 0.000 
-0.00310120 0.00796310 1.1400e+00 -6.563e+03 247.072 0.000 
-0.00326710 0.00000000 1.2355e+00 -4.861e+04 468.376 0.705 
-0.00326710 0.00033180 1.2058e+00 -8.130e+04 540.779 0.670 
-0.00326710 0.00066359 1.1576e+00 -1.462e+05 678.735 0.827 
-0.00326710 0.00099539 1.1400e+00 -1.001e+05 565.109 0.277 
-0.00326710 0.00132718 1.1400e+00 -5.556e+04 448.425 0.012 
-0.00326710 0.00165898 1.1400e+00 -3.666e+04 393.641 0.000 
-0.00326710 0.00199077 1.1400e+00 -2.645e+04 362.380 0.000 
-0.00326710 0.00232257 1.1400e+00 -2.032e+04 341.775 0.000 
-0.00326710 0.00265437 1.1400e+00 -1.636e+04 325.920 0.000 
-0.00326710 0.00298616 1.1400e+00 -1.365e+04 312.052 0.000 
-0.00326710 0.00331796 1.1400e+00 -1.174e+04 299.730 0.000 
-0.00326710 0.00364975 1.1400e+00 -1.032e+04 288.630 0.000 
-0.00326710 0.00398155 1.1400e+00 -9.264e+03 278.196 0.000 
-0.00326710 0.00431334 1.1400e+00 -8.458e+03 269.410 0.000 
-0.00326710 0.00464514 1.1400e+00 -7.839e+03 261.584 0.000 
-0.00326710 0.00497693 1.1400e+00 -7.364e+03 255.084 0.000 
-0.00326710 0.00530873 1.1400e+00 -7.001e+03 250.075 0.000 
-0.00326710 0.00564053 1.1400e+00 -6.734e+03 246.006 0.000 
-0.00326710 0.00597232 1.1400e+00 -6.543e+03 243.329 0.000 
-0.00326710 0.00630412 1.1400e+00 -6.416e+03 241.615 0.000 
-0.00326710 0.00663591 1.1401e+00 -6.342e+03 240.842 0.000 
-0.00326710 0.00696771 1.1401e+00 -6.323e+03 241.008 0.000 
-0.00326710 0.00729950 1.1400e+00 -6.350e+03 242.042 0.000 
-0.00326710 0.00763130 1.1400e+00 -6.414e+03 243.621 0.000 
-0.00326710 0.00796310 1.1400e+00 -6.513e+03 245.698 0.000 
-0.00343299 0.00000000 1.2420e+00 -4.866e+04 464.718 0.697 
-0.00343299 0.00033180 1.2142e+00 -7.696e+04 529.275 0.675 
-0.00343299 0.00066359 1.1697e+00 -1.311e+05 652.816 0.827 
-0.00343299 0.00099539 1.1436e+00 -1.314e+05 650.882 0.832 
-0.00343299 0.00132718 1.1400e+00 -6.917e+04 487.406 0.062 
-0.00343299 0.00165898 1.1400e+00 -4.426e+04 416.001 0.001 
-0.00343299 0.00199077 1.1400e+00 -3.141e+04 377.005 0.000 
-0.00343299 0.00232257 1.1400e+00 -2.382e+04 353.114 0.000 
-0.00343299 0.00265437 1.1400e+00 -1.895e+04 336.101 0.000 
-0.00343299 0.00298616 1.1400e+00 -1.565e+04 322.262 0.000 
-0.00343299 0.00331796 1.1400e+00 -1.330e+04 309.665 0.000 
-0.00343299 0.00364975 1.1400e+00 -1.159e+04 298.350 0.000 
-0.00343299 0.00398155 1.1400e+00 -1.030e+04 287.951 0.000 
-0.00343299 0.00431334 1.1400e+00 -9.310e+03 278.481 0.000 
-0.00343299 0.00464514 1.1400e+00 -8.548e+03 270.299 0.000 
-0.00343299 0.00497693 1.1400e+00 -7.959e+03 263.087 0.000 
-0.00343299 0.00530873 1.1400e+00 -7.499e+03 256.980 0.000 
-0.00343299 0.00564053 1.1400e+00 -7.146e+03 252.149 0.000 
-0.00343299 0.00597232 1.1400e+00 -6.880e+03 248.278 0.000 
-0.00343299 0.00630412 1.1400e+00 -6.689e+03 245.639 0.000 
-0.00343299 0.00663591 1.1400e+00 -6.558e+03 243.975 0.000 
-0.00343299 0.00696771 1.1400e+00 -6.485e+03 243.206 0.000 
-0.00343299 0.00729950 1.1400e+00 -6.459e+03 243.255 0.000 
-0.00343299 0.00763130 1.1400e+00 -6.474e+03 244.011 0.000 
-0.00343299 0.00796310 1.1400e+00 -6.528e+03 245.360 0.000 
-0.00359889 0.00000000 1.2498e+00 -4.869e+04 461.675 0.688 
-0.00359889 0.00033180 1.2232e+00 -7.393e+04 519.386 0.686 
-0.00359889 0.00066359 1.1808e+00 -1.217e+05 632.306 0.827 
-0.00359889 0.00099539 1.1543e+00 -1.252e+05 639.612 0.836 
-0.00359889 0.00132718 1.1400e+00 -9.101e+04 547.711 0.313 
-0.00359889 0.00165898 1.1400e+00 -5.449e+04 444.994 0.018 
-0.00359889 0.00199077 1.1400e+00 -3.783e+04 395.471 0.001 
-0.00359889 0.00232257 1.1400e+00 -2.826e+04 366.273 0.000 
-0.00359889 0.00265437 1.1400e+00 -2.223e+04 346.783 0.000 
-0.00359889 0.00298616 1.1400e+00 -1.817e+04 332.102 0.000 
-0.00011504 0.00763130 1.1400e+00 -2.563e+04 375.250 0.000 
-0.00011504 0.00796310 1.1400e+00 -2.609e+04 377.266 0.000 
-0.00028093 0.00000000 1.1400e+00 -1.261e+04 311.190 0.000 
-0.00028093 0.00033180 1.1400e+00 -1.319e+04 314.800 0.000 
-0.00028093 0.00066359 1.1400e+00 -1.344e+04 315.045 0.000 
-0.00028093 0.00099539 1.1400e+00 -1.352e+04 313.930 0.000 
-0.00028093 0.00132718 1.1400e+00 -1.357e+04 312.956 0.000 
-0.00028093 0.00165898 1.1400e+00 -1.367e+04 312.530 0.000 
-0.00359889 0.00331796 1.1400e+00 -1.530e+04 319.628 0.000 
-0.00359889 0.00364975 1.1400e+00 -1.319e+04 308.247 0.000 
-0.00359889 0.00398155 1.1400e+00 -1.162e+04 297.892 0.000 
-0.00359889 0.00431334 1.1400e+00 -1.041e+04 288.313 0.000 
-0.00359889 0.00464514 1.1400e+00 -9.469e+03 279.600 0.000 
-0.00359889 0.00497693 1.1400e+00 -8.736e+03 272.074 0.000 
-0.00359889 0.00530873 1.1400e+00 -8.157e+03 265.338 0.000 
-0.00359889 0.00564053 1.1400e+00 -7.704e+03 259.453 0.000 
-0.00359889 0.00597232 1.1400e+00 -7.354e+03 254.913 0.000 
-0.00359889 0.00630412 1.1400e+00 -7.087e+03 251.252 0.000 
-0.00359889 0.00663591 1.1400e+00 -6.891e+03 248.719 0.000 
-0.00359889 0.00696771 1.1400e+00 -6.753e+03 246.962 0.000 
-0.00359889 0.00729950 1.1400e+00 -6.672e+03 246.056 0.000 
-0.00359889 0.00763130 1.1400e+00 -6.637e+03 245.928 0.000 
-0.00359889 0.00796310 1.1400e+00 -6.643e+03 246.518 0.000 
-0.00376479 0.00000000 1.2590e+00 -4.864e+04 455.558 0.690 
-0.00376479 0.00033180 1.2329e+00 -7.229e+04 509.856 0.683 
-0.00376479 0.00066359 1.1900e+00 -1.204e+05 624.806 0.845 
-0.00376479 0.00099539 1.1638e+00 -1.240e+05 632.548 0.855 
-0.00376479 0.00132718 1.1446e+00 -1.144e+05 607.207 0.835 
-0.00376479 0.00165898 1.1400e+00 -6.880e+04 481.762 0.081 
-0.00376479 0.00199077 1.1400e+00 -4.619e+04 416.969 0.002 
-0.00376479 0.00232257 1.1400e+00 -3.393e+04 380.971 0.001 
-0.00376479 0.00265437 1.1400e+00 -2.635e+04 357.941 0.000 
-0.00376479 0.00298616 1.1400e+00 -2.132e+04 341.664 0.000 
-0.00376479 0.00331796 1.1400e+00 -1.779e+04 328.568 0.000 
-0.00376479 0.00364975 1.1400e+00 -1.521e+04 318.053 0.000 
-0.00376479 0.00398155 1.1400e+00 -1.328e+04 307.771 0.000 
-0.00376479 0.00431334 1.1400e+00 -1.180e+04 298.111 0.000 
-0.00376479 0.00464514 1.1400e+00 -1.065e+04 289.449 0.000 
-0.00376479 0.00497693 1.1400e+00 -9.737e+03 281.477 0.000 
-0.00376479 0.00530873 1.1400e+00 -9.016e+03 274.367 0.000 
-0.00376479 0.00564053 1.1400e+00 -8.444e+03 268.129 0.000 
-0.00376479 0.00597232 1.1400e+00 -7.991e+03 262.556 0.000 
-0.00376479 0.00630412 1.1400e+00 -7.637e+03 258.279 0.000 
-0.00376479 0.00663591 1.1400e+00 -7.362e+03 254.762 0.000 
-0.00376479 0.00696771 1.1400e+00 -7.157e+03 252.084 0.000 
-0.00376479 0.00729950 1.1400e+00 -7.016e+03 250.492 0.000 
-0.00376479 0.00763130 1.1400e+00 -6.924e+03 249.488 0.000 
-0.00376479 0.00796310 1.1400e+00 -6.880e+03 249.100 0.000 
-0.00393069 0.00000000 1.2692e+00 -4.895e+04 453.126 0.701 
-0.00393069 0.00033180 1.2427e+00 -7.258e+04 507.263 0.692 
-0.00393069 0.00066359 1.1984e+00 -1.227e+05 624.441 0.846 
-0.00393069 0.00099539 1.1720e+00 -1.257e+05 630.438 0.859 
-0.00393069 0.00132718 1.1528e+00 -1.161e+05 607.067 0.839 
-0.00393069 0.00165898 1.1400e+00 -9.009e+04 536.691 0.380 
-0.00393069 0.00199077 1.1400e+00 -5.685e+04 444.170 0.018 
-0.00393069 0.00232257 1.1400e+00 -4.092e+04 398.183 0.002 
-0.00393069 0.00265437 1.1400e+00 -3.137e+04 370.950 0.000 
-0.00393069 0.00298616 1.1400e+00 -2.513e+04 352.270 0.000 
-0.00393069 0.00331796 1.1400e+00 -2.080e+04 338.026 0.000 
-0.00393069 0.00364975 1.1400e+00 -1.766e+04 326.459 0.000 
-0.00393069 0.00398155 1.1400e+00 -1.530e+04 316.342 0.000 
-0.00393069 0.00431334 1.1400e+00 -1.350e+04 306.662 0.000 
-0.00393069 0.00464514 1.1400e+00 -1.209e+04 298.008 0.000 
-0.00393069 0.00497693 1.1400e+00 -1.097e+04 290.134 0.000 
-0.00393069 0.00530873 1.1400e+00 -1.008e+04 283.024 0.000 
-0.00393069 0.00564053 1.1400e+00 -9.375e+03 276.049 0.000 
-0.00393069 0.00597232 1.1400e+00 -8.802e+03 270.934 0.000 
-0.00393069 0.00630412 1.1400e+00 -8.346e+03 265.832 0.000 
-0.00393069 0.00663591 1.1400e+00 -7.986e+03 261.726 0.000 
-0.00393069 0.00696771 1.1400e+00 -7.707e+03 258.488 0.000 
-0.00393069 0.00729950 1.1400e+00 -7.498e+03 256.049 0.000 
-0.00393069 0.00763130 1.1400e+00 -7.347e+03 254.385 0.000 
-0.00393069 0.00796310 1.1400e+00 -7.250e+03 253.094 0.000 
-0.00409658 0.00000000 1.2793e+00 -4.940e+04 452.836 0.709 
-0.00409658 0.00033180 1.2519e+00 -7.419e+04 507.784 0.690 
-0.00409658 0.00066359 1.2059e+00 -1.266e+05 625.037 0.815 
-0.00409658 0.00099539 1.1786e+00 -1.307e+05 634.624 0.839 
-0.00409658 0.00132718 1.1596e+00 -1.201e+05 610.090 0.826 
-0.00409658 0.00165898 1.1432e+00 -1.116e+05 588.498 0.809 
-0.00409658 0.00199077 1.1400e+00 -6.983e+04 476.254 0.067 
-0.00409658 0.00232257 1.1400e+00 -4.916e+04 419.060 0.004 
-0.00409658 0.00265437 1.1400e+00 -3.720e+04 385.151 0.000 
-0.00409658 0.00298616 1.1400e+00 -2.952e+04 363.148 0.000 
-0.00409658 0.00331796 1.1400e+00 -2.425e+04 347.421 0.000 
-0.00409658 0.00364975 1.1400e+00 -2.045e+04 335.074 0.000 
-0.00409658 0.00398155 1.1400e+00 -1.762e+04 324.590 0.000 
-0.00409658 0.00431334 1.1400e+00 -1.545e+04 315.246 0.000 
-0.00409658 0.00464514 1.1400e+00 -1.376e+04 306.555 0.000 
-0.00028093 0.00199077 1.1400e+00 -1.383e+04 312.877 0.000 
-0.00028093 0.00232257 1.1400e+00 -1.407e+04 314.090 0.000 
-0.00028093 0.00265437 1.1400e+00 -1.440e+04 316.099 0.000 
-0.00028093 0.00298616 1.1400e+00 -1.482e+04 318.836 0.000 
-0.00028093 0.00331796 1.1400e+00 -1.534e+04 322.460 0.000 
-0.00028093 0.00364975 1.1400e+00 -1.593e+04 326.245 0.000 
-0.00028093 0.00398155 1.1400e+00 -1.660e+04 330.626 0.000 
-0.00028093 0.00431334 1.1400e+00 -1.731e+04 335.186 0.000 
-0.00409658 0.00497693 1.1400e+00 -1.242e+04 298.518 0.000 
-0.00409658 0.00530873 1.1400e+00 -1.134e+04 291.347 0.000 
-0.00409658 0.00564053 1.1400e+00 -1.048e+04 284.669 0.000 
-0.00409658 0.00597232 1.1400e+00 -9.771e+03 278.529 0.000 
-0.00409658 0.00630412 1.1400e+00 -9.207e+03 273.578 0.000 
-0.00409658 0.00663591 1.1400e+00 -8.750e+03 269.003 0.000 
-0.00409658 0.00696771 1.1400e+00 -8.385e+03 265.034 0.000 
-0.00409658 0.00729950 1.1400e+00 -8.103e+03 262.216 0.000 
-0.00409658 0.00763130 1.1400e+00 -7.891e+03 259.788 0.000 
-0.00409658 0.00796310 1.1400e+00 -7.741e+03 258.095 0.000 
-0.00426248 0.00000000 1.2882e+00 -4.996e+04 454.595 0.713 
-0.00426248 0.00033180 1.2598e+00 -7.642e+04 511.807 0.682 
-0.00426248 0.00066359 1.2113e+00 -1.336e+05 633.492 0.806 
-0.00426248 0.00099539 1.1830e+00 -1.397e+05 648.294 0.792 
-0.00426248 0.00132718 1.1645e+00 -1.266e+05 619.817 0.807 
-0.00426248 0.00165898 1.1484e+00 -1.167e+05 596.313 0.786 
-0.00426248 0.00199077 1.1400e+00 -8.480e+04 512.819 0.177 
-0.00426248 0.00232257 1.1400e+00 -5.825e+04 441.329 0.009 
-0.00426248 0.00265437 1.1400e+00 -4.362e+04 400.782 0.001 
-0.00426248 0.00298616 1.1400e+00 -3.430e+04 374.715 0.000 
-0.00426248 0.00331796 1.1400e+00 -2.798e+04 356.606 0.000 
-0.00426248 0.00364975 1.1400e+00 -2.347e+04 342.954 0.000 
-0.00426248 0.00398155 1.1400e+00 -2.013e+04 331.934 0.000 
-0.00426248 0.00431334 1.1400e+00 -1.757e+04 322.305 0.000 
-0.00426248 0.00464514 1.1400e+00 -1.557e+04 313.944 0.000 
-0.00426248 0.00497693 1.1400e+00 -1.399e+04 306.107 0.000 
-0.00426248 0.00530873 1.1400e+00 -1.271e+04 298.636 0.000 
-0.00426248 0.00564053 1.1400e+00 -1.169e+04 292.160 0.000 
-0.00426248 0.00597232 1.1400e+00 -1.085e+04 286.121 0.000 
-0.00426248 0.00630412 1.1400e+00 -1.016e+04 280.439 0.000 
-0.00426248 0.00663591 1.1400e+00 -9.604e+03 275.811 0.000 
-0.00426248 0.00696771 1.1400e+00 -9.156e+03 271.651 0.000 
-0.00426248 0.00729950 1.1400e+00 -8.802e+03 268.206 0.000 
-0.00426248 0.00763130 1.1400e+00 -8.525e+03 265.376 0.000 
-0.00426248 0.00796310 1.1400e+00 -8.321e+03 263.736 0.000 
-0.00442838 0.00000000 1.2946e+00 -5.055e+04 457.863 0.713 
-0.00442838 0.00033180 1.2655e+00 -7.868e+04 519.543 0.673 
-0.00442838 0.00066359 1.2150e+00 -1.411e+05 648.096 0.828 
-0.00442838 0.00099539 1.1868e+00 -1.458e+05 661.506 0.791 
-0.00442838 0.00132718 1.1676e+00 -1.347e+05 636.774 0.803 
-0.00442838 0.00165898 1.1517e+00 -1.241e+05 612.528 0.777 
-0.00442838 0.00199077 1.1400e+00 -1.011e+05 553.729 0.328 
-0.00442838 0.00232257 1.1400e+00 -6.756e+04 465.757 0.022 
-0.00442838 0.00265437 1.1400e+00 -5.020e+04 417.933 0.001 
-0.00442838 0.00298616 1.1400e+00 -3.924e+04 387.294 0.001 
-0.00442838 0.00331796 1.1400e+00 -3.183e+04 366.148 0.000 
-0.00442838 0.00364975 1.1400e+00 -2.656e+04 350.728 0.000 
-0.00442838 0.00398155 1.1400e+00 -2.267e+04 338.765 0.000 
-0.00442838 0.00431334 1.1400e+00 -1.971e+04 328.873 0.000 
-0.00442838 0.00464514 1.1400e+00 -1.740e+04 320.223 0.000 
-0.00442838 0.00497693 1.1400e+00 -1.558e+04 312.364 0.000 
-0.00442838 0.00530873 1.1400e+00 -1.411e+04 305.045 0.000 
-0.00442838 0.00564053 1.1400e+00 -1.291e+04 298.348 0.000 
-0.00442838 0.00597232 1.1400e+00 -1.194e+04 292.392 0.000 
-0.00442838 0.00630412 1.1400e+00 -1.114e+04 286.885 0.000 
-0.00442838 0.00663591 1.1400e+00 -1.049e+04 281.945 0.000 
-0.00442838 0.00696771 1.1400e+00 -9.958e+03 277.597 0.000 
-0.00442838 0.00729950 1.1400e+00 -9.529e+03 273.768 0.000 
-0.00442838 0.00763130 1.1400e+00 -9.192e+03 270.654 0.000 
-0.00442838 0.00796310 1.1400e+00 -8.936e+03 268.407 0.000 
-0.00459428 0.00000000 1.2979e+00 -5.092e+04 460.659 0.711 
-0.00459428 0.00033180 1.2688e+00 -8.010e+04 525.716 0.666 
-0.00459428 0.00066359 1.2184e+00 -1.435e+05 654.739 0.821 
-0.00459428 0.00099539 1.1897e+00 -1.515e+05 675.194 0.777 
-0.00459428 0.00132718 1.1707e+00 -1.403e+05 650.888 0.817 
-0.00459428 0.00165898 1.1541e+00 -1.319e+05 631.840 0.819 
-0.00459428 0.00199077 1.1400e+00 -1.172e+05 594.901 0.481 
-0.00459428 0.00232257 1.1400e+00 -7.658e+04 491.544 0.027 
-0.00459428 0.00265437 1.1400e+00 -5.669e+04 436.417 0.012 
-0.00459428 0.00298616 1.1400e+00 -4.410e+04 400.756 0.002 
-0.00459428 0.00331796 1.1400e+00 -3.560e+04 376.314 0.001 
-0.00459428 0.00364975 1.1400e+00 -2.956e+04 358.532 0.000 
-0.00459428 0.00398155 1.1400e+00 -2.513e+04 345.199 0.000 
-0.00459428 0.00431334 1.1400e+00 -2.177e+04 334.520 0.000 
-0.00459428 0.00464514 1.1400e+00 -1.915e+04 325.435 0.000 
-0.00459428 0.00497693 1.1400e+00 -1.708e+04 317.521 0.000 
-0.00459428 0.00530873 1.1400e+00 -1.543e+04 310.216 0.000 
-0.00459428 0.00564053 1.1400e+00 -1.408e+04 303.515 0.000 
-0.00459428 0.00597232 1.1400e+00 -1.297e+04 297.462 0.000 
-0.00459428 0.00630412 1.1400e+00 -1.207e+04 291.992 0.000 
-0.00028093 0.00464514 1.1400e+00 -1.804e+04 339.785 0.000 
-0.00028093 0.00497693 1.1400e+00 -1.877e+04 344.151 0.000 
-0.00028093 0.00530873 1.1400e+00 -1.947e+04 348.300 0.000 
-0.00028093 0.00564053 1.1400e+00 -2.014e+04 351.973 0.000 
-0.00028093 0.00597232 1.1400e+00 -2.076e+04 355.250 0.000 
-0.00028093 0.00630412 1.1400e+00 -2.137e+04 357.945 0.000 
-0.00028093 0.00663591 1.1400e+00 -2.195e+04 360.490 0.000 
-0.00028093 0.00696771 1.1400e+00 -2.252e+04 362.966 0.000 
-0.00459428 0.00663591 1.1400e+00 -1.132e+04 286.813 0.000 
-0.00459428 0.00696771 1.1400e+00 -1.072e+04 282.487 0.000 
-0.00459428 0.00729950 1.1400e+00 -1.022e+04 278.551 0.000 
-0.00459428 0.00763130 1.1400e+00 -9.827e+03 275.317 0.000 
-0.00459428 0.00796310 1.1400e+00 -9.519e+03 272.801 0.000 
-0.00476018 0.00000000 1.2981e+00 -5.094e+04 462.620 0.705 
-0.00476018 0.00033180 1.2698e+00 -8.052e+04 530.875 0.659 
-0.00476018 0.00066359 1.2211e+00 -1.432e+05 659.260 0.804 
-0.00476018 0.00099539 1.1933e+00 -1.508e+05 676.278 0.791 
-0.00476018 0.00132718 1.1737e+00 -1.429e+05 662.482 0.791 
-0.00476018 0.00165898 1.1576e+00 -1.339e+05 641.146 0.782 
-0.00476018 0.00199077 1.1416e+00 -1.310e+05 633.381 0.825 
-0.00476018 0.00232257 1.1400e+00 -8.562e+04 518.336 0.080 
-0.00476018 0.00265437 1.1400e+00 -6.298e+04 456.592 0.008 
-0.00476018 0.00298616 1.1400e+00 -4.883e+04 415.808 0.001 
-0.00476018 0.00331796 1.1400e+00 -3.924e+04 387.291 0.001 
-0.00476018 0.00364975 1.1400e+00 -3.243e+04 367.148 0.000 
-0.00476018 0.00398155 1.1400e+00 -2.744e+04 351.936 0.000 
-0.00476018 0.00431334 1.1400e+00 -2.367e+04 339.860 0.000 
-0.00476018 0.00464514 1.1400e+00 -2.075e+04 330.217 0.000 
-0.00476018 0.00497693 1.1400e+00 -1.844e+04 321.869 0.000 
-0.00476018 0.00530873 1.1400e+00 -1.659e+04 314.463 0.000 
-0.00476018 0.00564053 1.1400e+00 -1.510e+04 307.725 0.000 
-0.00476018 0.00597232 1.1400e+00 -1.387e+04 301.590 0.000 
-0.00476018 0.00630412 1.1400e+00 -1.287e+04 295.770 0.000 
-0.00476018 0.00663591 1.1400e+00 -1.204e+04 290.805 0.000 
-0.00476018 0.00696771 1.1400e+00 -1.136e+04 285.491 0.000 
-0.00476018 0.00729950 1.1400e+00 -1.081e+04 281.540 0.000 
-0.00476018 0.00763130 1.1400e+00 -1.036e+04 278.352 0.000 
-0.00476018 0.00796310 1.1400e+00 -1.001e+04 276.254 0.000 
-0.00492607 0.00000000 1.2961e+00 -5.042e+04 462.729 0.697 
-0.00492607 0.00033180 1.2695e+00 -7.953e+04 532.214 0.649 
-0.00492607 0.00066359 1.2240e+00 -1.377e+05 655.213 0.770 
-0.00492607 0.00099539 1.1969e+00 -1.475e+05 676.459 0.796 
-0.00492607 0.00132718 1.1774e+00 -1.417e+05 664.834 0.787 
-0.00492607 0.00165898 1.1601e+00 -1.379e+05 656.809 0.782 
-0.00492607 0.00199077 1.1450e+00 -1.333e+05 644.042 0.781 
-0.00492607 0.00232257 1.1400e+00 -9.509e+04 547.157 0.163 
-0.00492607 0.00265437 1.1400e+00 -6.937e+04 478.126 0.017 
-0.00492607 0.00298616 1.1400e+00 -5.356e+04 432.100 0.002 
-0.00492607 0.00331796 1.1400e+00 -4.284e+04 399.769 0.001 
-0.00492607 0.00364975 1.1400e+00 -3.523e+04 376.389 0.000 
-0.00492607 0.00398155 1.1400e+00 -2.964e+04 358.851 0.000 
-0.00492607 0.00431334 1.1400e+00 -2.543e+04 345.582 0.000 
-0.00492607 0.00464514 1.1400e+00 -2.219e+04 334.866 0.000 
-0.00492607 0.00497693 1.1400e+00 -1.964e+04 325.660 0.000 
-0.00492607 0.00530873 1.1400e+00 -1.759e+04 318.082 0.000 
-0.00492607 0.00564053 1.1400e+00 -1.595e+04 311.057 0.000 
-0.00492607 0.00597232 1.1400e+00 -1.461e+04 304.638 0.000 
-0.00492607 0.00630412 1.1400e+00 -1.351e+04 298.954 0.000 
-0.00492607 0.00663591 1.1400e+00 -1.261e+04 292.918 0.000 
-0.00492607 0.00696771 1.1400e+00 -1.187e+04 288.377 0.000 
-0.00492607 0.00729950 1.1400e+00 -1.126e+04 284.225 0.000 
-0.00492607 0.00763130 1.1400e+00 -1.077e+04 281.338 0.000 
-0.00492607 0.00796310 1.1400e+00 -1.037e+04 278.340 0.000 
-0.00028093 0.00729950 1.1400e+00 -2.309e+04 364.526 0.000 
-0.00028093 0.00763130 1.1400e+00 -2.367e+04 366.673 0.000 
-0.00028093 0.00796310 1.1400e+00 -2.424e+04 369.132 0.000 
-0.00044683 0.00000000 1.1400e+00 -1.134e+04 303.849 0.000 
-0.00044683 0.00033180 1.1400e+00 -1.167e+04 305.837 0.000 
-0.00044683 0.00066359 1.1400e+00 -1.178e+04 305.116 0.000 
-0.00044683 0.00099539 1.1400e+00 -1.179e+04 303.601 0.000 
-0.00044683 0.00132718 1.1400e+00 -1.180e+04 301.819 0.000 
