-0.00036388 0.00000000 1.0814e+00 -7.498e+03 191.985 0.000 
-0.00036388 0.00049769 1.0820e+00 -7.492e+03 191.974 0.000 
-0.00036388 0.00099539 1.0828e+00 -7.491e+03 191.978 0.000 
-0.00036388 0.00149308 1.0839e+00 -7.481e+03 192.005 0.000 
-0.00036388 0.00199077 1.0851e+00 -7.462e+03 192.005 0.000 
-0.00036388 0.00248847 1.0865e+00 -7.444e+03 191.973 0.000 
-0.00036388 0.00298616 1.0880e+00 -7.436e+03 191.995 0.000 
-0.00036388 0.00348385 1.0896e+00 -7.419e+03 191.962 0.000 
-0.00036388 0.00398155 1.0915e+00 -7.392e+03 191.987 0.000 
-0.00036388 0.00447924 1.0935e+00 -7.354e+03 191.992 0.000 
-0.00036388 0.00497693 1.0956e+00 -7.325e+03 191.988 0.000 
-0.00036388 0.00547463 1.0978e+00 -7.312e+03 191.983 0.000 
-0.00036388 0.00597232 1.1000e+00 -7.301e+03 191.968 0.000 
-0.00036388 0.00647002 1.1023e+00 -7.282e+03 191.999 0.000 
-0.00036388 0.00696771 1.1046e+00 -7.256e+03 191.983 0.000 
-0.00036388 0.00746540 1.1070e+00 -7.236e+03 191.979 0.000 
-0.00036388 0.00796310 1.1095e+00 -7.225e+03 191.999 0.000 
-0.00036388 0.00846079 1.1119e+00 -7.213e+03 191.984 0.000 
-0.00036388 0.00895848 1.1143e+00 -7.205e+03 191.978 0.000 
-0.00036388 0.00945618 1.1168e+00 -7.192e+03 191.967 0.000 
-0.00036388 0.00995387 1.1193e+00 -7.167e+03 191.980 0.000 
-0.00036388 0.01045156 1.1219e+00 -7.127e+03 192.004 0.000 
-0.00036388 0.01094926 1.1244e+00 -7.104e+03 191.987 0.000 
-0.00036388 0.01144695 1.1269e+00 -7.101e+03 192.004 0.000 
-0.00048831 0.00000000 1.0806e+00 -7.487e+03 191.982 0.000 
-0.00048831 0.00049769 1.0811e+00 -7.487e+03 191.969 0.000 
-0.00048831 0.00099539 1.0818e+00 -7.484e+03 191.993 0.000 
-0.00048831 0.00149308 1.0827e+00 -7.471e+03 191.972 0.000 
-0.00048831 0.00199077 1.0838e+00 -7.460e+03 192.014 0.000 
-0.00048831 0.00248847 1.0851e+00 -7.441e+03 191.982 0.000 
-0.00048831 0.00298616 1.0865e+00 -7.433e+03 192.003 0.000 
-0.00048831 0.00348385 1.0880e+00 -7.422e+03 191.994 0.000 
-0.00048831 0.00398155 1.0898e+00 -7.396e+03 191.977 0.000 
-0.00048831 0.00447924 1.0917e+00 -7.363e+03 191.980 0.000 
-0.00048831 0.00497693 1.0937e+00 -7.327e+03 191.984 0.000 
-0.00048831 0.00547463 1.0958e+00 -7.303e+03 191.970 0.000 
-0.00048831 0.00597232 1.0980e+00 -7.294e+03 191.989 0.000 
-0.00048831 0.00647002 1.1002e+00 -7.276e+03 191.976 0.000 
-0.00048831 0.00696771 1.1025e+00 -7.255e+03 191.990 0.000 
-0.00048831 0.00746540 1.1049e+00 -7.231e+03 191.991 0.000 
-0.00048831 0.00796310 1.1073e+00 -7.213e+03 191.992 0.000 
-0.00048831 0.00846079 1.1098e+00 -7.198e+03 191.994 0.000 
-0.00048831 0.00895848 1.1122e+00 -7.187e+03 191.973 0.000 
-0.00048831 0.00945618 1.1147e+00 -7.179e+03 191.965 0.000 
-0.00048831 0.00995387 1.1171e+00 -7.163e+03 191.987 0.000 
-0.00048831 0.01045156 1.1197e+00 -7.131e+03 191.975 0.000 
-0.00048831 0.01094926 1.1223e+00 -7.091e+03 191.982 0.000 
-0.00048831 0.01144695 1.1247e+00 -7.075e+03 191.961 0.000 
-0.00061273 0.00000000 1.0798e+00 -7.480e+03 191.989 0.000 
-0.00061273 0.00049769 1.0802e+00 -7.481e+03 191.984 0.000 
-0.00061273 0.00099539 1.0808e+00 -7.480e+03 191.993 0.000 
-0.00061273 0.00149308 1.0816e+00 -7.467e+03 192.006 0.000 
-0.00061273 0.00199077 1.0826e+00 -7.456e+03 192.002 0.000 
-0.00061273 0.00248847 1.0838e+00 -7.436e+03 191.965 0.000 
-0.00061273 0.00298616 1.0851e+00 -7.424e+03 191.976 0.000 
-0.00061273 0.00348385 1.0865e+00 -7.417e+03 191.994 0.000 
-0.00061273 0.00398155 1.0881e+00 -7.401e+03 191.978 0.000 
-0.00061273 0.00447924 1.0899e+00 -7.373e+03 191.990 0.000 
-0.00061273 0.00497693 1.0919e+00 -7.328e+03 191.973 0.000 
-0.00061273 0.00547463 1.0940e+00 -7.303e+03 191.987 0.000 
-0.00061273 0.00597232 1.0961e+00 -7.290e+03 191.995 0.000 
-0.00061273 0.00647002 1.0983e+00 -7.272e+03 191.984 0.000 
-0.00061273 0.00696771 1.1005e+00 -7.250e+03 191.990 0.000 
-0.00061273 0.00746540 1.1029e+00 -7.227e+03 191.983 0.000 
-0.00061273 0.00796310 1.1053e+00 -7.206e+03 191.980 0.000 
-0.00061273 0.00846079 1.1077e+00 -7.188e+03 191.988 0.000 
-0.00061273 0.00895848 1.1101e+00 -7.174e+03 192.002 0.000 
-0.00061273 0.00945618 1.1125e+00 -7.163e+03 191.987 0.000 
-0.00061273 0.00995387 1.1150e+00 -7.153e+03 191.992 0.000 
-0.00061273 0.01045156 1.1175e+00 -7.123e+03 191.953 0.000 
-0.00061273 0.01094926 1.1201e+00 -7.084e+03 191.980 0.000 
-0.00061273 0.01144695 1.1226e+00 -7.064e+03 191.980 0.000 
-0.00073715 0.00000000 1.0792e+00 -7.473e+03 191.984 0.000 
-0.00073715 0.00049769 1.0795e+00 -7.472e+03 191.987 0.000 
-0.00073715 0.00099539 1.0799e+00 -7.470e+03 191.987 0.000 
-0.00073715 0.00149308 1.0806e+00 -7.461e+03 191.989 0.000 
-0.00073715 0.00199077 1.0814e+00 -7.448e+03 191.974 0.000 
-0.00073715 0.00248847 1.0825e+00 -7.436e+03 191.986 0.000 
-0.00073715 0.00298616 1.0837e+00 -7.420e+03 191.986 0.000 
-0.00073715 0.00348385 1.0851e+00 -7.411e+03 191.995 0.000 
-0.00073715 0.00398155 1.0866e+00 -7.401e+03 191.987 0.000 
-0.00073715 0.00447924 1.0883e+00 -7.376e+03 191.976 0.000 
-0.00073715 0.00497693 1.0901e+00 -7.342e+03 191.995 0.000 
-0.00073715 0.00547463 1.0921e+00 -7.306e+03 191.987 0.000 
-0.00073715 0.00597232 1.0942e+00 -7.285e+03 191.987 0.000 
-0.00073715 0.00647002 1.0963e+00 -7.267e+03 191.981 0.000 
-0.00073715 0.00696771 1.0986e+00 -7.244e+03 191.971 0.000 
-0.00073715 0.00746540 1.1009e+00 -7.222e+03 191.982 0.000 
-0.00073715 0.00796310 1.1032e+00 -7.202e+03 191.985 0.000 
-0.00073715 0.00846079 1.1056e+00 -7.182e+03 191.989 0.000 
-0.00073715 0.00895848 1.1080e+00 -7.161e+03 191.981 0.000 
-0.00073715 0.00945618 1.1105e+00 -7.147e+03 191.997 0.000 
-0.00073715 0.00995387 1.1129e+00 -7.135e+03 191.987 0.000 
-0.00073715 0.01045156 1.1154e+00 -7.116e+03 191.976 0.000 
-0.00073715 0.01094926 1.1179e+00 -7.080e+03 192.001 0.000 
-0.00073715 0.01144695 1.1204e+00 -7.059e+03 191.995 0.000 
-0.00086158 0.00000000 1.0787e+00 -7.468e+03 192.011 0.000 
-0.00086158 0.00049769 1.0788e+00 -7.471e+03 192.009 0.000 
-0.00086158 0.00099539 1.0792e+00 -7.466e+03 191.991 0.000 
-0.00086158 0.00149308 1.0797e+00 -7.459e+03 191.989 0.000 
-0.00086158 0.00199077 1.0804e+00 -7.447e+03 191.986 0.000 
-0.00086158 0.00248847 1.0814e+00 -7.431e+03 191.996 0.000 
-0.00086158 0.00298616 1.0825e+00 -7.417e+03 192.004 0.000 
-0.00086158 0.00348385 1.0838e+00 -7.401e+03 191.985 0.000 
-0.00086158 0.00398155 1.0852e+00 -7.394e+03 191.997 0.000 
-0.00086158 0.00447924 1.0867e+00 -7.380e+03 191.998 0.000 
-0.00086158 0.00497693 1.0885e+00 -7.349e+03 191.998 0.000 
-0.00086158 0.00547463 1.0904e+00 -7.311e+03 191.985 0.000 
-0.00086158 0.00597232 1.0924e+00 -7.286e+03 191.985 0.000 
-0.00086158 0.00647002 1.0945e+00 -7.267e+03 191.986 0.000 
-0.00086158 0.00696771 1.0967e+00 -7.241e+03 191.979 0.000 
-0.00086158 0.00746540 1.0989e+00 -7.218e+03 192.013 0.000 
-0.00086158 0.00796310 1.1012e+00 -7.198e+03 191.997 0.000 
-0.00086158 0.00846079 1.1036e+00 -7.177e+03 191.975 0.000 
-0.00086158 0.00895848 1.1060e+00 -7.157e+03 191.999 0.000 
-0.00086158 0.00945618 1.1084e+00 -7.133e+03 191.976 0.000 
-0.00086158 0.00995387 1.1109e+00 -7.119e+03 191.983 0.000 
-0.00086158 0.01045156 1.1133e+00 -7.105e+03 191.994 0.000 
-0.00086158 0.01094926 1.1158e+00 -7.072e+03 191.988 0.000 
-0.00086158 0.01144695 1.1183e+00 -7.041e+03 191.971 0.000 
-0.00098600 0.00000000 1.0783e+00 -7.458e+03 191.987 0.000 
-0.00098600 0.00049769 1.0783e+00 -7.461e+03 191.985 0.000 
-0.00098600 0.00099539 1.0785e+00 -7.462e+03 191.973 0.000 
-0.00098600 0.00149308 1.0789e+00 -7.458e+03 191.990 0.000 
-0.00098600 0.00199077 1.0795e+00 -7.448e+03 191.998 0.000 
-0.00098600 0.00248847 1.0803e+00 -7.429e+03 191.978 0.000 
-0.00098600 0.00298616 1.0813e+00 -7.413e+03 191.987 0.000 
-0.00098600 0.00348385 1.0825e+00 -7.395e+03 191.965 0.000 
-0.00098600 0.00398155 1.0838e+00 -7.384e+03 191.975 0.000 
-0.00098600 0.00447924 1.0853e+00 -7.375e+03 191.987 0.000 
-0.00098600 0.00497693 1.0869e+00 -7.351e+03 191.982 0.000 
-0.00098600 0.00547463 1.0887e+00 -7.317e+03 191.993 0.000 
-0.00098600 0.00597232 1.0907e+00 -7.287e+03 191.993 0.000 
-0.00098600 0.00647002 1.0927e+00 -7.264e+03 191.965 0.000 
-0.00098600 0.00696771 1.0948e+00 -7.243e+03 191.998 0.000 
-0.00098600 0.00746540 1.0970e+00 -7.211e+03 191.979 0.000 
-0.00098600 0.00796310 1.0993e+00 -7.189e+03 191.993 0.000 
-0.00098600 0.00846079 1.1016e+00 -7.167e+03 191.964 0.000 
-0.00098600 0.00895848 1.1039e+00 -7.152e+03 192.003 0.000 
-0.00098600 0.00945618 1.1064e+00 -7.127e+03 191.982 0.000 
-0.00098600 0.00995387 1.1088e+00 -7.105e+03 191.974 0.000 
-0.00098600 0.01045156 1.1112e+00 -7.092e+03 191.993 0.000 
-0.00098600 0.01094926 1.1137e+00 -7.062e+03 191.989 0.000 
-0.00098600 0.01144695 1.1162e+00 -7.032e+03 191.991 0.000 
-0.00111042 0.00000000 1.0780e+00 -7.448e+03 191.973 0.000 
-0.00111042 0.00049769 1.0779e+00 -7.455e+03 192.003 0.000 
-0.00111042 0.00099539 1.0779e+00 -7.459e+03 191.990 0.000 
-0.00111042 0.00149308 1.0782e+00 -7.456e+03 191.994 0.000 
-0.00111042 0.00199077 1.0786e+00 -7.447e+03 191.986 0.000 
-0.00111042 0.00248847 1.0793e+00 -7.431e+03 191.985 0.000 
-0.00111042 0.00298616 1.0802e+00 -7.414e+03 191.987 0.000 
-0.00111042 0.00348385 1.0813e+00 -7.398e+03 191.993 0.000 
-0.00111042 0.00398155 1.0825e+00 -7.380e+03 191.987 0.000 
-0.00111042 0.00447924 1.0839e+00 -7.370e+03 191.983 0.000 
-0.00111042 0.00497693 1.0854e+00 -7.353e+03 191.981 0.000 
-0.00111042 0.00547463 1.0871e+00 -7.321e+03 191.984 0.000 
-0.00111042 0.00597232 1.0890e+00 -7.288e+03 191.981 0.000 
-0.00111042 0.00647002 1.0910e+00 -7.267e+03 191.984 0.000 
-0.00111042 0.00696771 1.0930e+00 -7.244e+03 191.989 0.000 
-0.00111042 0.00746540 1.0951e+00 -7.215e+03 191.997 0.000 
-0.00111042 0.00796310 1.0974e+00 -7.181e+03 191.981 0.000 
-0.00111042 0.00846079 1.0997e+00 -7.161e+03 191.977 0.000 
-0.00111042 0.00895848 1.1020e+00 -7.143e+03 191.984 0.000 
-0.00111042 0.00945618 1.1044e+00 -7.122e+03 191.989 0.000 
-0.00111042 0.00995387 1.1068e+00 -7.096e+03 191.975 0.000 
-0.00111042 0.01045156 1.1092e+00 -7.077e+03 191.973 0.000 
-0.00111042 0.01094926 1.1117e+00 -7.057e+03 191.990 0.000 
-0.00111042 0.01144695 1.1142e+00 -7.017e+03 191.963 0.000 
-0.00123485 0.00000000 1.0778e+00 -7.446e+03 191.981 0.000 
-0.00123485 0.00049769 1.0776e+00 -7.446e+03 191.992 0.000 
-0.00123485 0.00099539 1.0775e+00 -7.451e+03 191.973 0.000 
-0.00123485 0.00149308 1.0776e+00 -7.455e+03 191.991 0.000 
-0.00123485 0.00199077 1.0779e+00 -7.441e+03 191.994 0.000 
-0.00123485 0.00248847 1.0784e+00 -7.434e+03 192.002 0.000 
-0.00123485 0.00298616 1.0792e+00 -7.418e+03 191.997 0.000 
-0.00123485 0.00348385 1.0802e+00 -7.397e+03 191.972 0.000 
-0.00123485 0.00398155 1.0813e+00 -7.379e+03 191.975 0.000 
-0.00123485 0.00447924 1.0826e+00 -7.366e+03 191.984 0.000 
-0.00123485 0.00497693 1.0840e+00 -7.351e+03 191.976 0.000 
-0.00123485 0.00547463 1.0856e+00 -7.326e+03 191.992 0.000 
-0.00123485 0.00597232 1.0874e+00 -7.293e+03 191.995 0.000 
-0.00123485 0.00647002 1.0893e+00 -7.269e+03 191.993 0.000 
-0.00123485 0.00696771 1.0913e+00 -7.247e+03 191.984 0.000 
-0.00123485 0.00746540 1.0934e+00 -7.217e+03 191.984 0.000 
-0.00123485 0.00796310 1.0956e+00 -7.181e+03 191.989 0.000 
-0.00123485 0.00846079 1.0978e+00 -7.154e+03 191.983 0.000 
-0.00123485 0.00895848 1.1001e+00 -7.135e+03 191.991 0.000 
-0.00123485 0.00945618 1.1024e+00 -7.116e+03 191.997 0.000 
-0.00123485 0.00995387 1.1048e+00 -7.093e+03 191.993 0.000 
-0.00123485 0.01045156 1.1072e+00 -7.071e+03 191.989 0.000 
-0.00123485 0.01094926 1.1097e+00 -7.048e+03 191.981 0.000 
-0.00123485 0.01144695 1.1122e+00 -7.008e+03 191.961 0.000 
-0.00135927 0.00000000 1.0777e+00 -7.444e+03 191.993 0.000 
-0.00135927 0.00049769 1.0773e+00 -7.441e+03 191.976 0.000 
-0.00135927 0.00099539 1.0771e+00 -7.443e+03 191.990 0.000 
-0.00135927 0.00149308 1.0771e+00 -7.450e+03 191.995 0.000 
-0.00135927 0.00199077 1.0773e+00 -7.445e+03 191.990 0.000 
-0.00135927 0.00248847 1.0777e+00 -7.433e+03 191.972 0.000 
-0.00135927 0.00298616 1.0783e+00 -7.420e+03 191.988 0.000 
-0.00135927 0.00348385 1.0792e+00 -7.401e+03 191.980 0.000 
-0.00135927 0.00398155 1.0802e+00 -7.382e+03 191.986 0.000 
-0.00135927 0.00447924 1.0814e+00 -7.367e+03 192.005 0.000 
-0.00135927 0.00497693 1.0827e+00 -7.352e+03 191.993 0.000 
-0.00135927 0.00547463 1.0842e+00 -7.329e+03 191.990 0.000 
-0.00135927 0.00597232 1.0859e+00 -7.295e+03 191.994 0.000 
-0.00135927 0.00647002 1.0877e+00 -7.265e+03 191.978 0.000 
-0.00135927 0.00696771 1.0896e+00 -7.249e+03 191.991 0.000 
-0.00135927 0.00746540 1.0916e+00 -7.226e+03 191.995 0.000 
-0.00135927 0.00796310 1.0938e+00 -7.184e+03 191.954 0.000 
-0.00135927 0.00846079 1.0960e+00 -7.150e+03 191.965 0.000 
-0.00135927 0.00895848 1.0983e+00 -7.127e+03 191.984 0.000 
-0.00135927 0.00945618 1.1005e+00 -7.107e+03 191.983 0.000 
-0.00135927 0.00995387 1.1029e+00 -7.087e+03 191.986 0.000 
-0.00135927 0.01045156 1.1053e+00 -7.065e+03 191.982 0.000 
-0.00135927 0.01094926 1.1077e+00 -7.043e+03 191.973 0.000 
-0.00135927 0.01144695 1.1101e+00 -7.009e+03 191.989 0.000 
-0.00148369 0.00000000 1.0777e+00 -7.435e+03 191.983 0.000 
-0.00148369 0.00049769 1.0773e+00 -7.432e+03 191.980 0.000 
-0.00148369 0.00099539 1.0769e+00 -7.438e+03 191.993 0.000 
-0.00148369 0.00149308 1.0767e+00 -7.446e+03 191.990 0.000 
-0.00148369 0.00199077 1.0768e+00 -7.449e+03 191.981 0.000 
-0.00148369 0.00248847 1.0771e+00 -7.439e+03 191.977 0.000 
-0.00148369 0.00298616 1.0776e+00 -7.426e+03 191.987 0.000 
-0.00148369 0.00348385 1.0783e+00 -7.407e+03 191.992 0.000 
-0.00148369 0.00398155 1.0792e+00 -7.390e+03 192.001 0.000 
-0.00148369 0.00447924 1.0803e+00 -7.368e+03 191.979 0.000 
-0.00148369 0.00497693 1.0815e+00 -7.356e+03 192.001 0.000 
-0.00148369 0.00547463 1.0829e+00 -7.334e+03 191.994 0.000 
-0.00148369 0.00597232 1.0845e+00 -7.302e+03 191.992 0.000 
-0.00148369 0.00647002 1.0862e+00 -7.266e+03 191.981 0.000 
-0.00148369 0.00696771 1.0881e+00 -7.245e+03 191.965 0.000 
-0.00148369 0.00746540 1.0899e+00 -7.233e+03 192.010 0.000 
-0.00148369 0.00796310 1.0920e+00 -7.201e+03 191.983 0.000 
-0.00148369 0.00846079 1.0942e+00 -7.158e+03 191.968 0.000 
-0.00148369 0.00895848 1.0965e+00 -7.123e+03 191.960 0.000 
-0.00148369 0.00945618 1.0987e+00 -7.101e+03 191.991 0.000 
-0.00148369 0.00995387 1.1010e+00 -7.081e+03 192.000 0.000 
-0.00148369 0.01045156 1.1033e+00 -7.062e+03 192.001 0.000 
-0.00148369 0.01094926 1.1057e+00 -7.041e+03 191.991 0.000 
-0.00148369 0.01144695 1.1081e+00 -7.014e+03 191.970 0.000 
-0.00160812 0.00000000 1.0778e+00 -7.438e+03 191.985 0.000 
-0.00160812 0.00049769 1.0773e+00 -7.429e+03 191.986 0.000 
-0.00160812 0.00099539 1.0768e+00 -7.432e+03 192.006 0.000 
-0.00160812 0.00149308 1.0765e+00 -7.441e+03 192.000 0.000 
-0.00160812 0.00199077 1.0764e+00 -7.451e+03 191.999 0.000 
-0.00160812 0.00248847 1.0765e+00 -7.445e+03 191.983 0.000 
-0.00160812 0.00298616 1.0769e+00 -7.431e+03 191.973 0.000 
-0.00160812 0.00348385 1.0775e+00 -7.416e+03 191.983 0.000 
-0.00160812 0.00398155 1.0783e+00 -7.394e+03 191.982 0.000 
-0.00160812 0.00447924 1.0793e+00 -7.372e+03 191.986 0.000 
-0.00160812 0.00497693 1.0804e+00 -7.357e+03 191.991 0.000 
-0.00160812 0.00547463 1.0817e+00 -7.341e+03 191.992 0.000 
-0.00160812 0.00597232 1.0831e+00 -7.310e+03 191.982 0.000 
-0.00160812 0.00647002 1.0848e+00 -7.272e+03 191.977 0.000 
-0.00160812 0.00696771 1.0866e+00 -7.244e+03 191.978 0.000 
-0.00160812 0.00746540 1.0884e+00 -7.228e+03 191.972 0.000 
-0.00160812 0.00796310 1.0903e+00 -7.210e+03 191.982 0.000 
-0.00160812 0.00846079 1.0925e+00 -7.171e+03 191.973 0.000 
-0.00160812 0.00895848 1.0947e+00 -7.130e+03 191.981 0.000 
-0.00160812 0.00945618 1.0969e+00 -7.097e+03 191.985 0.000 
-0.00160812 0.00995387 1.0992e+00 -7.075e+03 192.005 0.000 
-0.00160812 0.01045156 1.1015e+00 -7.053e+03 191.986 0.000 
-0.00160812 0.01094926 1.1038e+00 -7.035e+03 191.982 0.000 
-0.00160812 0.01144695 1.1062e+00 -7.014e+03 191.974 0.000 
-0.00173254 0.00000000 1.0781e+00 -7.417e+03 192.002 0.000 
-0.00173254 0.00049769 1.0773e+00 -7.428e+03 191.997 0.000 
-0.00173254 0.00099539 1.0768e+00 -7.432e+03 191.987 0.000 
-0.00173254 0.00149308 1.0764e+00 -7.435e+03 191.990 0.000 
-0.00173254 0.00199077 1.0762e+00 -7.442e+03 191.980 0.000 
-0.00173254 0.00248847 1.0761e+00 -7.443e+03 191.969 0.000 
-0.00173254 0.00298616 1.0764e+00 -7.435e+03 191.974 0.000 
-0.00173254 0.00348385 1.0768e+00 -7.423e+03 191.991 0.000 
-0.00173254 0.00398155 1.0775e+00 -7.402e+03 191.982 0.000 
-0.00173254 0.00447924 1.0783e+00 -7.379e+03 191.990 0.000 
-0.00173254 0.00497693 1.0794e+00 -7.361e+03 191.988 0.000 
-0.00173254 0.00547463 1.0805e+00 -7.349e+03 191.995 0.000 
-0.00173254 0.00597232 1.0819e+00 -7.324e+03 192.008 0.000 
-0.00173254 0.00647002 1.0834e+00 -7.284e+03 191.982 0.000 
-0.00173254 0.00696771 1.0852e+00 -7.246e+03 191.992 0.000 
-0.00173254 0.00746540 1.0869e+00 -7.228e+03 191.997 0.000 
-0.00173254 0.00796310 1.0888e+00 -7.211e+03 191.990 0.000 
-0.00173254 0.00846079 1.0908e+00 -7.183e+03 191.984 0.000 
-0.00173254 0.00895848 1.0929e+00 -7.144e+03 191.990 0.000 
-0.00173254 0.00945618 1.0952e+00 -7.104e+03 191.986 0.000 
-0.00173254 0.00995387 1.0974e+00 -7.070e+03 191.982 0.000 
-0.00173254 0.01045156 1.0997e+00 -7.045e+03 191.973 0.000 
-0.00173254 0.01094926 1.1020e+00 -7.027e+03 191.971 0.000 
-0.00173254 0.01144695 1.1043e+00 -7.010e+03 191.967 0.000 
-0.00185696 0.00000000 1.0785e+00 -7.403e+03 191.983 0.000 
-0.00185696 0.00049769 1.0776e+00 -7.422e+03 191.996 0.000 
-0.00185696 0.00099539 1.0769e+00 -7.424e+03 191.999 0.000 
-0.00185696 0.00149308 1.0764e+00 -7.428e+03 191.984 0.000 
-0.00185696 0.00199077 1.0760e+00 -7.435e+03 191.984 0.000 
-0.00185696 0.00248847 1.0759e+00 -7.442e+03 191.993 0.000 
-0.00185696 0.00298616 1.0759e+00 -7.437e+03 191.984 0.000 
-0.00185696 0.00348385 1.0762e+00 -7.429e+03 191.998 0.000 
-0.00185696 0.00398155 1.0767e+00 -7.410e+03 191.999 0.000 
-0.00185696 0.00447924 1.0775e+00 -7.386e+03 191.986 0.000 
-0.00185696 0.00497693 1.0784e+00 -7.366e+03 191.999 0.000 
-0.00185696 0.00547463 1.0795e+00 -7.353e+03 191.984 0.000 
-0.00185696 0.00597232 1.0807e+00 -7.331e+03 191.978 0.000 
-0.00185696 0.00647002 1.0822e+00 -7.296e+03 191.989 0.000 
-0.00185696 0.00696771 1.0838e+00 -7.254e+03 191.987 0.000 
-0.00185696 0.00746540 1.0856e+00 -7.224e+03 191.989 0.000 
-0.00185696 0.00796310 1.0873e+00 -7.209e+03 191.994 0.000 
-0.00185696 0.00846079 1.0893e+00 -7.186e+03 191.962 0.000 
-0.00185696 0.00895848 1.0913e+00 -7.155e+03 191.986 0.000 
-0.00185696 0.00945618 1.0935e+00 -7.113e+03 191.984 0.000 
-0.00185696 0.00995387 1.0957e+00 -7.075e+03 191.996 0.000 
-0.00185696 0.01045156 1.0979e+00 -7.043e+03 191.983 0.000 
-0.00185696 0.01094926 1.1002e+00 -7.024e+03 191.995 0.000 
-0.00185696 0.01144695 1.1025e+00 -7.005e+03 191.994 0.000 
-0.00198139 0.00000000 1.0791e+00 -7.375e+03 191.980 0.000 
-0.00198139 0.00049769 1.0780e+00 -7.415e+03 191.978 0.000 
-0.00198139 0.00099539 1.0771e+00 -7.427e+03 191.988 0.000 
-0.00198139 0.00149308 1.0765e+00 -7.423e+03 191.983 0.000 
-0.00198139 0.00199077 1.0760e+00 -7.428e+03 191.979 0.000 
-0.00198139 0.00248847 1.0757e+00 -7.435e+03 191.983 0.000 
-0.00198139 0.00298616 1.0757e+00 -7.434e+03 191.973 0.000 
-0.00198139 0.00348385 1.0758e+00 -7.434e+03 191.997 0.000 
-0.00198139 0.00398155 1.0762e+00 -7.417e+03 191.993 0.000 
-0.00198139 0.00447924 1.0768e+00 -7.394e+03 191.994 0.000 
-0.00198139 0.00497693 1.0776e+00 -7.368e+03 191.987 0.000 
-0.00198139 0.00547463 1.0786e+00 -7.351e+03 191.964 0.000 
-0.00198139 0.00597232 1.0797e+00 -7.341e+03 191.990 0.000 
-0.00198139 0.00647002 1.0810e+00 -7.312e+03 191.995 0.000 
-0.00198139 0.00696771 1.0826e+00 -7.267e+03 191.982 0.000 
-0.00198139 0.00746540 1.0842e+00 -7.229e+03 192.014 0.000 
-0.00198139 0.00796310 1.0860e+00 -7.204e+03 191.997 0.000 
-0.00198139 0.00846079 1.0878e+00 -7.187e+03 191.997 0.000 
-0.00198139 0.00895848 1.0897e+00 -7.163e+03 191.999 0.000 
-0.00198139 0.00945618 1.0918e+00 -7.123e+03 191.985 0.000 
-0.00198139 0.00995387 1.0941e+00 -7.076e+03 191.958 0.000 
-0.00198139 0.01045156 1.0963e+00 -7.045e+03 191.999 0.000 
-0.00198139 0.01094926 1.0985e+00 -7.016e+03 191.994 0.000 
-0.00198139 0.01144695 1.1008e+00 -6.997e+03 191.993 0.000 
-0.00210581 0.00000000 1.0798e+00 -7.359e+03 191.991 0.000 
-0.00210581 0.00049769 1.0785e+00 -7.401e+03 192.003 0.000 
-0.00210581 0.00099539 1.0775e+00 -7.420e+03 191.956 0.000 
-0.00210581 0.00149308 1.0767e+00 -7.423e+03 191.989 0.000 
-0.00210581 0.00199077 1.0761e+00 -7.426e+03 191.988 0.000 
-0.00210581 0.00248847 1.0757e+00 -7.430e+03 191.976 0.000 
-0.00210581 0.00298616 1.0755e+00 -7.432e+03 191.982 0.000 
-0.00210581 0.00348385 1.0755e+00 -7.428e+03 191.984 0.000 
-0.00210581 0.00398155 1.0757e+00 -7.420e+03 191.989 0.000 
-0.00210581 0.00447924 1.0762e+00 -7.400e+03 191.989 0.000 
-0.00210581 0.00497693 1.0769e+00 -7.374e+03 192.001 0.000 
-0.00210581 0.00547463 1.0778e+00 -7.353e+03 191.986 0.000 
-0.00210581 0.00597232 1.0788e+00 -7.345e+03 192.001 0.000 
-0.00210581 0.00647002 1.0800e+00 -7.324e+03 191.986 0.000 
-0.00210581 0.00696771 1.0814e+00 -7.286e+03 191.987 0.000 
-0.00210581 0.00746540 1.0830e+00 -7.237e+03 191.982 0.000 
-0.00210581 0.00796310 1.0847e+00 -7.202e+03 191.982 0.000 
-0.00210581 0.00846079 1.0864e+00 -7.179e+03 191.978 0.000 
-0.00210581 0.00895848 1.0883e+00 -7.160e+03 191.980 0.000 
-0.00210581 0.00945618 1.0903e+00 -7.133e+03 192.005 0.000 
-0.00210581 0.00995387 1.0924e+00 -7.093e+03 192.009 0.000 
-0.00210581 0.01045156 1.0946e+00 -7.053e+03 191.990 0.000 
-0.00210581 0.01094926 1.0969e+00 -7.011e+03 191.981 0.000 
-0.00210581 0.01144695 1.0991e+00 -6.985e+03 191.977 0.000 
-0.00223023 0.00000000 1.0805e+00 -7.340e+03 191.983 0.000 
-0.00223023 0.00049769 1.0791e+00 -7.378e+03 192.012 0.000 
-0.00223023 0.00099539 1.0779e+00 -7.414e+03 191.983 0.000 
-0.00223023 0.00149308 1.0770e+00 -7.423e+03 191.987 0.000 
-0.00223023 0.00199077 1.0763e+00 -7.425e+03 191.985 0.000 
-0.00223023 0.00248847 1.0758e+00 -7.428e+03 191.980 0.000 
-0.00223023 0.00298616 1.0754e+00 -7.432e+03 191.983 0.000 
-0.00223023 0.00348385 1.0753e+00 -7.429e+03 191.992 0.000 
-0.00223023 0.00398155 1.0754e+00 -7.424e+03 192.004 0.000 
-0.00223023 0.00447924 1.0757e+00 -7.407e+03 191.980 0.000 
-0.00223023 0.00497693 1.0763e+00 -7.382e+03 191.995 0.000 
-0.00223023 0.00547463 1.0771e+00 -7.354e+03 191.989 0.000 
-0.00223023 0.00597232 1.0780e+00 -7.339e+03 191.984 0.000 
-0.00223023 0.00647002 1.0790e+00 -7.330e+03 192.000 0.000 
-0.00223023 0.00696771 1.0803e+00 -7.300e+03 191.977 0.000 
-0.00223023 0.00746540 1.0818e+00 -7.255e+03 191.984 0.000 
-0.00223023 0.00796310 1.0834e+00 -7.211e+03 191.997 0.000 
-0.00223023 0.00846079 1.0851e+00 -7.181e+03 191.995 0.000 
-0.00223023 0.00895848 1.0869e+00 -7.159e+03 191.978 0.000 
-0.00223023 0.00945618 1.0888e+00 -7.134e+03 191.992 0.000 
-0.00223023 0.00995387 1.0909e+00 -7.102e+03 191.990 0.000 
-0.00223023 0.01045156 1.0930e+00 -7.061e+03 191.988 0.000 
-0.00223023 0.01094926 1.0952e+00 -7.020e+03 191.975 0.000 
-0.00223023 0.01144695 1.0975e+00 -6.983e+03 191.983 0.000 
-0.00235466 0.00000000 1.0814e+00 -7.325e+03 191.985 0.000 
-0.00235466 0.00049769 1.0799e+00 -7.367e+03 191.996 0.000 
-0.00235466 0.00099539 1.0786e+00 -7.403e+03 191.987 0.000 
-0.00235466 0.00149308 1.0775e+00 -7.420e+03 191.996 0.000 
-0.00235466 0.00199077 1.0766e+00 -7.427e+03 191.997 0.000 
-0.00235466 0.00248847 1.0759e+00 -7.430e+03 191.980 0.000 
-0.00235466 0.00298616 1.0755e+00 -7.432e+03 191.969 0.000 
-0.00235466 0.00348385 1.0752e+00 -7.431e+03 192.000 0.000 
-0.00235466 0.00398155 1.0752e+00 -7.425e+03 191.991 0.000 
-0.00235466 0.00447924 1.0754e+00 -7.416e+03 191.994 0.000 
-0.00235466 0.00497693 1.0758e+00 -7.388e+03 191.973 0.000 
-0.00235466 0.00547463 1.0765e+00 -7.356e+03 191.998 0.000 
-0.00235466 0.00597232 1.0774e+00 -7.328e+03 191.960 0.000 
-0.00235466 0.00647002 1.0783e+00 -7.326e+03 191.991 0.000 
-0.00235466 0.00696771 1.0794e+00 -7.309e+03 191.992 0.000 
-0.00235466 0.00746540 1.0807e+00 -7.273e+03 191.995 0.000 
-0.00235466 0.00796310 1.0823e+00 -7.225e+03 191.977 0.000 
-0.00235466 0.00846079 1.0839e+00 -7.185e+03 191.976 0.000 
-0.00235466 0.00895848 1.0856e+00 -7.159e+03 191.981 0.000 
-0.00235466 0.00945618 1.0875e+00 -7.136e+03 191.986 0.000 
-0.00235466 0.00995387 1.0894e+00 -7.107e+03 191.984 0.000 
-0.00235466 0.01045156 1.0915e+00 -7.070e+03 191.983 0.000 
-0.00235466 0.01094926 1.0937e+00 -7.027e+03 191.992 0.000 
-0.00235466 0.01144695 1.0959e+00 -6.988e+03 191.997 0.000 
-0.00247908 0.00000000 1.0824e+00 -7.310e+03 191.999 0.000 
-0.00247908 0.00049769 1.0808e+00 -7.346e+03 191.992 0.000 
-0.00247908 0.00099539 1.0793e+00 -7.389e+03 191.966 0.000 
-0.00247908 0.00149308 1.0781e+00 -7.416e+03 191.997 0.000 
-0.00247908 0.00199077 1.0770e+00 -7.428e+03 192.000 0.000 
-0.00247908 0.00248847 1.0762e+00 -7.433e+03 191.986 0.000 
-0.00247908 0.00298616 1.0756e+00 -7.434e+03 191.980 0.000 
-0.00247908 0.00348385 1.0753e+00 -7.433e+03 191.972 0.000 
-0.00247908 0.00398155 1.0751e+00 -7.428e+03 191.993 0.000 
-0.00247908 0.00447924 1.0752e+00 -7.419e+03 191.986 0.000 
-0.00247908 0.00497693 1.0754e+00 -7.405e+03 191.999 0.000 
-0.00247908 0.00547463 1.0760e+00 -7.366e+03 191.985 0.000 
-0.00247908 0.00597232 1.0767e+00 -7.345e+03 191.989 0.000 
-0.00247908 0.00647002 1.0776e+00 -7.322e+03 191.973 0.000 
-0.00247908 0.00696771 1.0786e+00 -7.315e+03 191.980 0.000 
-0.00247908 0.00746540 1.0798e+00 -7.281e+03 191.997 0.000 
-0.00247908 0.00796310 1.0812e+00 -7.245e+03 191.970 0.000 
-0.00247908 0.00846079 1.0828e+00 -7.196e+03 191.964 0.000 
-0.00247908 0.00895848 1.0845e+00 -7.163e+03 191.982 0.000 
-0.00247908 0.00945618 1.0862e+00 -7.137e+03 191.995 0.000 
-0.00247908 0.00995387 1.0880e+00 -7.111e+03 191.999 0.000 
-0.00247908 0.01045156 1.0901e+00 -7.074e+03 191.976 0.000 
-0.00247908 0.01094926 1.0921e+00 -7.034e+03 191.986 0.000 
-0.00247908 0.01144695 1.0943e+00 -6.991e+03 191.950 0.000 
-0.00260350 0.00000000 1.0834e+00 -7.295e+03 191.975 0.000 
-0.00260350 0.00049769 1.0818e+00 -7.327e+03 191.969 0.000 
-0.00260350 0.00099539 1.0802e+00 -7.370e+03 191.971 0.000 
-0.00260350 0.00149308 1.0788e+00 -7.408e+03 191.993 0.000 
-0.00260350 0.00199077 1.0776e+00 -7.427e+03 191.984 0.000 
-0.00260350 0.00248847 1.0767e+00 -7.434e+03 191.981 0.000 
-0.00260350 0.00298616 1.0759e+00 -7.439e+03 191.991 0.000 
-0.00260350 0.00348385 1.0754e+00 -7.438e+03 191.971 0.000 
-0.00260350 0.00398155 1.0751e+00 -7.433e+03 191.986 0.000 
-0.00260350 0.00447924 1.0750e+00 -7.425e+03 191.992 0.000 
-0.00260350 0.00497693 1.0752e+00 -7.413e+03 191.981 0.000 
-0.00260350 0.00547463 1.0756e+00 -7.381e+03 191.984 0.000 
-0.00260350 0.00597232 1.0762e+00 -7.353e+03 191.986 0.000 
-0.00260350 0.00647002 1.0770e+00 -7.322e+03 192.004 0.000 
-0.00260350 0.00696771 1.0779e+00 -7.304e+03 191.982 0.000 
-0.00260350 0.00746540 1.0790e+00 -7.291e+03 191.988 0.000 
-0.00260350 0.00796310 1.0802e+00 -7.256e+03 191.992 0.000 
-0.00260350 0.00846079 1.0817e+00 -7.213e+03 191.988 0.000 
-0.00260350 0.00895848 1.0833e+00 -7.172e+03 191.976 0.000 
-0.00260350 0.00945618 1.0850e+00 -7.142e+03 192.001 0.000 
-0.00260350 0.00995387 1.0868e+00 -7.112e+03 191.997 0.000 
-0.00260350 0.01045156 1.0887e+00 -7.076e+03 191.970 0.000 
-0.00260350 0.01094926 1.0907e+00 -7.041e+03 191.981 0.000 
-0.00260350 0.01144695 1.0928e+00 -7.002e+03 191.975 0.000 
-0.00272793 0.00000000 1.0845e+00 -7.290e+03 191.988 0.000 
-0.00272793 0.00049769 1.0828e+00 -7.315e+03 191.985 0.000 
-0.00272793 0.00099539 1.0812e+00 -7.354e+03 191.976 0.000 
-0.00272793 0.00149308 1.0797e+00 -7.395e+03 191.982 0.000 
-0.00272793 0.00199077 1.0783e+00 -7.422e+03 191.991 0.000 
-0.00272793 0.00248847 1.0772e+00 -7.435e+03 191.986 0.000 
-0.00272793 0.00298616 1.0763e+00 -7.445e+03 192.017 0.000 
-0.00272793 0.00348385 1.0756e+00 -7.446e+03 192.004 0.000 
-0.00272793 0.00398155 1.0752e+00 -7.437e+03 191.971 0.000 
-0.00272793 0.00447924 1.0750e+00 -7.429e+03 191.983 0.000 
-0.00272793 0.00497693 1.0750e+00 -7.422e+03 191.972 0.000 
-0.00272793 0.00547463 1.0753e+00 -7.395e+03 191.976 0.000 
-0.00272793 0.00597232 1.0758e+00 -7.364e+03 191.988 0.000 
-0.00272793 0.00647002 1.0765e+00 -7.332e+03 192.002 0.000 
-0.00272793 0.00696771 1.0773e+00 -7.310e+03 192.003 0.000 
-0.00272793 0.00746540 1.0782e+00 -7.294e+03 191.982 0.000 
-0.00272793 0.00796310 1.0794e+00 -7.259e+03 191.974 0.000 
-0.00272793 0.00846079 1.0808e+00 -7.221e+03 191.989 0.000 
-0.00272793 0.00895848 1.0823e+00 -7.178e+03 191.959 0.000 
-0.00272793 0.00945618 1.0839e+00 -7.142e+03 191.980 0.000 
-0.00272793 0.00995387 1.0857e+00 -7.110e+03 191.979 0.000 
-0.00272793 0.01045156 1.0874e+00 -7.085e+03 191.994 0.000 
-0.00272793 0.01094926 1.0894e+00 -7.050e+03 191.980 0.000 
-0.00272793 0.01144695 1.0914e+00 -7.011e+03 191.980 0.000 
-0.00285235 0.00000000 1.0858e+00 -7.281e+03 191.997 0.000 
-0.00285235 0.00049769 1.0840e+00 -7.298e+03 191.944 0.000 
-0.00285235 0.00099539 1.0823e+00 -7.338e+03 191.971 0.000 
-0.00285235 0.00149308 1.0806e+00 -7.379e+03 191.966 0.000 
-0.00285235 0.00199077 1.0792e+00 -7.411e+03 191.962 0.000 
-0.00285235 0.00248847 1.0779e+00 -7.431e+03 191.976 0.000 
-0.00285235 0.00298616 1.0769e+00 -7.443e+03 191.985 0.000 
-0.00285235 0.00348385 1.0760e+00 -7.448e+03 191.992 0.000 
-0.00285235 0.00398155 1.0755e+00 -7.446e+03 191.993 0.000 
-0.00285235 0.00447924 1.0751e+00 -7.438e+03 192.000 0.000 
-0.00285235 0.00497693 1.0750e+00 -7.427e+03 191.985 0.000 
-0.00285235 0.00547463 1.0751e+00 -7.408e+03 191.990 0.000 
-0.00285235 0.00597232 1.0754e+00 -7.379e+03 191.978 0.000 
-0.00285235 0.00647002 1.0760e+00 -7.347e+03 191.988 0.000 
-0.00285235 0.00696771 1.0768e+00 -7.315e+03 191.971 0.000 
-0.00285235 0.00746540 1.0777e+00 -7.293e+03 191.985 0.000 
-0.00285235 0.00796310 1.0787e+00 -7.268e+03 191.990 0.000 
-0.00285235 0.00846079 1.0799e+00 -7.232e+03 191.992 0.000 
-0.00285235 0.00895848 1.0814e+00 -7.193e+03 191.995 0.000 
-0.00285235 0.00945618 1.0829e+00 -7.155e+03 192.000 0.000 
-0.00285235 0.00995387 1.0846e+00 -7.118e+03 191.970 0.000 
-0.00285235 0.01045156 1.0863e+00 -7.087e+03 191.989 0.000 
-0.00285235 0.01094926 1.0881e+00 -7.056e+03 191.983 0.000 
-0.00285235 0.01144695 1.0901e+00 -7.019e+03 191.984 0.000 
-0.00297677 0.00000000 1.0872e+00 -7.274e+03 191.999 0.000 
-0.00297677 0.00049769 1.0853e+00 -7.290e+03 191.954 0.000 
-0.00297677 0.00099539 1.0834e+00 -7.328e+03 191.995 0.000 
-0.00297677 0.00149308 1.0817e+00 -7.368e+03 191.989 0.000 
-0.00297677 0.00199077 1.0801e+00 -7.411e+03 191.983 0.000 
-0.00297677 0.00248847 1.0788e+00 -7.428e+03 191.980 0.000 
-0.00297677 0.00298616 1.0776e+00 -7.442e+03 191.993 0.000 
-0.00297677 0.00348385 1.0766e+00 -7.449e+03 191.982 0.000 
-0.00297677 0.00398155 1.0758e+00 -7.454e+03 192.001 0.000 
-0.00297677 0.00447924 1.0753e+00 -7.447e+03 192.006 0.000 
-0.00297677 0.00497693 1.0751e+00 -7.434e+03 191.975 0.000 
-0.00297677 0.00547463 1.0750e+00 -7.421e+03 191.993 0.000 
-0.00297677 0.00597232 1.0753e+00 -7.392e+03 191.970 0.000 
-0.00297677 0.00647002 1.0757e+00 -7.371e+03 191.985 0.000 
-0.00297677 0.00696771 1.0763e+00 -7.330e+03 191.969 0.000 
-0.00297677 0.00746540 1.0771e+00 -7.300e+03 191.960 0.000 
-0.00297677 0.00796310 1.0781e+00 -7.274e+03 191.964 0.000 
-0.00297677 0.00846079 1.0792e+00 -7.240e+03 191.960 0.000 
-0.00297677 0.00895848 1.0805e+00 -7.204e+03 191.996 0.000 
-0.00297677 0.00945618 1.0820e+00 -7.162e+03 191.977 0.000 
-0.00297677 0.00995387 1.0835e+00 -7.127e+03 191.976 0.000 
-0.00297677 0.01045156 1.0852e+00 -7.092e+03 191.967 0.000 
-0.00297677 0.01094926 1.0870e+00 -7.066e+03 191.998 0.000 
-0.00297677 0.01144695 1.0889e+00 -7.024e+03 191.955 0.000 
-0.00310120 0.00000000 1.0887e+00 -7.265e+03 192.004 0.000 
-0.00310120 0.00049769 1.0866e+00 -7.293e+03 191.990 0.000 
-0.00310120 0.00099539 1.0847e+00 -7.315e+03 191.971 0.000 
-0.00310120 0.00149308 1.0829e+00 -7.356e+03 191.978 0.000 
-0.00310120 0.00199077 1.0812e+00 -7.397e+03 191.993 0.000 
-0.00310120 0.00248847 1.0797e+00 -7.425e+03 191.987 0.000 
-0.00310120 0.00298616 1.0784e+00 -7.441e+03 191.979 0.000 
-0.00310120 0.00348385 1.0773e+00 -7.454e+03 192.002 0.000 
-0.00310120 0.00398155 1.0764e+00 -7.458e+03 191.991 0.000 
-0.00310120 0.00447924 1.0757e+00 -7.453e+03 191.975 0.000 
-0.00310120 0.00497693 1.0753e+00 -7.447e+03 192.003 0.000 
-0.00310120 0.00547463 1.0751e+00 -7.433e+03 191.977 0.000 
-0.00310120 0.00597232 1.0752e+00 -7.403e+03 191.969 0.000 
-0.00310120 0.00647002 1.0755e+00 -7.377e+03 191.983 0.000 
-0.00310120 0.00696771 1.0760e+00 -7.349e+03 191.967 0.000 
-0.00310120 0.00746540 1.0766e+00 -7.331e+03 191.981 0.000 
-0.00310120 0.00796310 1.0775e+00 -7.287e+03 191.976 0.000 
-0.00310120 0.00846079 1.0785e+00 -7.254e+03 191.969 0.000 
-0.00310120 0.00895848 1.0797e+00 -7.232e+03 191.983 0.000 
-0.00310120 0.00945618 1.0811e+00 -7.176e+03 192.009 0.000 
-0.00310120 0.00995387 1.0826e+00 -7.138e+03 192.002 0.000 
-0.00310120 0.01045156 1.0842e+00 -7.102e+03 191.986 0.000 
-0.00310120 0.01094926 1.0859e+00 -7.068e+03 191.981 0.000 
-0.00310120 0.01144695 1.0877e+00 -7.035e+03 191.981 0.000 
-0.00322562 0.00000000 1.0903e+00 -7.249e+03 191.994 0.000 
-0.00322562 0.00049769 1.0881e+00 -7.285e+03 191.978 0.000 
-0.00322562 0.00099539 1.0861e+00 -7.309e+03 191.981 0.000 
-0.00322562 0.00149308 1.0842e+00 -7.348e+03 192.011 0.000 
-0.00322562 0.00199077 1.0824e+00 -7.386e+03 191.981 0.000 
-0.00322562 0.00248847 1.0807e+00 -7.423e+03 192.002 0.000 
-0.00322562 0.00298616 1.0793e+00 -7.442e+03 191.980 0.000 
-0.00322562 0.00348385 1.0781e+00 -7.455e+03 191.995 0.000 
-0.00322562 0.00398155 1.0770e+00 -7.464e+03 192.003 0.000 
-0.00322562 0.00447924 1.0762e+00 -7.463e+03 191.983 0.000 
-0.00322562 0.00497693 1.0756e+00 -7.456e+03 191.988 0.000 
-0.00322562 0.00547463 1.0754e+00 -7.434e+03 191.961 0.000 
-0.00322562 0.00597232 1.0753e+00 -7.418e+03 191.994 0.000 
-0.00322562 0.00647002 1.0754e+00 -7.390e+03 191.997 0.000 
-0.00322562 0.00696771 1.0758e+00 -7.355e+03 191.949 0.000 
-0.00322562 0.00746540 1.0763e+00 -7.332e+03 191.980 0.000 
-0.00322562 0.00796310 1.0771e+00 -7.302e+03 191.964 0.000 
-0.00322562 0.00846079 1.0780e+00 -7.273e+03 192.008 0.000 
-0.00322562 0.00895848 1.0791e+00 -7.229e+03 191.977 0.000 
-0.00322562 0.00945618 1.0803e+00 -7.188e+03 191.999 0.000 
-0.00322562 0.00995387 1.0817e+00 -7.158e+03 192.010 0.000 
-0.00322562 0.01045156 1.0832e+00 -7.122e+03 191.975 0.000 
-0.00322562 0.01094926 1.0848e+00 -7.093e+03 192.022 0.000 
-0.00322562 0.01144695 1.0866e+00 -7.056e+03 191.992 0.000 
-0.00335004 0.00000000 1.0920e+00 -7.242e+03 191.983 0.000 
-0.00335004 0.00049769 1.0897e+00 -7.280e+03 191.980 0.000 
-0.00335004 0.00099539 1.0876e+00 -7.303e+03 191.973 0.000 
-0.00335004 0.00149308 1.0856e+00 -7.336e+03 191.995 0.000 
-0.00335004 0.00199077 1.0836e+00 -7.376e+03 191.974 0.000 
-0.00335004 0.00248847 1.0819e+00 -7.414e+03 191.971 0.000 
-0.00335004 0.00298616 1.0803e+00 -7.441e+03 191.971 0.000 
-0.00335004 0.00348385 1.0790e+00 -7.457e+03 191.981 0.000 
-0.00335004 0.00398155 1.0778e+00 -7.464e+03 191.978 0.000 
-0.00335004 0.00447924 1.0768e+00 -7.469e+03 191.975 0.000 
-0.00335004 0.00497693 1.0761e+00 -7.467e+03 191.980 0.000 
-0.00335004 0.00547463 1.0756e+00 -7.457e+03 191.984 0.000 
-0.00335004 0.00597232 1.0755e+00 -7.433e+03 191.985 0.000 
-0.00335004 0.00647002 1.0755e+00 -7.404e+03 191.990 0.000 
-0.00335004 0.00696771 1.0757e+00 -7.371e+03 191.977 0.000 
-0.00335004 0.00746540 1.0761e+00 -7.344e+03 191.970 0.000 
-0.00335004 0.00796310 1.0767e+00 -7.317e+03 191.970 0.000 
-0.00335004 0.00846079 1.0775e+00 -7.287e+03 191.979 0.000 
-0.00335004 0.00895848 1.0785e+00 -7.249e+03 191.983 0.000 
-0.00335004 0.00945618 1.0796e+00 -7.215e+03 191.967 0.000 
-0.00335004 0.00995387 1.0809e+00 -7.172e+03 191.991 0.000 
-0.00335004 0.01045156 1.0824e+00 -7.118e+03 191.994 0.000 
-0.00335004 0.01094926 1.0839e+00 -7.094e+03 191.981 0.000 
-0.00335004 0.01144695 1.0856e+00 -7.062e+03 191.986 0.000 
-0.00347447 0.00000000 1.0938e+00 -7.230e+03 191.963 0.000 
-0.00347447 0.00049769 1.0914e+00 -7.277e+03 192.003 0.000 
-0.00347447 0.00099539 1.0892e+00 -7.304e+03 192.006 0.000 
-0.00347447 0.00149308 1.0870e+00 -7.329e+03 191.990 0.000 
-0.00347447 0.00199077 1.0850e+00 -7.367e+03 191.986 0.000 
-0.00347447 0.00248847 1.0831e+00 -7.412e+03 191.992 0.000 
-0.00347447 0.00298616 1.0814e+00 -7.440e+03 191.963 0.000 
-0.00347447 0.00348385 1.0799e+00 -7.463e+03 192.011 0.000 
-0.00347447 0.00398155 1.0787e+00 -7.473e+03 191.978 0.000 
-0.00347447 0.00447924 1.0776e+00 -7.474e+03 191.983 0.000 
-0.00347447 0.00497693 1.0767e+00 -7.476e+03 191.982 0.000 
-0.00347447 0.00547463 1.0761e+00 -7.472e+03 191.985 0.000 
-0.00347447 0.00597232 1.0758e+00 -7.448e+03 191.949 0.000 
-0.00347447 0.00647002 1.0756e+00 -7.422e+03 191.986 0.000 
-0.00347447 0.00696771 1.0757e+00 -7.386e+03 191.975 0.000 
-0.00347447 0.00746540 1.0761e+00 -7.353e+03 191.952 0.000 
-0.00347447 0.00796310 1.0765e+00 -7.331e+03 191.974 0.000 
-0.00347447 0.00846079 1.0772e+00 -7.304e+03 191.969 0.000 
-0.00347447 0.00895848 1.0780e+00 -7.279e+03 191.968 0.000 
-0.00347447 0.00945618 1.0791e+00 -7.239e+03 192.012 0.000 
-0.00347447 0.00995387 1.0803e+00 -7.184e+03 191.958 0.000 
-0.00347447 0.01045156 1.0817e+00 -7.139e+03 191.961 0.000 
-0.00347447 0.01094926 1.0831e+00 -7.101e+03 191.959 0.000 
-0.00347447 0.01144695 1.0847e+00 -7.068e+03 191.966 0.000 
-0.00359889 0.00000000 1.0957e+00 -7.220e+03 191.991 0.000 
-0.00359889 0.00049769 1.0932e+00 -7.271e+03 192.008 0.000 
-0.00359889 0.00099539 1.0909e+00 -7.305e+03 191.981 0.000 
-0.00359889 0.00149308 1.0887e+00 -7.324e+03 191.962 0.000 
-0.00359889 0.00199077 1.0865e+00 -7.360e+03 191.994 0.000 
-0.00359889 0.00248847 1.0845e+00 -7.403e+03 191.989 0.000 
-0.00359889 0.00298616 1.0827e+00 -7.443e+03 191.998 0.000 
-0.00359889 0.00348385 1.0810e+00 -7.465e+03 191.990 0.000 
-0.00359889 0.00398155 1.0796e+00 -7.475e+03 191.981 0.000 
-0.00359889 0.00447924 1.0784e+00 -7.481e+03 191.996 0.000 
-0.00359889 0.00497693 1.0774e+00 -7.481e+03 191.985 0.000 
-0.00359889 0.00547463 1.0767e+00 -7.482e+03 191.970 0.000 
-0.00359889 0.00597232 1.0761e+00 -7.478e+03 191.995 0.000 
-0.00359889 0.00647002 1.0758e+00 -7.465e+03 191.977 0.000 
-0.00359889 0.00696771 1.0759e+00 -7.404e+03 191.945 0.000 
-0.00359889 0.00746540 1.0761e+00 -7.369e+03 191.958 0.000 
-0.00359889 0.00796310 1.0764e+00 -7.342e+03 191.966 0.000 
-0.00359889 0.00846079 1.0770e+00 -7.322e+03 191.998 0.000 
-0.00359889 0.00895848 1.0777e+00 -7.300e+03 191.976 0.000 
-0.00359889 0.00945618 1.0786e+00 -7.259e+03 191.974 0.000 
-0.00359889 0.00995387 1.0797e+00 -7.213e+03 191.999 0.000 
-0.00359889 0.01045156 1.0810e+00 -7.165e+03 192.010 0.000 
-0.00359889 0.01094926 1.0824e+00 -7.118e+03 191.991 0.000 
-0.00359889 0.01144695 1.0839e+00 -7.081e+03 191.976 0.000 
-0.00372331 0.00000000 1.0977e+00 -7.199e+03 191.978 0.000 
-0.00372331 0.00049769 1.0951e+00 -7.261e+03 192.011 0.000 
-0.00372331 0.00099539 1.0927e+00 -7.304e+03 191.999 0.000 
-0.00372331 0.00149308 1.0903e+00 -7.330e+03 192.008 0.000 
-0.00372331 0.00199077 1.0881e+00 -7.357e+03 191.991 0.000 
-0.00372331 0.00248847 1.0860e+00 -7.396e+03 191.996 0.000 
-0.00372331 0.00298616 1.0840e+00 -7.438e+03 191.992 0.000 
-0.00372331 0.00348385 1.0823e+00 -7.469e+03 191.978 0.000 
-0.00372331 0.00398155 1.0807e+00 -7.485e+03 191.980 0.000 
-0.00372331 0.00447924 1.0794e+00 -7.491e+03 192.017 0.000 
-0.00372331 0.00497693 1.0783e+00 -7.488e+03 191.996 0.000 
-0.00372331 0.00547463 1.0774e+00 -7.491e+03 191.991 0.000 
-0.00372331 0.00597232 1.0767e+00 -7.488e+03 191.966 0.000 
-0.00372331 0.00647002 1.0762e+00 -7.476e+03 191.970 0.000 
-0.00372331 0.00696771 1.0761e+00 -7.444e+03 191.996 0.000 
-0.00372331 0.00746540 1.0762e+00 -7.391e+03 191.971 0.000 
-0.00372331 0.00796310 1.0765e+00 -7.357e+03 191.970 0.000 
-0.00372331 0.00846079 1.0769e+00 -7.334e+03 191.989 0.000 
-0.00372331 0.00895848 1.0774e+00 -7.319e+03 192.000 0.000 
-0.00372331 0.00945618 1.0782e+00 -7.282e+03 191.974 0.000 
-0.00372331 0.00995387 1.0792e+00 -7.235e+03 191.959 0.000 
-0.00372331 0.01045156 1.0804e+00 -7.184e+03 191.958 0.000 
-0.00372331 0.01094926 1.0817e+00 -7.137e+03 191.982 0.000 
-0.00372331 0.01144695 1.0832e+00 -7.084e+03 191.985 0.000 
-0.00384774 0.00000000 1.0998e+00 -7.177e+03 191.966 0.000 
-0.00384774 0.00049769 1.0972e+00 -7.240e+03 191.975 0.000 
-0.00384774 0.00099539 1.0946e+00 -7.293e+03 191.977 0.000 
-0.00384774 0.00149308 1.0922e+00 -7.326e+03 191.979 0.000 
-0.00384774 0.00199077 1.0898e+00 -7.355e+03 191.988 0.000 
-0.00384774 0.00248847 1.0876e+00 -7.389e+03 191.986 0.000 
-0.00384774 0.00298616 1.0855e+00 -7.434e+03 192.011 0.000 
-0.00384774 0.00348385 1.0836e+00 -7.471e+03 191.975 0.000 
-0.00384774 0.00398155 1.0819e+00 -7.495e+03 191.986 0.000 
-0.00384774 0.00447924 1.0804e+00 -7.499e+03 191.987 0.000 
-0.00384774 0.00497693 1.0792e+00 -7.495e+03 191.986 0.000 
-0.00384774 0.00547463 1.0782e+00 -7.494e+03 191.986 0.000 
-0.00384774 0.00597232 1.0773e+00 -7.499e+03 191.991 0.000 
-0.00384774 0.00647002 1.0767e+00 -7.498e+03 192.006 0.000 
-0.00384774 0.00696771 1.0764e+00 -7.472e+03 191.986 0.000 
-0.00384774 0.00746540 1.0764e+00 -7.427e+03 191.982 0.000 
-0.00384774 0.00796310 1.0766e+00 -7.378e+03 191.986 0.000 
-0.00384774 0.00846079 1.0769e+00 -7.346e+03 191.975 0.000 
-0.00384774 0.00895848 1.0773e+00 -7.329e+03 191.971 0.000 
-0.00384774 0.00945618 1.0780e+00 -7.300e+03 191.969 0.000 
-0.00384774 0.00995387 1.0789e+00 -7.257e+03 191.950 0.000 
-0.00384774 0.01045156 1.0799e+00 -7.211e+03 191.963 0.000 
-0.00384774 0.01094926 1.0811e+00 -7.163e+03 191.987 0.000 
-0.00384774 0.01144695 1.0825e+00 -7.109e+03 191.954 0.000 
-0.00397216 0.00000000 1.1020e+00 -7.154e+03 191.981 0.000 
-0.00397216 0.00049769 1.0993e+00 -7.219e+03 191.985 0.000 
-0.00397216 0.00099539 1.0966e+00 -7.284e+03 191.991 0.000 
-0.00397216 0.00149308 1.0941e+00 -7.324e+03 191.978 0.000 
-0.00397216 0.00199077 1.0916e+00 -7.354e+03 192.000 0.000 
-0.00397216 0.00248847 1.0893e+00 -7.383e+03 191.973 0.000 
-0.00397216 0.00298616 1.0871e+00 -7.423e+03 191.985 0.000 
-0.00397216 0.00348385 1.0851e+00 -7.467e+03 191.981 0.000 
-0.00397216 0.00398155 1.0832e+00 -7.499e+03 191.987 0.000 
-0.00397216 0.00447924 1.0816e+00 -7.512e+03 191.983 0.000 
-0.00397216 0.00497693 1.0803e+00 -7.504e+03 191.959 0.000 
-0.00397216 0.00547463 1.0791e+00 -7.502e+03 191.993 0.000 
-0.00397216 0.00597232 1.0781e+00 -7.501e+03 191.979 0.000 
-0.00397216 0.00647002 1.0774e+00 -7.504e+03 191.981 0.000 
-0.00397216 0.00696771 1.0769e+00 -7.494e+03 191.991 0.000 
-0.00397216 0.00746540 1.0766e+00 -7.466e+03 191.985 0.000 
-0.00397216 0.00796310 1.0768e+00 -7.401e+03 191.961 0.000 
-0.00397216 0.00846079 1.0770e+00 -7.363e+03 191.971 0.000 
-0.00397216 0.00895848 1.0773e+00 -7.341e+03 191.960 0.000 
-0.00397216 0.00945618 1.0779e+00 -7.315e+03 191.967 0.000 
-0.00397216 0.00995387 1.0786e+00 -7.280e+03 191.966 0.000 
-0.00397216 0.01045156 1.0795e+00 -7.237e+03 191.983 0.000 
-0.00397216 0.01094926 1.0806e+00 -7.188e+03 191.989 0.000 
-0.00397216 0.01144695 1.0819e+00 -7.135e+03 191.984 0.000 
-0.00409658 0.00000000 1.1042e+00 -7.137e+03 191.993 0.000 
-0.00409658 0.00049769 1.1015e+00 -7.195e+03 191.992 0.000 
-0.00409658 0.00099539 1.0987e+00 -7.266e+03 191.984 0.000 
-0.00409658 0.00149308 1.0961e+00 -7.318e+03 192.005 0.000 
-0.00409658 0.00199077 1.0935e+00 -7.353e+03 191.998 0.000 
-0.00409658 0.00248847 1.0911e+00 -7.383e+03 191.998 0.000 
-0.00409658 0.00298616 1.0888e+00 -7.418e+03 191.999 0.000 
-0.00409658 0.00348385 1.0867e+00 -7.457e+03 191.967 0.000 
-0.00409658 0.00398155 1.0847e+00 -7.502e+03 192.001 0.000 
-0.00409658 0.00447924 1.0829e+00 -7.525e+03 191.993 0.000 
-0.00409658 0.00497693 1.0814e+00 -7.527e+03 192.009 0.000 
-0.00409658 0.00547463 1.0801e+00 -7.510e+03 191.971 0.000 
-0.00409658 0.00597232 1.0790e+00 -7.507e+03 191.999 0.000 
-0.00409658 0.00647002 1.0781e+00 -7.518e+03 191.985 0.000 
-0.00409658 0.00696771 1.0775e+00 -7.509e+03 192.000 0.000 
-0.00409658 0.00746540 1.0771e+00 -7.486e+03 191.976 0.000 
-0.00409658 0.00796310 1.0771e+00 -7.428e+03 191.956 0.000 
-0.00409658 0.00846079 1.0772e+00 -7.383e+03 191.954 0.000 
-0.00409658 0.00895848 1.0774e+00 -7.361e+03 191.998 0.000 
-0.00409658 0.00945618 1.0779e+00 -7.328e+03 191.981 0.000 
-0.00409658 0.00995387 1.0785e+00 -7.295e+03 191.967 0.000 
-0.00409658 0.01045156 1.0793e+00 -7.258e+03 191.988 0.000 
-0.00409658 0.01094926 1.0803e+00 -7.213e+03 191.995 0.000 
-0.00409658 0.01144695 1.0814e+00 -7.159e+03 191.977 0.000 
-0.00422101 0.00000000 1.1066e+00 -7.117e+03 191.995 0.000 
-0.00422101 0.00049769 1.1038e+00 -7.175e+03 191.992 0.000 
-0.00422101 0.00099539 1.1010e+00 -7.248e+03 191.991 0.000 
-0.00422101 0.00149308 1.0982e+00 -7.301e+03 191.976 0.000 
-0.00422101 0.00199077 1.0955e+00 -7.350e+03 191.980 0.000 
-0.00422101 0.00248847 1.0930e+00 -7.380e+03 191.968 0.000 
-0.00422101 0.00298616 1.0906e+00 -7.414e+03 191.989 0.000 
-0.00422101 0.00348385 1.0884e+00 -7.451e+03 191.993 0.000 
-0.00422101 0.00398155 1.0862e+00 -7.493e+03 191.987 0.000 
-0.00422101 0.00447924 1.0843e+00 -7.530e+03 191.995 0.000 
-0.00422101 0.00497693 1.0826e+00 -7.539e+03 191.975 0.000 
-0.00422101 0.00547463 1.0812e+00 -7.529e+03 191.982 0.000 
-0.00422101 0.00597232 1.0801e+00 -7.515e+03 191.978 0.000 
-0.00422101 0.00647002 1.0791e+00 -7.512e+03 191.972 0.000 
-0.00422101 0.00696771 1.0783e+00 -7.507e+03 191.983 0.000 
-0.00422101 0.00746540 1.0777e+00 -7.502e+03 192.004 0.000 
-0.00422101 0.00796310 1.0774e+00 -7.461e+03 191.985 0.000 
-0.00422101 0.00846079 1.0775e+00 -7.412e+03 191.977 0.000 
-0.00422101 0.00895848 1.0776e+00 -7.377e+03 191.968 0.000 
-0.00422101 0.00945618 1.0780e+00 -7.341e+03 191.960 0.000 
-0.00422101 0.00995387 1.0784e+00 -7.311e+03 191.992 0.000 
-0.00422101 0.01045156 1.0791e+00 -7.275e+03 191.982 0.000 
-0.00422101 0.01094926 1.0800e+00 -7.235e+03 191.994 0.000 
-0.00422101 0.01144695 1.0810e+00 -7.185e+03 191.983 0.000 
-0.00434543 0.00000000 1.1090e+00 -7.098e+03 191.980 0.000 
-0.00434543 0.00049769 1.1062e+00 -7.156e+03 191.982 0.000 
-0.00434543 0.00099539 1.1033e+00 -7.227e+03 191.993 0.000 
-0.00434543 0.00149308 1.1004e+00 -7.286e+03 191.982 0.000 
-0.00434543 0.00199077 1.0976e+00 -7.342e+03 191.973 0.000 
-0.00434543 0.00248847 1.0950e+00 -7.386e+03 192.004 0.000 
-0.00434543 0.00298616 1.0925e+00 -7.414e+03 191.997 0.000 
-0.00434543 0.00348385 1.0901e+00 -7.449e+03 192.005 0.000 
-0.00434543 0.00398155 1.0879e+00 -7.488e+03 192.005 0.000 
-0.00434543 0.00447924 1.0859e+00 -7.527e+03 191.976 0.000 
-0.00434543 0.00497693 1.0840e+00 -7.552e+03 191.992 0.000 
-0.00434543 0.00547463 1.0824e+00 -7.550e+03 191.986 0.000 
-0.00434543 0.00597232 1.0811e+00 -7.533e+03 191.998 0.000 
-0.00434543 0.00647002 1.0800e+00 -7.519e+03 191.971 0.000 
-0.00434543 0.00696771 1.0791e+00 -7.519e+03 191.985 0.000 
-0.00434543 0.00746540 1.0784e+00 -7.513e+03 191.983 0.000 
-0.00434543 0.00796310 1.0780e+00 -7.483e+03 191.985 0.000 
-0.00434543 0.00846079 1.0779e+00 -7.436e+03 191.962 0.000 
-0.00434543 0.00895848 1.0779e+00 -7.395e+03 191.977 0.000 
-0.00434543 0.00945618 1.0781e+00 -7.363e+03 191.968 0.000 
-0.00434543 0.00995387 1.0785e+00 -7.328e+03 191.979 0.000 
-0.00434543 0.01045156 1.0791e+00 -7.288e+03 191.964 0.000 
-0.00434543 0.01094926 1.0799e+00 -7.248e+03 191.959 0.000 
-0.00434543 0.01144695 1.0808e+00 -7.203e+03 191.960 0.000 
-0.00446985 0.00000000 1.1115e+00 -7.083e+03 191.987 0.000 
-0.00446985 0.00049769 1.1086e+00 -7.140e+03 191.983 0.000 
-0.00446985 0.00099539 1.1057e+00 -7.204e+03 191.977 0.000 
-0.00446985 0.00149308 1.1027e+00 -7.270e+03 191.978 0.000 
-0.00446985 0.00199077 1.0998e+00 -7.332e+03 191.986 0.000 
-0.00446985 0.00248847 1.0971e+00 -7.383e+03 191.984 0.000 
-0.00446985 0.00298616 1.0944e+00 -7.418e+03 191.980 0.000 
-0.00446985 0.00348385 1.0920e+00 -7.448e+03 191.978 0.000 
-0.00446985 0.00398155 1.0897e+00 -7.479e+03 191.969 0.000 
-0.00446985 0.00447924 1.0875e+00 -7.520e+03 191.981 0.000 
-0.00446985 0.00497693 1.0855e+00 -7.556e+03 191.983 0.000 
-0.00446985 0.00547463 1.0838e+00 -7.567e+03 191.986 0.000 
-0.00446985 0.00597232 1.0823e+00 -7.555e+03 191.992 0.000 
-0.00446985 0.00647002 1.0811e+00 -7.535e+03 191.974 0.000 
-0.00446985 0.00696771 1.0801e+00 -7.528e+03 191.990 0.000 
-0.00446985 0.00746540 1.0792e+00 -7.521e+03 191.980 0.000 
-0.00446985 0.00796310 1.0787e+00 -7.497e+03 191.987 0.000 
-0.00446985 0.00846079 1.0784e+00 -7.459e+03 191.966 0.000 
-0.00446985 0.00895848 1.0783e+00 -7.419e+03 191.982 0.000 
-0.00446985 0.00945618 1.0784e+00 -7.378e+03 191.969 0.000 
-0.00446985 0.00995387 1.0787e+00 -7.344e+03 191.946 0.000 
-0.00446985 0.01045156 1.0792e+00 -7.305e+03 191.970 0.000 
-0.00446985 0.01094926 1.0798e+00 -7.265e+03 191.964 0.000 
-0.00446985 0.01144695 1.0806e+00 -7.223e+03 191.984 0.000 
-0.00459428 0.00000000 1.1141e+00 -7.068e+03 191.987 0.000 
-0.00459428 0.00049769 1.1111e+00 -7.127e+03 191.985 0.000 
-0.00459428 0.00099539 1.1081e+00 -7.191e+03 191.972 0.000 
-0.00459428 0.00149308 1.1051e+00 -7.257e+03 191.978 0.000 
-0.00459428 0.00199077 1.1021e+00 -7.322e+03 191.981 0.000 
-0.00459428 0.00248847 1.0992e+00 -7.379e+03 191.990 0.000 
-0.00459428 0.00298616 1.0965e+00 -7.425e+03 192.002 0.000 
-0.00459428 0.00348385 1.0939e+00 -7.454e+03 191.995 0.000 
-0.00459428 0.00398155 1.0915e+00 -7.484e+03 191.998 0.000 
-0.00459428 0.00447924 1.0893e+00 -7.517e+03 191.974 0.000 
-0.00459428 0.00497693 1.0871e+00 -7.556e+03 191.982 0.000 
-0.00459428 0.00547463 1.0852e+00 -7.576e+03 191.979 0.000 
-0.00459428 0.00597232 1.0836e+00 -7.564e+03 191.971 0.000 
-0.00459428 0.00647002 1.0822e+00 -7.559e+03 191.997 0.000 
-0.00459428 0.00696771 1.0811e+00 -7.544e+03 191.995 0.000 
-0.00459428 0.00746540 1.0802e+00 -7.527e+03 191.985 0.000 
-0.00459428 0.00796310 1.0795e+00 -7.510e+03 191.964 0.000 
-0.00459428 0.00846079 1.0790e+00 -7.483e+03 191.990 0.000 
-0.00459428 0.00895848 1.0788e+00 -7.440e+03 191.961 0.000 
-0.00459428 0.00945618 1.0788e+00 -7.403e+03 191.979 0.000 
-0.00459428 0.00995387 1.0789e+00 -7.371e+03 191.972 0.000 
-0.00459428 0.01045156 1.0793e+00 -7.328e+03 191.962 0.000 
-0.00459428 0.01094926 1.0799e+00 -7.282e+03 191.960 0.000 
-0.00459428 0.01144695 1.0806e+00 -7.240e+03 191.978 0.000 
-0.00471870 0.00000000 1.1167e+00 -7.051e+03 191.981 0.000 
-0.00471870 0.00049769 1.1136e+00 -7.114e+03 191.994 0.000 
-0.00471870 0.00099539 1.1106e+00 -7.181e+03 192.003 0.000 
-0.00471870 0.00149308 1.1075e+00 -7.246e+03 191.994 0.000 
-0.00471870 0.00199077 1.1045e+00 -7.311e+03 191.984 0.000 
-0.00471870 0.00248847 1.1015e+00 -7.371e+03 191.980 0.000 
-0.00471870 0.00298616 1.0986e+00 -7.423e+03 191.995 0.000 
-0.00471870 0.00348385 1.0959e+00 -7.464e+03 192.008 0.000 
-0.00471870 0.00398155 1.0934e+00 -7.493e+03 192.001 0.000 
-0.00471870 0.00447924 1.0911e+00 -7.519e+03 191.979 0.000 
-0.00471870 0.00497693 1.0888e+00 -7.557e+03 191.996 0.000 
-0.00471870 0.00547463 1.0868e+00 -7.584e+03 191.975 0.000 
-0.00471870 0.00597232 1.0850e+00 -7.593e+03 191.982 0.000 
-0.00471870 0.00647002 1.0835e+00 -7.580e+03 191.981 0.000 
-0.00471870 0.00696771 1.0822e+00 -7.562e+03 191.986 0.000 
-0.00471870 0.00746540 1.0812e+00 -7.539e+03 191.957 0.000 
-0.00471870 0.00796310 1.0803e+00 -7.527e+03 191.978 0.000 
-0.00471870 0.00846079 1.0797e+00 -7.499e+03 191.968 0.000 
-0.00471870 0.00895848 1.0794e+00 -7.462e+03 191.966 0.000 
-0.00471870 0.00945618 1.0792e+00 -7.439e+03 191.994 0.000 
-0.00471870 0.00995387 1.0793e+00 -7.385e+03 191.958 0.000 
-0.00471870 0.01045156 1.0795e+00 -7.354e+03 191.965 0.000 
-0.00471870 0.01094926 1.0800e+00 -7.307e+03 191.973 0.000 
-0.00471870 0.01144695 1.0806e+00 -7.256e+03 191.960 0.000 
-0.00484312 0.00000000 1.1194e+00 -7.035e+03 191.982 0.000 
-0.00484312 0.00049769 1.1163e+00 -7.097e+03 192.002 0.000 
-0.00484312 0.00099539 1.1131e+00 -7.165e+03 192.001 0.000 
-0.00484312 0.00149308 1.1100e+00 -7.231e+03 191.972 0.000 
-0.00484312 0.00199077 1.1069e+00 -7.299e+03 191.971 0.000 
-0.00484312 0.00248847 1.1038e+00 -7.364e+03 191.978 0.000 
-0.00484312 0.00298616 1.1009e+00 -7.419e+03 191.986 0.000 
-0.00484312 0.00348385 1.0980e+00 -7.465e+03 191.978 0.000 
-0.00484312 0.00398155 1.0954e+00 -7.499e+03 191.994 0.000 
-0.00484312 0.00447924 1.0929e+00 -7.531e+03 191.996 0.000 
-0.00484312 0.00497693 1.0906e+00 -7.558e+03 191.974 0.000 
-0.00484312 0.00547463 1.0884e+00 -7.588e+03 191.973 0.000 
-0.00484312 0.00597232 1.0865e+00 -7.604e+03 191.974 0.000 
-0.00484312 0.00647002 1.0848e+00 -7.600e+03 191.989 0.000 
-0.00484312 0.00696771 1.0835e+00 -7.575e+03 191.982 0.000 
-0.00484312 0.00746540 1.0823e+00 -7.560e+03 191.979 0.000 
-0.00484312 0.00796310 1.0813e+00 -7.545e+03 191.977 0.000 
-0.00484312 0.00846079 1.0806e+00 -7.523e+03 191.988 0.000 
-0.00484312 0.00895848 1.0801e+00 -7.484e+03 191.973 0.000 
-0.00484312 0.00945618 1.0798e+00 -7.445e+03 191.969 0.000 
-0.00484312 0.00995387 1.0797e+00 -7.409e+03 191.964 0.000 
-0.00484312 0.01045156 1.0799e+00 -7.371e+03 191.975 0.000 
-0.00484312 0.01094926 1.0802e+00 -7.335e+03 191.970 0.000 
-0.00484312 0.01144695 1.0807e+00 -7.280e+03 191.968 0.000 
-0.00496755 0.00000000 1.1221e+00 -7.013e+03 191.986 0.000 
-0.00496755 0.00049769 1.1190e+00 -7.081e+03 191.997 0.000 
-0.00496755 0.00099539 1.1158e+00 -7.146e+03 191.974 0.000 
-0.00496755 0.00149308 1.1126e+00 -7.217e+03 191.983 0.000 
-0.00496755 0.00199077 1.1094e+00 -7.289e+03 191.989 0.000 
-0.00496755 0.00248847 1.1062e+00 -7.359e+03 192.003 0.000 
-0.00496755 0.00298616 1.1032e+00 -7.416e+03 191.984 0.000 
-0.00496755 0.00348385 1.1002e+00 -7.466e+03 191.981 0.000 
-0.00496755 0.00398155 1.0974e+00 -7.505e+03 191.987 0.000 
-0.00496755 0.00447924 1.0948e+00 -7.538e+03 191.973 0.000 
-0.00496755 0.00497693 1.0924e+00 -7.567e+03 191.983 0.000 
-0.00496755 0.00547463 1.0902e+00 -7.594e+03 191.970 0.000 
-0.00496755 0.00597232 1.0881e+00 -7.614e+03 191.961 0.000 
-0.00496755 0.00647002 1.0863e+00 -7.618e+03 191.985 0.000 
-0.00496755 0.00696771 1.0848e+00 -7.594e+03 191.960 0.000 
-0.00496755 0.00746540 1.0835e+00 -7.582e+03 191.986 0.000 
-0.00496755 0.00796310 1.0824e+00 -7.566e+03 191.992 0.000 
-0.00496755 0.00846079 1.0815e+00 -7.541e+03 191.970 0.000 
-0.00496755 0.00895848 1.0809e+00 -7.507e+03 191.984 0.000 
-0.00496755 0.00945618 1.0805e+00 -7.466e+03 191.973 0.000 
-0.00496755 0.00995387 1.0803e+00 -7.434e+03 192.002 0.000 
-0.00496755 0.01045156 1.0803e+00 -7.394e+03 191.962 0.000 
-0.00496755 0.01094926 1.0805e+00 -7.364e+03 191.990 0.000 
-0.00496755 0.01144695 1.0809e+00 -7.313e+03 191.989 0.000 
-0.00509197 0.00000000 1.1248e+00 -7.000e+03 192.003 0.000 
-0.00509197 0.00049769 1.1217e+00 -7.064e+03 191.980 0.000 
-0.00509197 0.00099539 1.1185e+00 -7.130e+03 191.996 0.000 
-0.00509197 0.00149308 1.1153e+00 -7.202e+03 191.985 0.000 
-0.00509197 0.00199077 1.1120e+00 -7.275e+03 191.988 0.000 
-0.00509197 0.00248847 1.1087e+00 -7.346e+03 191.978 0.000 
-0.00509197 0.00298616 1.1055e+00 -7.410e+03 191.981 0.000 
-0.00509197 0.00348385 1.1025e+00 -7.466e+03 191.995 0.000 
-0.00509197 0.00398155 1.0996e+00 -7.508e+03 191.987 0.000 
-0.00509197 0.00447924 1.0969e+00 -7.545e+03 191.979 0.000 
-0.00509197 0.00497693 1.0943e+00 -7.577e+03 191.977 0.000 
-0.00509197 0.00547463 1.0920e+00 -7.607e+03 191.998 0.000 
-0.00509197 0.00597232 1.0898e+00 -7.630e+03 192.005 0.000 
-0.00509197 0.00647002 1.0878e+00 -7.634e+03 191.987 0.000 
-0.00509197 0.00696771 1.0862e+00 -7.617e+03 191.987 0.000 
-0.00509197 0.00746540 1.0848e+00 -7.597e+03 191.969 0.000 
-0.00509197 0.00796310 1.0835e+00 -7.584e+03 191.985 0.000 
-0.00509197 0.00846079 1.0825e+00 -7.565e+03 191.994 0.000 
-0.00509197 0.00895848 1.0818e+00 -7.530e+03 191.968 0.000 
-0.00509197 0.00945618 1.0813e+00 -7.488e+03 191.969 0.000 
-0.00509197 0.00995387 1.0810e+00 -7.448e+03 191.973 0.000 
-0.00509197 0.01045156 1.0808e+00 -7.418e+03 191.990 0.000 
-0.00509197 0.01094926 1.0809e+00 -7.383e+03 192.004 0.000 
-0.00509197 0.01144695 1.0811e+00 -7.344e+03 191.995 0.000 
-0.00521639 0.00000000 1.1276e+00 -6.980e+03 191.987 0.000 
-0.00521639 0.00049769 1.1245e+00 -7.047e+03 191.964 0.000 
-0.00521639 0.00099539 1.1212e+00 -7.119e+03 191.991 0.000 
-0.00521639 0.00149308 1.1180e+00 -7.186e+03 191.997 0.000 
-0.00521639 0.00199077 1.1146e+00 -7.261e+03 191.981 0.000 
-0.00521639 0.00248847 1.1113e+00 -7.338e+03 191.984 0.000 
-0.00521639 0.00298616 1.1080e+00 -7.407e+03 191.982 0.000 
-0.00521639 0.00348385 1.1048e+00 -7.464e+03 191.991 0.000 
-0.00521639 0.00398155 1.1018e+00 -7.512e+03 191.991 0.000 
-0.00521639 0.00447924 1.0990e+00 -7.548e+03 191.969 0.000 
-0.00521639 0.00497693 1.0963e+00 -7.582e+03 191.986 0.000 
-0.00521639 0.00547463 1.0938e+00 -7.618e+03 191.998 0.000 
-0.00521639 0.00597232 1.0915e+00 -7.640e+03 191.977 0.000 
-0.00521639 0.00647002 1.0894e+00 -7.650e+03 191.978 0.000 
-0.00521639 0.00696771 1.0877e+00 -7.635e+03 191.975 0.000 
-0.00521639 0.00746540 1.0861e+00 -7.619e+03 191.981 0.000 
-0.00521639 0.00796310 1.0848e+00 -7.602e+03 191.981 0.000 
-0.00521639 0.00846079 1.0836e+00 -7.585e+03 191.976 0.000 
-0.00521639 0.00895848 1.0827e+00 -7.556e+03 191.978 0.000 
-0.00521639 0.00945618 1.0821e+00 -7.513e+03 191.976 0.000 
-0.00521639 0.00995387 1.0818e+00 -7.444e+03 191.973 0.000 
-0.00521639 0.01045156 1.0814e+00 -7.435e+03 192.009 0.000 
-0.00521639 0.01094926 1.0814e+00 -7.399e+03 191.979 0.000 
-0.00521639 0.01144695 1.0815e+00 -7.363e+03 191.978 0.000 
-0.00534082 0.00000000 1.1305e+00 -6.959e+03 191.983 0.000 
-0.00534082 0.00049769 1.1273e+00 -7.032e+03 191.970 0.000 
-0.00534082 0.00099539 1.1240e+00 -7.108e+03 191.982 0.000 
-0.00534082 0.00149308 1.1207e+00 -7.173e+03 191.983 0.000 
-0.00534082 0.00199077 1.1173e+00 -7.246e+03 191.970 0.000 
-0.00534082 0.00248847 1.1139e+00 -7.326e+03 191.975 0.000 
-0.00534082 0.00298616 1.1105e+00 -7.401e+03 191.977 0.000 
-0.00534082 0.00348385 1.1073e+00 -7.464e+03 191.979 0.000 
-0.00534082 0.00398155 1.1041e+00 -7.513e+03 191.983 0.000 
-0.00534082 0.00447924 1.1012e+00 -7.553e+03 191.989 0.000 
-0.00534082 0.00497693 1.0984e+00 -7.591e+03 191.981 0.000 
-0.00534082 0.00547463 1.0958e+00 -7.626e+03 191.986 0.000 
-0.00534082 0.00597232 1.0934e+00 -7.655e+03 191.992 0.000 
-0.00534082 0.00647002 1.0911e+00 -7.672e+03 191.991 0.000 
-0.00534082 0.00696771 1.0892e+00 -7.659e+03 191.984 0.000 
-0.00534082 0.00746540 1.0875e+00 -7.641e+03 191.975 0.000 
-0.00534082 0.00796310 1.0861e+00 -7.621e+03 191.981 0.000 
-0.00534082 0.00846079 1.0848e+00 -7.605e+03 191.982 0.000 
-0.00534082 0.00895848 1.0838e+00 -7.578e+03 191.972 0.000 
-0.00534082 0.00945618 1.0830e+00 -7.540e+03 191.986 0.000 
-0.00534082 0.00995387 1.0825e+00 -7.492e+03 191.982 0.000 
-0.00534082 0.01045156 1.0822e+00 -7.449e+03 191.974 0.000 
-0.00534082 0.01094926 1.0820e+00 -7.417e+03 191.996 0.000 
-0.00534082 0.01144695 1.0820e+00 -7.385e+03 191.993 0.000 
-0.00546524 0.00000000 1.1334e+00 -6.935e+03 191.970 0.000 
-0.00546524 0.00049769 1.1301e+00 -7.016e+03 191.986 0.000 
-0.00546524 0.00099539 1.1268e+00 -7.094e+03 191.975 0.000 
-0.00546524 0.00149308 1.1234e+00 -7.170e+03 192.017 0.000 
-0.00546524 0.00199077 1.1201e+00 -7.237e+03 191.990 0.000 
-0.00546524 0.00248847 1.1166e+00 -7.318e+03 191.991 0.000 
-0.00546524 0.00298616 1.1131e+00 -7.395e+03 191.977 0.000 
-0.00546524 0.00348385 1.1098e+00 -7.462e+03 191.965 0.000 
-0.00546524 0.00398155 1.1065e+00 -7.520e+03 191.993 0.000 
-0.00546524 0.00447924 1.1035e+00 -7.555e+03 191.973 0.000 
-0.00546524 0.00497693 1.1006e+00 -7.597e+03 191.983 0.000 
-0.00546524 0.00547463 1.0979e+00 -7.630e+03 191.965 0.000 
-0.00546524 0.00597232 1.0953e+00 -7.665e+03 191.989 0.000 
-0.00546524 0.00647002 1.0929e+00 -7.689e+03 191.996 0.000 
-0.00546524 0.00696771 1.0909e+00 -7.682e+03 191.974 0.000 
-0.00546524 0.00746540 1.0890e+00 -7.668e+03 191.992 0.000 
-0.00546524 0.00796310 1.0875e+00 -7.647e+03 191.997 0.000 
-0.00546524 0.00846079 1.0861e+00 -7.625e+03 191.980 0.000 
-0.00546524 0.00895848 1.0849e+00 -7.603e+03 191.985 0.000 
-0.00546524 0.00945618 1.0840e+00 -7.565e+03 191.980 0.000 
-0.00546524 0.00995387 1.0834e+00 -7.519e+03 191.984 0.000 
-0.00546524 0.01045156 1.0829e+00 -7.471e+03 191.984 0.000 
-0.00546524 0.01094926 1.0827e+00 -7.434e+03 191.985 0.000 
-0.00546524 0.01144695 1.0826e+00 -7.397e+03 191.968 0.000 
-0.00558966 0.00000000 1.1363e+00 -6.912e+03 191.975 0.000 
-0.00558966 0.00049769 1.1330e+00 -6.994e+03 191.987 0.000 
-0.00558966 0.00099539 1.1296e+00 -7.082e+03 191.987 0.000 
-0.00558966 0.00149308 1.1262e+00 -7.154e+03 191.973 0.000 
-0.00558966 0.00199077 1.1228e+00 -7.228e+03 191.977 0.000 
-0.00558966 0.00248847 1.1193e+00 -7.306e+03 191.987 0.000 
-0.00558966 0.00298616 1.1158e+00 -7.394e+03 191.984 0.000 
-0.00558966 0.00348385 1.1123e+00 -7.465e+03 191.991 0.000 
-0.00558966 0.00398155 1.1089e+00 -7.527e+03 191.988 0.000 
-0.00558966 0.00447924 1.1058e+00 -7.566e+03 191.986 0.000 
-0.00558966 0.00497693 1.1028e+00 -7.602e+03 191.966 0.000 
-0.00558966 0.00547463 1.1000e+00 -7.639e+03 191.986 0.000 
-0.00558966 0.00597232 1.0973e+00 -7.671e+03 191.972 0.000 
-0.00558966 0.00647002 1.0949e+00 -7.692e+03 191.950 0.000 
-0.00558966 0.00696771 1.0926e+00 -7.706e+03 191.980 0.000 
-0.00558966 0.00746540 1.0906e+00 -7.696e+03 191.984 0.000 
-0.00558966 0.00796310 1.0889e+00 -7.671e+03 191.968 0.000 
-0.00558966 0.00846079 1.0875e+00 -7.648e+03 191.977 0.000 
-0.00558966 0.00895848 1.0862e+00 -7.625e+03 191.975 0.000 
-0.00558966 0.00945618 1.0851e+00 -7.594e+03 191.981 0.000 
-0.00558966 0.00995387 1.0844e+00 -7.547e+03 191.982 0.000 
-0.00558966 0.01045156 1.0838e+00 -7.496e+03 191.972 0.000 
-0.00558966 0.01094926 1.0834e+00 -7.453e+03 191.997 0.000 
-0.00558966 0.01144695 1.0832e+00 -7.414e+03 191.979 0.000 
-0.00571409 0.00000000 1.1393e+00 -6.890e+03 191.978 0.000 
-0.00571409 0.00049769 1.1360e+00 -6.969e+03 191.988 0.000 
-0.00571409 0.00099539 1.1325e+00 -7.065e+03 191.984 0.000 
-0.00571409 0.00149308 1.1290e+00 -7.150e+03 191.995 0.000 
-0.00571409 0.00199077 1.1255e+00 -7.224e+03 191.991 0.000 
-0.00571409 0.00248847 1.1220e+00 -7.297e+03 191.986 0.000 
-0.00571409 0.00298616 1.1185e+00 -7.374e+03 191.983 0.000 
-0.00571409 0.00348385 1.1149e+00 -7.459e+03 191.981 0.000 
-0.00571409 0.00398155 1.1115e+00 -7.530e+03 191.970 0.000 
-0.00571409 0.00447924 1.1082e+00 -7.577e+03 191.977 0.000 
-0.00571409 0.00497693 1.1051e+00 -7.616e+03 191.976 0.000 
-0.00571409 0.00547463 1.1021e+00 -7.649e+03 191.980 0.000 
-0.00571409 0.00597232 1.0994e+00 -7.680e+03 191.985 0.000 
-0.00571409 0.00647002 1.0968e+00 -7.705e+03 191.978 0.000 
-0.00571409 0.00696771 1.0944e+00 -7.725e+03 191.982 0.000 
-0.00571409 0.00746540 1.0923e+00 -7.724e+03 191.981 0.000 
-0.00571409 0.00796310 1.0905e+00 -7.702e+03 191.973 0.000 
-0.00571409 0.00846079 1.0889e+00 -7.677e+03 191.977 0.000 
-0.00571409 0.00895848 1.0875e+00 -7.651e+03 191.965 0.000 
-0.00571409 0.00945618 1.0863e+00 -7.623e+03 191.985 0.000 
-0.00571409 0.00995387 1.0854e+00 -7.579e+03 191.984 0.000 
-0.00571409 0.01045156 1.0847e+00 -7.531e+03 191.985 0.000 
-0.00571409 0.01094926 1.0843e+00 -7.478e+03 191.983 0.000 
-0.00571409 0.01144695 1.0840e+00 -7.433e+03 191.989 0.000 
-0.00583851 0.00000000 1.1422e+00 -6.871e+03 191.967 0.000 
-0.00583851 0.00049769 1.1390e+00 -6.943e+03 191.971 0.000 
-0.00583851 0.00099539 1.1355e+00 -7.037e+03 191.985 0.000 
-0.00583851 0.00149308 1.1319e+00 -7.134e+03 191.971 0.000 
-0.00583851 0.00199077 1.1283e+00 -7.217e+03 191.971 0.000 
-0.00583851 0.00248847 1.1247e+00 -7.293e+03 191.972 0.000 
-0.00583851 0.00298616 1.1212e+00 -7.362e+03 191.966 0.000 
-0.00583851 0.00348385 1.1175e+00 -7.455e+03 191.989 0.000 
-0.00583851 0.00398155 1.1140e+00 -7.530e+03 191.986 0.000 
-0.00583851 0.00447924 1.1106e+00 -7.588e+03 191.985 0.000 
-0.00583851 0.00497693 1.1074e+00 -7.635e+03 192.012 0.000 
-0.00583851 0.00547463 1.1044e+00 -7.662e+03 191.973 0.000 
-0.00583851 0.00597232 1.1015e+00 -7.687e+03 191.978 0.000 
-0.00583851 0.00647002 1.0989e+00 -7.711e+03 191.952 0.000 
-0.00583851 0.00696771 1.0963e+00 -7.739e+03 191.969 0.000 
-0.00583851 0.00746540 1.0941e+00 -7.744e+03 191.967 0.000 
-0.00583851 0.00796310 1.0921e+00 -7.734e+03 191.997 0.000 
-0.00583851 0.00846079 1.0904e+00 -7.709e+03 191.990 0.000 
-0.00583851 0.00895848 1.0889e+00 -7.682e+03 192.001 0.000 
-0.00583851 0.00945618 1.0876e+00 -7.651e+03 191.973 0.000 
-0.00583851 0.00995387 1.0865e+00 -7.613e+03 191.995 0.000 
-0.00583851 0.01045156 1.0857e+00 -7.564e+03 191.976 0.000 
-0.00583851 0.01094926 1.0852e+00 -7.509e+03 191.973 0.000 
-0.00583851 0.01144695 1.0848e+00 -7.457e+03 191.982 0.000 
-0.00596293 0.00000000 1.1452e+00 -6.854e+03 191.983 0.000 
-0.00596293 0.00049769 1.1419e+00 -6.921e+03 191.982 0.000 
-0.00596293 0.00099539 1.1385e+00 -7.011e+03 191.990 0.000 
-0.00596293 0.00149308 1.1348e+00 -7.114e+03 191.985 0.000 
-0.00596293 0.00199077 1.1311e+00 -7.208e+03 191.987 0.000 
-0.00596293 0.00248847 1.1275e+00 -7.291e+03 191.995 0.000 
-0.00596293 0.00298616 1.1239e+00 -7.365e+03 191.978 0.000 
-0.00596293 0.00348385 1.1202e+00 -7.447e+03 191.978 0.000 
-0.00596293 0.00398155 1.1166e+00 -7.523e+03 191.964 0.000 
-0.00596293 0.00447924 1.1131e+00 -7.598e+03 192.002 0.000 
-0.00596293 0.00497693 1.1097e+00 -7.645e+03 191.987 0.000 
-0.00596293 0.00547463 1.1066e+00 -7.680e+03 191.978 0.000 
-0.00596293 0.00597232 1.1037e+00 -7.705e+03 191.984 0.000 
-0.00596293 0.00647002 1.1009e+00 -7.725e+03 191.980 0.000 
-0.00596293 0.00696771 1.0983e+00 -7.749e+03 191.986 0.000 
-0.00596293 0.00746540 1.0959e+00 -7.765e+03 191.981 0.000 
-0.00596293 0.00796310 1.0938e+00 -7.758e+03 191.990 0.000 
-0.00596293 0.00846079 1.0919e+00 -7.735e+03 191.971 0.000 
-0.00596293 0.00895848 1.0903e+00 -7.711e+03 191.984 0.000 
-0.00596293 0.00945618 1.0889e+00 -7.681e+03 191.978 0.000 
-0.00596293 0.00995387 1.0877e+00 -7.644e+03 191.988 0.000 
-0.00596293 0.01045156 1.0868e+00 -7.594e+03 191.970 0.000 
-0.00596293 0.01094926 1.0861e+00 -7.538e+03 191.993 0.000 
-0.00596293 0.01144695 1.0856e+00 -7.486e+03 191.978 0.000 
-0.00608736 0.00000000 1.1482e+00 -6.833e+03 191.988 0.000 
-0.00608736 0.00049769 1.1449e+00 -6.902e+03 191.985 0.000 
-0.00608736 0.00099539 1.1415e+00 -6.990e+03 191.992 0.000 
-0.00608736 0.00149308 1.1378e+00 -7.089e+03 191.989 0.000 
-0.00608736 0.00199077 1.1340e+00 -7.196e+03 191.992 0.000 
-0.00608736 0.00248847 1.1303e+00 -7.285e+03 191.981 0.000 
-0.00608736 0.00298616 1.1266e+00 -7.363e+03 191.990 0.000 
-0.00608736 0.00348385 1.1229e+00 -7.438e+03 191.993 0.000 
-0.00608736 0.00398155 1.1193e+00 -7.514e+03 191.983 0.000 
-0.00608736 0.00447924 1.1156e+00 -7.593e+03 191.992 0.000 
-0.00608736 0.00497693 1.1122e+00 -7.650e+03 191.975 0.000 
-0.00608736 0.00547463 1.1089e+00 -7.695e+03 191.982 0.000 
-0.00608736 0.00597232 1.1059e+00 -7.725e+03 191.991 0.000 
-0.00608736 0.00647002 1.1030e+00 -7.737e+03 191.967 0.000 
-0.00608736 0.00696771 1.1003e+00 -7.759e+03 191.969 0.000 
-0.00608736 0.00746540 1.0978e+00 -7.778e+03 191.972 0.000 
-0.00608736 0.00796310 1.0956e+00 -7.779e+03 191.981 0.000 
-0.00608736 0.00846079 1.0936e+00 -7.760e+03 191.974 0.000 
-0.00608736 0.00895848 1.0918e+00 -7.737e+03 191.976 0.000 
-0.00608736 0.00945618 1.0903e+00 -7.710e+03 191.982 0.000 
-0.00608736 0.00995387 1.0890e+00 -7.674e+03 191.977 0.000 
-0.00608736 0.01045156 1.0880e+00 -7.627e+03 191.980 0.000 
-0.00608736 0.01094926 1.0871e+00 -7.576e+03 191.973 0.000 
-0.00608736 0.01144695 1.0865e+00 -7.521e+03 191.963 0.000 
