89.0 1.1583e+00 -4.741e+01 0.1399708 0.000 0.0775164 0.0624545 
89.1 1.1286e+00 -4.788e+01 0.1399075 0.000 0.0771313 0.0627761 
89.2 1.1017e+00 -4.849e+01 0.1399408 0.000 0.0770196 0.0629211 
89.3 1.0786e+00 -4.915e+01 0.1399550 0.000 0.0770547 0.0628999 
89.4 1.0573e+00 -5.006e+01 0.1399759 0.000 0.0771375 0.0628383 
89.5 1.0404e+00 -5.094e+01 0.1399146 0.000 0.0771046 0.0628102 
89.6 1.0248e+00 -5.211e+01 0.1399263 0.000 0.0774646 0.0624618 
89.7 1.0111e+00 -5.355e+01 0.1399429 0.000 0.0778930 0.0620499 
89.8 1.0046e+00 -5.422e+01 0.1399250 0.000 0.0779104 0.0620146 
89.9 9.9392e-01 -5.588e+01 0.1399242 0.000 0.0781763 0.0617478 
90.0 9.8583e-01 -5.758e+01 0.1399143 0.000 0.0784869 0.0614274 
90.1 9.8040e-01 -5.920e+01 0.1399652 0.000 0.0787750 0.0611905 
90.2 9.7861e-01 -6.042e+01 0.1399660 0.000 0.0788932 0.0610729 
90.3 9.8016e-01 -6.117e+01 0.1399643 0.000 0.0789023 0.0610620 
90.4 9.8456e-01 -6.152e+01 0.1399688 0.000 0.0788426 0.0611261 
90.5 9.9145e-01 -6.148e+01 0.1399679 0.000 0.0789019 0.0610657 
90.6 1.0002e+00 -6.121e+01 0.1399966 0.000 0.0788323 0.0611641 
90.7 1.0112e+00 -6.067e+01 0.1399767 0.000 0.0787430 0.0612335 
90.8 1.0233e+00 -6.007e+01 0.1399847 0.000 0.0785296 0.0614551 
90.9 1.0340e+00 -5.992e+01 0.1399909 0.000 0.0785089 0.0614820 
91.0 1.0475e+00 -5.925e+01 0.1399840 0.000 0.0784295 0.0615545 
