89.0  1.3023e+00   -6.047e+01   0.1599323   0.000   0.0905318  0.0694004
89.1  1.2555e+00   -6.106e+01   0.1599494   0.000   0.0904662  0.0694831
89.2  1.2243e+00   -6.145e+01   0.1599596   0.000   0.0903597  0.0695999
89.3  1.1860e+00   -6.196e+01   0.1599523   0.000   0.0902607  0.0696916
89.4  1.1506e+00   -6.267e+01   0.1599990   0.000   0.0900609  0.0699379
89.5  1.1191e+00   -6.348e+01   0.1599673   0.000   0.0899712  0.0699961
89.6  1.0932e+00   -6.419e+01   0.1599741   0.000   0.0897015  0.0702726
89.7  1.0696e+00   -6.517e+01   0.1599682   0.000   0.0894819  0.0704864
89.8  1.0497e+00   -6.621e+01   0.1599699   0.000   0.0894621  0.0705078
89.9  1.0330e+00   -6.737e+01   0.1598657   0.000   0.0895306  0.0703353
90.0  1.0166e+00   -6.909e+01   0.1598417   0.000   0.0903422  0.0694994
90.1  1.0083e+00   -6.987e+01   0.1598413   0.000   0.0904036  0.0694377
90.2  9.9439e-01   -7.211e+01   0.1599114   0.000   0.0911007  0.0688106
90.3  9.8472e-01   -7.419e+01   0.1599211   0.000   0.0913639  0.0685571
90.4  9.7732e-01   -7.635e+01   0.1599447   0.000   0.0915853  0.0683593
90.5  9.7277e-01   -7.834e+01   0.1599297   0.000   0.0918269  0.0681029
90.6  9.7131e-01   -7.996e+01   0.1599463   0.000   0.0921701  0.0677763
90.7  9.7371e-01   -8.083e+01   0.1599488   0.000   0.0920812  0.0678675
90.8  9.7951e-01   -8.099e+01   0.1599296   0.000   0.0920045  0.0679252
90.9  9.8763e-01   -8.072e+01   0.1599436   0.000   0.0919311  0.0680126
91.0  9.9763e-01   -8.014e+01   0.1599766   0.000   0.0917784  0.0681984
91.1  1.0069e+00   -7.997e+01   0.1599775   0.000   0.0918079  0.0681695
91.2  1.0189e+00   -7.908e+01   0.1599851   0.000   0.0914651  0.0685200
91.3  1.0323e+00   -7.805e+01   0.1599665   0.000   0.0913422  0.0686243
91.4  1.0467e+00   -7.703e+01   0.1599766   0.000   0.0912595  0.0687172
91.5  1.0620e+00   -7.600e+01   0.1599873   0.000   0.0910186  0.0689687
91.6  1.0785e+00   -7.494e+01   0.1599632   0.000   0.0908758  0.0690873
91.7  1.0958e+00   -7.392e+01   0.1599824   0.000   0.0908301  0.0691524
91.8  1.1141e+00   -7.292e+01   0.1599650   0.000   0.0905501  0.0694147
91.9  1.1331e+00   -7.200e+01   0.1599920   0.000   0.0905283  0.0694634
92.0  1.1539e+00   -7.091e+01   0.1599347   0.000   0.0907123  0.0692224
