-0.0078 0.0002 1.0493e+00 -2.210e+04 252.22 0.739 
-0.0078 0.0006 1.0472e+00 -2.263e+04 254.06 0.730 
-0.0078 0.0010 1.0448e+00 -2.352e+04 257.21 0.718 
-0.0078 0.0014 1.0421e+00 -2.474e+04 261.56 0.707 
-0.0078 0.0018 1.0392e+00 -2.624e+04 266.77 0.699 
-0.0078 0.0022 1.0362e+00 -2.798e+04 272.72 0.692 
-0.0078 0.0026 1.0331e+00 -2.986e+04 279.00 0.688 
-0.0078 0.0030 1.0300e+00 -3.182e+04 285.35 0.687 
-0.0078 0.0034 1.0270e+00 -3.371e+04 291.37 0.686 
-0.0078 0.0038 1.0242e+00 -3.543e+04 296.63 0.688 
-0.0078 0.0042 1.0216e+00 -3.692e+04 301.07 0.690 
-0.0078 0.0046 1.0200e+00 -3.404e+04 286.99 0.408 
-0.0078 0.0050 1.0200e+00 -2.873e+04 264.01 0.168 
-0.0078 0.0054 1.0200e+00 -2.507e+04 247.54 0.067 
-0.0078 0.0058 1.0200e+00 -2.228e+04 234.42 0.032 
-0.0078 0.0062 1.0200e+00 -2.005e+04 223.49 0.019 
-0.0078 0.0066 1.0200e+00 -1.822e+04 214.18 0.009 
-0.0078 0.0070 1.0200e+00 -1.670e+04 206.18 0.006 
-0.0078 0.0074 1.0200e+00 -1.542e+04 199.19 0.004 
-0.0078 0.0078 1.0200e+00 -1.434e+04 193.00 0.002 
-0.0078 0.0082 1.0200e+00 -1.341e+04 187.42 0.001 
-0.0078 0.0086 1.0200e+00 -1.261e+04 182.56 0.001 
-0.0078 0.0090 1.0200e+00 -1.192e+04 178.28 0.003 
-0.0078 0.0094 1.0200e+00 -1.132e+04 174.57 0.000 
-0.0078 0.0098 1.0200e+00 -1.080e+04 171.25 0.000 
-0.0078 0.0102 1.0200e+00 -1.034e+04 168.41 0.000 
-0.0078 0.0106 1.0200e+00 -9.938e+03 165.93 0.000 
-0.0078 0.0110 1.0200e+00 -9.586e+03 163.79 0.000 
-0.0078 0.0114 1.0200e+00 -9.276e+03 161.81 0.000 
-0.0078 0.0118 1.0200e+00 -9.007e+03 160.09 0.000 
-0.0078 0.0122 1.0200e+00 -8.773e+03 158.49 0.000 
-0.0078 0.0126 1.0200e+00 -8.570e+03 157.13 0.000 
-0.0078 0.0130 1.0200e+00 -8.392e+03 155.88 0.000 
-0.0078 0.0134 1.0200e+00 -8.241e+03 154.88 0.000 
-0.0078 0.0138 1.0200e+00 -8.110e+03 154.07 0.000 
-0.0078 0.0142 1.0200e+00 -7.997e+03 153.37 0.000 
-0.0078 0.0146 1.0200e+00 -7.905e+03 152.92 0.000 
-0.0078 0.0150 1.0200e+00 -7.832e+03 152.56 0.000 
-0.0078 0.0154 1.0200e+00 -7.780e+03 152.35 0.000 
-0.0078 0.0158 1.0200e+00 -7.746e+03 152.23 0.000 
-0.0074 0.0002 1.0443e+00 -2.208e+04 252.84 0.733 
-0.0074 0.0006 1.0423e+00 -2.258e+04 254.55 0.726 
-0.0074 0.0010 1.0400e+00 -2.341e+04 257.42 0.716 
-0.0074 0.0014 1.0375e+00 -2.451e+04 261.18 0.705 
-0.0074 0.0018 1.0347e+00 -2.587e+04 265.78 0.697 
-0.0074 0.0022 1.0319e+00 -2.741e+04 270.91 0.690 
-0.0074 0.0026 1.0291e+00 -2.904e+04 276.35 0.686 
-0.0074 0.0030 1.0263e+00 -3.069e+04 281.68 0.685 
-0.0074 0.0034 1.0236e+00 -3.227e+04 286.71 0.686 
-0.0074 0.0038 1.0211e+00 -3.371e+04 291.12 0.687 
-0.0074 0.0042 1.0200e+00 -2.974e+04 271.59 0.318 
-0.0074 0.0046 1.0200e+00 -2.532e+04 251.08 0.119 
-0.0074 0.0050 1.0200e+00 -2.219e+04 235.95 0.048 
-0.0074 0.0054 1.0200e+00 -1.979e+04 223.85 0.022 
-0.0074 0.0058 1.0200e+00 -1.786e+04 213.77 0.013 
-0.0074 0.0062 1.0200e+00 -1.628e+04 205.20 0.005 
-0.0074 0.0066 1.0200e+00 -1.497e+04 197.83 0.003 
-0.0074 0.0070 1.0200e+00 -1.387e+04 191.35 0.001 
-0.0074 0.0074 1.0200e+00 -1.294e+04 185.64 0.001 
-0.0074 0.0078 1.0200e+00 -1.215e+04 180.72 0.001 
-0.0074 0.0082 1.0200e+00 -1.146e+04 176.33 0.000 
-0.0074 0.0086 1.0200e+00 -1.087e+04 172.52 0.000 
-0.0074 0.0090 1.0200e+00 -1.036e+04 169.18 0.000 
-0.0074 0.0094 1.0200e+00 -9.917e+03 166.26 0.000 
-0.0074 0.0098 1.0200e+00 -9.524e+03 163.72 0.000 
-0.0074 0.0102 1.0200e+00 -9.179e+03 161.53 0.000 
-0.0074 0.0106 1.0200e+00 -8.879e+03 159.53 0.000 
-0.0074 0.0110 1.0200e+00 -8.617e+03 157.76 0.000 
-0.0074 0.0114 1.0200e+00 -8.393e+03 156.18 0.000 
-0.0074 0.0118 1.0200e+00 -8.197e+03 154.77 0.000 
-0.0074 0.0122 1.0200e+00 -8.028e+03 153.57 0.000 
-0.0074 0.0126 1.0200e+00 -7.885e+03 152.60 0.000 
-0.0074 0.0130 1.0200e+00 -7.760e+03 151.74 0.000 
-0.0074 0.0134 1.0200e+00 -7.655e+03 151.15 0.000 
-0.0074 0.0138 1.0200e+00 -7.566e+03 150.66 0.000 
-0.0074 0.0142 1.0200e+00 -7.499e+03 150.35 0.000 
-0.0074 0.0146 1.0200e+00 -7.446e+03 150.13 0.000 
-0.0074 0.0150 1.0200e+00 -7.415e+03 149.99 0.000 
-0.0074 0.0154 1.0200e+00 -7.402e+03 150.01 0.000 
-0.0074 0.0158 1.0200e+00 -7.404e+03 150.12 0.000 
-0.0070 0.0002 1.0395e+00 -2.201e+04 253.16 0.726 
-0.0070 0.0006 1.0376e+00 -2.247e+04 254.42 0.718 
-0.0070 0.0010 1.0354e+00 -2.322e+04 256.74 0.710 
-0.0070 0.0014 1.0331e+00 -2.420e+04 259.93 0.701 
-0.0070 0.0018 1.0306e+00 -2.538e+04 263.88 0.693 
-0.0070 0.0022 1.0281e+00 -2.668e+04 268.30 0.686 
-0.0070 0.0026 1.0255e+00 -2.805e+04 272.93 0.683 
-0.0070 0.0030 1.0230e+00 -2.940e+04 277.42 0.682 
-0.0070 0.0034 1.0206e+00 -3.069e+04 281.64 0.683 
-0.0070 0.0038 1.0200e+00 -2.595e+04 257.50 0.228 
-0.0070 0.0042 1.0200e+00 -2.226e+04 239.06 0.083 
-0.0070 0.0046 1.0200e+00 -1.960e+04 225.11 0.031 
-0.0070 0.0050 1.0200e+00 -1.755e+04 213.92 0.014 
-0.0070 0.0054 1.0200e+00 -1.591e+04 204.63 0.008 
-0.0070 0.0058 1.0200e+00 -1.456e+04 196.78 0.003 
-0.0070 0.0062 1.0200e+00 -1.344e+04 189.99 0.001 
-0.0070 0.0066 1.0200e+00 -1.251e+04 184.10 0.001 
-0.0070 0.0070 1.0200e+00 -1.171e+04 179.02 0.000 
-0.0070 0.0074 1.0200e+00 -1.104e+04 174.58 0.001 
-0.0070 0.0078 1.0200e+00 -1.046e+04 170.69 0.000 
-0.0070 0.0082 1.0200e+00 -9.961e+03 167.28 0.000 
-0.0070 0.0086 1.0200e+00 -9.527e+03 164.36 0.000 
-0.0070 0.0090 1.0200e+00 -9.147e+03 161.78 0.000 
-0.0070 0.0094 1.0200e+00 -8.816e+03 159.54 0.000 
-0.0070 0.0098 1.0200e+00 -8.523e+03 157.55 0.000 
-0.0070 0.0102 1.0200e+00 -8.271e+03 155.73 0.000 
-0.0070 0.0106 1.0200e+00 -8.051e+03 154.14 0.000 
-0.0070 0.0110 1.0200e+00 -7.864e+03 152.76 0.000 
-0.0070 0.0114 1.0200e+00 -7.702e+03 151.57 0.000 
-0.0070 0.0118 1.0200e+00 -7.565e+03 150.59 0.000 
-0.0070 0.0122 1.0200e+00 -7.450e+03 149.81 0.000 
-0.0070 0.0126 1.0200e+00 -7.350e+03 149.17 0.000 
-0.0070 0.0130 1.0200e+00 -7.269e+03 148.74 0.000 
-0.0070 0.0134 1.0200e+00 -7.205e+03 148.41 0.000 
-0.0070 0.0138 1.0200e+00 -7.157e+03 148.16 0.000 
-0.0070 0.0142 1.0200e+00 -7.128e+03 148.06 0.000 
-0.0070 0.0146 1.0200e+00 -7.116e+03 148.04 0.000 
-0.0070 0.0150 1.0200e+00 -7.118e+03 148.14 0.000 
-0.0070 0.0154 1.0200e+00 -7.137e+03 148.39 0.000 
-0.0070 0.0158 1.0200e+00 -7.167e+03 148.77 0.000 
-0.0066 0.0002 1.0350e+00 -2.194e+04 252.47 0.720 
-0.0066 0.0006 1.0332e+00 -2.234e+04 253.49 0.716 
-0.0066 0.0010 1.0312e+00 -2.298e+04 255.50 0.708 
-0.0066 0.0014 1.0291e+00 -2.382e+04 258.44 0.699 
-0.0066 0.0018 1.0268e+00 -2.481e+04 261.95 0.692 
-0.0066 0.0022 1.0245e+00 -2.588e+04 265.82 0.687 
-0.0066 0.0026 1.0222e+00 -2.702e+04 269.84 0.682 
-0.0066 0.0030 1.0200e+00 -2.786e+04 272.19 0.644 
-0.0066 0.0034 1.0200e+00 -2.243e+04 243.29 0.155 
-0.0066 0.0038 1.0200e+00 -1.943e+04 226.82 0.053 
-0.0066 0.0042 1.0200e+00 -1.722e+04 214.20 0.020 
-0.0066 0.0046 1.0200e+00 -1.551e+04 204.02 0.008 
-0.0066 0.0050 1.0200e+00 -1.414e+04 195.58 0.004 
-0.0066 0.0054 1.0200e+00 -1.301e+04 188.50 0.001 
-0.0066 0.0058 1.0200e+00 -1.208e+04 182.45 0.001 
-0.0066 0.0062 1.0200e+00 -1.129e+04 177.28 0.001 
-0.0066 0.0066 1.0200e+00 -1.063e+04 172.83 0.001 
-0.0066 0.0070 1.0200e+00 -1.007e+04 168.88 0.000 
-0.0066 0.0074 1.0200e+00 -9.582e+03 165.50 0.000 
-0.0066 0.0078 1.0200e+00 -9.163e+03 162.50 0.000 
-0.0066 0.0082 1.0200e+00 -8.798e+03 159.97 0.000 
-0.0066 0.0086 1.0200e+00 -8.479e+03 157.68 0.000 
-0.0066 0.0090 1.0200e+00 -8.198e+03 155.65 0.001 
-0.0066 0.0094 1.0200e+00 -7.955e+03 153.88 0.000 
-0.0066 0.0098 1.0200e+00 -7.744e+03 152.32 0.000 
-0.0066 0.0102 1.0200e+00 -7.562e+03 150.94 0.000 
-0.0066 0.0106 1.0200e+00 -7.409e+03 149.78 0.000 
-0.0066 0.0110 1.0200e+00 -7.280e+03 148.86 0.000 
-0.0066 0.0114 1.0200e+00 -7.171e+03 148.08 0.000 
-0.0066 0.0118 1.0200e+00 -7.080e+03 147.48 0.000 
-0.0066 0.0122 1.0200e+00 -7.004e+03 147.02 0.000 
-0.0066 0.0126 1.0200e+00 -6.944e+03 146.69 0.000 
-0.0066 0.0130 1.0200e+00 -6.901e+03 146.48 0.000 
-0.0066 0.0134 1.0200e+00 -6.875e+03 146.36 0.000 
-0.0066 0.0138 1.0200e+00 -6.865e+03 146.35 0.000 
-0.0066 0.0142 1.0200e+00 -6.870e+03 146.46 0.000 
-0.0066 0.0146 1.0200e+00 -6.891e+03 146.72 0.000 
-0.0066 0.0150 1.0200e+00 -6.927e+03 147.13 0.000 
-0.0066 0.0154 1.0200e+00 -6.972e+03 147.67 0.000 
-0.0066 0.0158 1.0200e+00 -7.029e+03 148.40 0.000 
-0.0062 0.0002 1.0307e+00 -2.194e+04 252.14 0.717 
-0.0062 0.0006 1.0290e+00 -2.230e+04 253.35 0.713 
-0.0062 0.0010 1.0271e+00 -2.286e+04 255.50 0.706 
-0.0062 0.0014 1.0252e+00 -2.358e+04 258.24 0.699 
-0.0062 0.0018 1.0231e+00 -2.442e+04 261.41 0.693 
-0.0062 0.0022 1.0210e+00 -2.535e+04 264.73 0.688 
-0.0062 0.0026 1.0200e+00 -2.253e+04 247.56 0.254 
-0.0062 0.0030 1.0200e+00 -1.913e+04 228.11 0.079 
-0.0062 0.0034 1.0200e+00 -1.682e+04 214.10 0.030 
-0.0062 0.0038 1.0200e+00 -1.507e+04 203.14 0.011 
-0.0062 0.0042 1.0200e+00 -1.370e+04 194.30 0.005 
-0.0062 0.0046 1.0200e+00 -1.258e+04 187.00 0.001 
-0.0062 0.0050 1.0200e+00 -1.166e+04 180.90 0.001 
-0.0062 0.0054 1.0200e+00 -1.089e+04 175.71 0.001 
-0.0062 0.0058 1.0200e+00 -1.025e+04 171.22 0.000 
-0.0062 0.0062 1.0200e+00 -9.705e+03 167.35 0.000 
-0.0062 0.0066 1.0200e+00 -9.238e+03 163.92 0.000 
-0.0062 0.0070 1.0200e+00 -8.835e+03 160.97 0.000 
-0.0062 0.0074 1.0200e+00 -8.487e+03 158.39 0.000 
-0.0062 0.0078 1.0200e+00 -8.180e+03 156.10 0.000 
-0.0062 0.0082 1.0200e+00 -7.912e+03 154.09 0.000 
-0.0062 0.0086 1.0200e+00 -7.678e+03 152.34 0.000 
-0.0062 0.0090 1.0200e+00 -7.476e+03 150.81 0.000 
-0.0062 0.0094 1.0200e+00 -7.300e+03 149.44 0.000 
-0.0062 0.0098 1.0200e+00 -7.155e+03 148.32 0.000 
-0.0062 0.0102 1.0200e+00 -7.031e+03 147.37 0.000 
-0.0062 0.0106 1.0200e+00 -6.930e+03 146.61 0.000 
-0.0062 0.0110 1.0200e+00 -6.846e+03 145.99 0.000 
-0.0062 0.0114 1.0200e+00 -6.779e+03 145.59 0.000 
-0.0062 0.0118 1.0200e+00 -6.725e+03 145.25 0.000 
-0.0062 0.0122 1.0200e+00 -6.686e+03 145.03 0.000 
-0.0062 0.0126 1.0200e+00 -6.663e+03 144.92 0.000 
-0.0062 0.0130 1.0200e+00 -6.656e+03 144.94 0.000 
-0.0062 0.0134 1.0200e+00 -6.666e+03 145.09 0.000 
-0.0062 0.0138 1.0200e+00 -6.689e+03 145.35 0.000 
-0.0062 0.0142 1.0200e+00 -6.728e+03 145.78 0.000 
-0.0062 0.0146 1.0200e+00 -6.776e+03 146.33 0.000 
-0.0062 0.0150 1.0200e+00 -6.838e+03 147.10 0.000 
-0.0062 0.0154 1.0200e+00 -6.912e+03 148.00 0.000 
-0.0062 0.0158 1.0200e+00 -6.998e+03 149.03 0.000 
-0.0058 0.0002 1.0267e+00 -2.196e+04 253.09 0.714 
-0.0058 0.0006 1.0251e+00 -2.228e+04 254.42 0.711 
-0.0058 0.0010 1.0234e+00 -2.278e+04 256.37 0.704 
-0.0058 0.0014 1.0216e+00 -2.341e+04 258.58 0.698 
-0.0058 0.0018 1.0200e+00 -2.274e+04 252.79 0.466 
-0.0058 0.0022 1.0200e+00 -1.880e+04 229.27 0.105 
-0.0058 0.0026 1.0200e+00 -1.640e+04 214.04 0.032 
-0.0058 0.0030 1.0200e+00 -1.465e+04 202.52 0.015 
-0.0058 0.0034 1.0200e+00 -1.329e+04 193.36 0.006 
-0.0058 0.0038 1.0200e+00 -1.219e+04 185.90 0.002 
-0.0058 0.0042 1.0200e+00 -1.129e+04 179.71 0.001 
-0.0058 0.0046 1.0200e+00 -1.054e+04 174.54 0.000 
-0.0058 0.0050 1.0200e+00 -9.919e+03 170.08 0.000 
-0.0058 0.0054 1.0200e+00 -9.389e+03 166.21 0.000 
-0.0058 0.0058 1.0200e+00 -8.938e+03 162.81 0.000 
-0.0058 0.0062 1.0200e+00 -8.550e+03 159.81 0.000 
-0.0058 0.0066 1.0200e+00 -8.217e+03 157.17 0.000 
-0.0058 0.0070 1.0200e+00 -7.925e+03 154.89 0.000 
-0.0058 0.0074 1.0200e+00 -7.668e+03 152.85 0.000 
-0.0058 0.0078 1.0200e+00 -7.445e+03 151.12 0.000 
-0.0058 0.0082 1.0200e+00 -7.248e+03 149.56 0.000 
-0.0058 0.0086 1.0200e+00 -7.083e+03 148.25 0.000 
-0.0058 0.0090 1.0200e+00 -6.941e+03 147.13 0.000 
-0.0058 0.0094 1.0200e+00 -6.826e+03 146.20 0.000 
-0.0058 0.0098 1.0200e+00 -6.731e+03 145.43 0.000 
-0.0058 0.0102 1.0200e+00 -6.656e+03 144.87 0.000 
-0.0058 0.0106 1.0200e+00 -6.597e+03 144.47 0.000 
-0.0058 0.0110 1.0200e+00 -6.549e+03 144.15 0.000 
-0.0058 0.0114 1.0200e+00 -6.518e+03 143.97 0.000 
-0.0058 0.0118 1.0200e+00 -6.499e+03 143.87 0.000 
-0.0058 0.0122 1.0200e+00 -6.495e+03 143.91 0.000 
-0.0058 0.0126 1.0200e+00 -6.506e+03 144.09 0.000 
-0.0058 0.0130 1.0200e+00 -6.532e+03 144.39 0.000 
-0.0058 0.0134 1.0200e+00 -6.574e+03 144.84 0.000 
-0.0058 0.0138 1.0200e+00 -6.627e+03 145.44 0.000 
-0.0058 0.0142 1.0200e+00 -6.693e+03 146.20 0.000 
-0.0058 0.0146 1.0200e+00 -6.771e+03 147.10 0.000 
-0.0058 0.0150 1.0200e+00 -6.860e+03 148.11 0.000 
-0.0058 0.0154 1.0200e+00 -6.964e+03 149.23 0.000 
-0.0058 0.0158 1.0200e+00 -7.081e+03 150.41 0.000 
-0.0054 0.0002 1.0230e+00 -2.198e+04 254.39 0.712 
-0.0054 0.0006 1.0215e+00 -2.225e+04 255.16 0.710 
-0.0054 0.0010 1.0200e+00 -2.247e+04 255.05 0.661 
-0.0054 0.0014 1.0200e+00 -1.825e+04 228.80 0.129 
-0.0054 0.0018 1.0200e+00 -1.589e+04 213.24 0.037 
-0.0054 0.0022 1.0200e+00 -1.418e+04 201.45 0.016 
-0.0054 0.0026 1.0200e+00 -1.286e+04 192.19 0.007 
-0.0054 0.0030 1.0200e+00 -1.180e+04 184.71 0.002 
-0.0054 0.0034 1.0200e+00 -1.093e+04 178.58 0.001 
-0.0054 0.0038 1.0200e+00 -1.021e+04 173.42 0.005 
-0.0054 0.0042 1.0200e+00 -9.602e+03 168.98 0.000 
-0.0054 0.0046 1.0200e+00 -9.092e+03 165.10 0.000 
-0.0054 0.0050 1.0200e+00 -8.658e+03 161.70 0.000 
-0.0054 0.0054 1.0200e+00 -8.287e+03 158.67 0.000 
-0.0054 0.0058 1.0200e+00 -7.968e+03 156.02 0.000 
-0.0054 0.0062 1.0200e+00 -7.693e+03 153.71 0.000 
-0.0054 0.0066 1.0200e+00 -7.450e+03 151.72 0.000 
-0.0054 0.0070 1.0200e+00 -7.239e+03 149.99 0.000 
-0.0054 0.0074 1.0200e+00 -7.055e+03 148.52 0.000 
-0.0054 0.0078 1.0200e+00 -6.897e+03 147.24 0.000 
-0.0054 0.0082 1.0200e+00 -6.765e+03 146.15 0.000 
-0.0054 0.0086 1.0200e+00 -6.655e+03 145.24 0.000 
-0.0054 0.0090 1.0200e+00 -6.568e+03 144.51 0.000 
-0.0054 0.0094 1.0200e+00 -6.500e+03 143.97 0.000 
-0.0054 0.0098 1.0200e+00 -6.448e+03 143.55 0.000 
-0.0054 0.0102 1.0200e+00 -6.409e+03 143.28 0.000 
-0.0054 0.0106 1.0200e+00 -6.382e+03 143.10 0.000 
-0.0054 0.0110 1.0200e+00 -6.368e+03 143.06 0.000 
-0.0054 0.0114 1.0200e+00 -6.369e+03 143.17 0.000 
-0.0054 0.0118 1.0200e+00 -6.383e+03 143.38 0.000 
-0.0054 0.0122 1.0200e+00 -6.413e+03 143.74 0.000 
-0.0054 0.0126 1.0200e+00 -6.459e+03 144.22 0.000 
-0.0054 0.0130 1.0200e+00 -6.516e+03 144.84 0.000 
-0.0054 0.0134 1.0200e+00 -6.587e+03 145.61 0.000 
-0.0054 0.0138 1.0200e+00 -6.669e+03 146.51 0.000 
-0.0054 0.0142 1.0200e+00 -6.762e+03 147.53 0.000 
-0.0054 0.0146 1.0200e+00 -6.870e+03 148.68 0.000 
-0.0054 0.0150 1.0200e+00 -6.990e+03 149.91 0.000 
-0.0054 0.0154 1.0200e+00 -7.125e+03 151.25 0.000 
-0.0054 0.0158 1.0200e+00 -7.276e+03 152.67 0.000 
-0.0050 0.0002 1.0200e+00 -2.010e+04 242.76 0.347 
-0.0050 0.0006 1.0200e+00 -1.716e+04 224.18 0.097 
-0.0050 0.0010 1.0200e+00 -1.513e+04 210.26 0.037 
-0.0050 0.0014 1.0200e+00 -1.357e+04 199.19 0.011 
-0.0050 0.0018 1.0200e+00 -1.235e+04 190.35 0.005 
-0.0050 0.0022 1.0200e+00 -1.136e+04 183.14 0.003 
-0.0050 0.0026 1.0200e+00 -1.055e+04 177.19 0.002 
-0.0050 0.0030 1.0200e+00 -9.869e+03 172.15 0.001 
-0.0050 0.0034 1.0200e+00 -9.296e+03 167.80 0.000 
-0.0050 0.0038 1.0200e+00 -8.811e+03 163.94 0.000 
-0.0050 0.0042 1.0200e+00 -8.401e+03 160.56 0.000 
-0.0050 0.0046 1.0200e+00 -8.051e+03 157.56 0.000 
-0.0050 0.0050 1.0200e+00 -7.751e+03 154.95 0.000 
-0.0050 0.0054 1.0200e+00 -7.493e+03 152.69 0.000 
-0.0050 0.0058 1.0200e+00 -7.270e+03 150.77 0.000 
-0.0050 0.0062 1.0200e+00 -7.072e+03 149.08 0.000 
-0.0050 0.0066 1.0200e+00 -6.902e+03 147.69 0.000 
-0.0050 0.0070 1.0200e+00 -6.754e+03 146.48 0.000 
-0.0050 0.0074 1.0200e+00 -6.630e+03 145.46 0.000 
-0.0050 0.0078 1.0200e+00 -6.527e+03 144.57 0.000 
-0.0050 0.0082 1.0200e+00 -6.446e+03 143.89 0.000 
-0.0050 0.0086 1.0200e+00 -6.385e+03 143.35 0.000 
-0.0050 0.0090 1.0200e+00 -6.341e+03 143.00 0.000 
-0.0050 0.0094 1.0200e+00 -6.309e+03 142.73 0.000 
-0.0050 0.0098 1.0200e+00 -6.288e+03 142.61 0.000 
-0.0050 0.0102 1.0200e+00 -6.280e+03 142.64 0.000 
-0.0050 0.0106 1.0200e+00 -6.287e+03 142.81 0.000 
-0.0050 0.0110 1.0200e+00 -6.305e+03 143.09 0.000 
-0.0050 0.0114 1.0200e+00 -6.337e+03 143.45 0.000 
-0.0050 0.0118 1.0200e+00 -6.385e+03 143.97 0.000 
-0.0050 0.0122 1.0200e+00 -6.448e+03 144.63 0.000 
-0.0050 0.0126 1.0200e+00 -6.524e+03 145.44 0.000 
-0.0050 0.0130 1.0200e+00 -6.612e+03 146.36 0.000 
-0.0050 0.0134 1.0200e+00 -6.710e+03 147.41 0.000 
-0.0050 0.0138 1.0200e+00 -6.823e+03 148.58 0.000 
-0.0050 0.0142 1.0200e+00 -6.947e+03 149.81 0.000 
-0.0050 0.0146 1.0200e+00 -7.088e+03 151.23 0.000 
-0.0050 0.0150 1.0200e+00 -7.241e+03 152.71 0.000 
-0.0050 0.0154 1.0200e+00 -7.414e+03 154.30 0.000 
-0.0050 0.0158 1.0200e+00 -7.599e+03 156.01 0.000 
-0.0046 0.0002 1.0200e+00 -1.424e+04 205.92 0.024 
-0.0046 0.0006 1.0200e+00 -1.292e+04 196.33 0.009 
-0.0046 0.0010 1.0200e+00 -1.185e+04 188.31 0.005 
-0.0046 0.0014 1.0200e+00 -1.096e+04 181.61 0.001 
-0.0046 0.0018 1.0200e+00 -1.021e+04 175.94 0.001 
-0.0046 0.0022 1.0200e+00 -9.583e+03 171.08 0.000 
-0.0046 0.0026 1.0200e+00 -9.048e+03 166.85 0.000 
-0.0046 0.0030 1.0200e+00 -8.594e+03 163.13 0.000 
-0.0046 0.0034 1.0200e+00 -8.207e+03 159.78 0.000 
-0.0046 0.0038 1.0200e+00 -7.878e+03 156.85 0.000 
-0.0046 0.0042 1.0200e+00 -7.597e+03 154.30 0.000 
-0.0046 0.0046 1.0200e+00 -7.358e+03 152.13 0.000 
-0.0046 0.0050 1.0200e+00 -7.150e+03 150.28 0.000 
-0.0046 0.0054 1.0200e+00 -6.968e+03 148.69 0.000 
-0.0046 0.0058 1.0200e+00 -6.807e+03 147.37 0.000 
-0.0046 0.0062 1.0200e+00 -6.670e+03 146.25 0.000 
-0.0046 0.0066 1.0200e+00 -6.554e+03 145.28 0.000 
-0.0046 0.0070 1.0200e+00 -6.458e+03 144.45 0.000 
-0.0046 0.0074 1.0200e+00 -6.381e+03 143.77 0.000 
-0.0046 0.0078 1.0200e+00 -6.326e+03 143.27 0.000 
-0.0046 0.0082 1.0200e+00 -6.287e+03 142.90 0.000 
-0.0046 0.0086 1.0200e+00 -6.261e+03 142.68 0.000 
-0.0046 0.0090 1.0200e+00 -6.247e+03 142.59 0.000 
-0.0046 0.0094 1.0200e+00 -6.246e+03 142.67 0.000 
-0.0046 0.0098 1.0200e+00 -6.255e+03 142.87 0.000 
-0.0046 0.0102 1.0200e+00 -6.278e+03 143.21 0.000 
-0.0046 0.0106 1.0200e+00 -6.315e+03 143.66 0.000 
-0.0046 0.0110 1.0200e+00 -6.368e+03 144.24 0.000 
-0.0046 0.0114 1.0200e+00 -6.435e+03 144.93 0.000 
-0.0046 0.0118 1.0200e+00 -6.517e+03 145.74 0.000 
-0.0046 0.0122 1.0200e+00 -6.611e+03 146.71 0.000 
-0.0046 0.0126 1.0200e+00 -6.716e+03 147.77 0.000 
-0.0046 0.0130 1.0200e+00 -6.835e+03 148.96 0.000 
-0.0046 0.0134 1.0200e+00 -6.965e+03 150.27 0.000 
-0.0046 0.0138 1.0200e+00 -7.109e+03 151.68 0.000 
-0.0046 0.0142 1.0200e+00 -7.270e+03 153.25 0.000 
-0.0046 0.0146 1.0200e+00 -7.447e+03 154.90 0.000 
-0.0046 0.0150 1.0200e+00 -7.641e+03 156.67 0.000 
-0.0046 0.0154 1.0200e+00 -7.851e+03 158.57 0.000 
-0.0046 0.0158 1.0200e+00 -8.079e+03 160.59 0.000 
-0.0042 0.0002 1.0200e+00 -1.136e+04 186.13 0.003 
-0.0042 0.0006 1.0200e+00 -1.059e+04 180.06 0.001 
-0.0042 0.0010 1.0200e+00 -9.921e+03 174.77 0.001 
-0.0042 0.0014 1.0200e+00 -9.349e+03 170.21 0.000 
-0.0042 0.0018 1.0200e+00 -8.856e+03 166.11 0.000 
-0.0042 0.0022 1.0200e+00 -8.434e+03 162.52 0.000 
-0.0042 0.0026 1.0200e+00 -8.071e+03 159.26 0.000 
-0.0042 0.0030 1.0200e+00 -7.762e+03 156.42 0.000 
-0.0042 0.0034 1.0200e+00 -7.498e+03 154.00 0.000 
-0.0042 0.0038 1.0200e+00 -7.272e+03 151.89 0.000 
-0.0042 0.0042 1.0200e+00 -7.079e+03 150.12 0.000 
-0.0042 0.0046 1.0200e+00 -6.909e+03 148.64 0.000 
-0.0042 0.0050 1.0200e+00 -6.762e+03 147.41 0.000 
-0.0042 0.0054 1.0200e+00 -6.631e+03 146.32 0.000 
-0.0042 0.0058 1.0200e+00 -6.522e+03 145.42 0.000 
-0.0042 0.0062 1.0200e+00 -6.430e+03 144.63 0.000 
-0.0042 0.0066 1.0200e+00 -6.358e+03 143.96 0.000 
-0.0042 0.0070 1.0200e+00 -6.306e+03 143.44 0.000 
-0.0042 0.0074 1.0200e+00 -6.271e+03 143.08 0.000 
-0.0042 0.0078 1.0200e+00 -6.252e+03 142.92 0.000 
-0.0042 0.0082 1.0200e+00 -6.244e+03 142.89 0.000 
-0.0042 0.0086 1.0200e+00 -6.249e+03 143.02 0.000 
-0.0042 0.0090 1.0200e+00 -6.264e+03 143.29 0.000 
-0.0042 0.0094 1.0200e+00 -6.294e+03 143.70 0.000 
-0.0042 0.0098 1.0200e+00 -6.336e+03 144.21 0.000 
-0.0042 0.0102 1.0200e+00 -6.394e+03 144.82 0.000 
-0.0042 0.0106 1.0200e+00 -6.467e+03 145.55 0.000 
-0.0042 0.0110 1.0200e+00 -6.556e+03 146.42 0.000 
-0.0042 0.0114 1.0200e+00 -6.658e+03 147.41 0.000 
-0.0042 0.0118 1.0200e+00 -6.772e+03 148.51 0.000 
-0.0042 0.0122 1.0200e+00 -6.896e+03 149.72 0.000 
-0.0042 0.0126 1.0200e+00 -7.034e+03 151.11 0.000 
-0.0042 0.0130 1.0200e+00 -7.186e+03 152.60 0.000 
-0.0042 0.0134 1.0200e+00 -7.355e+03 154.21 0.000 
-0.0042 0.0138 1.0200e+00 -7.538e+03 155.92 0.000 
-0.0042 0.0142 1.0200e+00 -7.740e+03 157.74 0.000 
-0.0042 0.0146 1.0200e+00 -7.963e+03 159.69 0.000 
-0.0042 0.0150 1.0200e+00 -8.199e+03 161.72 0.000 
-0.0042 0.0154 1.0200e+00 -8.453e+03 163.88 0.000 
-0.0042 0.0158 1.0200e+00 -8.725e+03 166.09 0.000 
-0.0038 0.0002 1.0200e+00 -9.640e+03 173.32 0.001 
-0.0038 0.0006 1.0200e+00 -9.133e+03 169.11 0.000 
-0.0038 0.0010 1.0200e+00 -8.689e+03 165.27 0.000 
-0.0038 0.0014 1.0200e+00 -8.302e+03 161.85 0.000 
-0.0038 0.0018 1.0200e+00 -7.967e+03 158.77 0.000 
-0.0038 0.0022 1.0200e+00 -7.677e+03 156.09 0.000 
-0.0038 0.0026 1.0200e+00 -7.429e+03 153.78 0.000 
-0.0038 0.0030 1.0200e+00 -7.218e+03 151.83 0.000 
-0.0038 0.0034 1.0200e+00 -7.037e+03 150.17 0.000 
-0.0038 0.0038 1.0200e+00 -6.880e+03 148.80 0.000 
-0.0038 0.0042 1.0200e+00 -6.744e+03 147.60 0.000 
-0.0038 0.0046 1.0200e+00 -6.624e+03 146.63 0.000 
-0.0038 0.0050 1.0200e+00 -6.521e+03 145.77 0.000 
-0.0038 0.0054 1.0200e+00 -6.436e+03 145.00 0.000 
-0.0038 0.0058 1.0200e+00 -6.369e+03 144.37 0.000 
-0.0038 0.0062 1.0200e+00 -6.321e+03 143.86 0.000 
-0.0038 0.0066 1.0200e+00 -6.292e+03 143.56 0.000 
-0.0038 0.0070 1.0200e+00 -6.278e+03 143.41 0.000 
-0.0038 0.0074 1.0200e+00 -6.279e+03 143.45 0.000 
-0.0038 0.0078 1.0200e+00 -6.291e+03 143.65 0.000 
-0.0038 0.0082 1.0200e+00 -6.315e+03 144.01 0.000 
-0.0038 0.0086 1.0200e+00 -6.352e+03 144.48 0.000 
-0.0038 0.0090 1.0200e+00 -6.401e+03 145.09 0.000 
-0.0038 0.0094 1.0200e+00 -6.466e+03 145.78 0.000 
-0.0038 0.0098 1.0200e+00 -6.546e+03 146.55 0.000 
-0.0038 0.0102 1.0200e+00 -6.641e+03 147.47 0.000 
-0.0038 0.0106 1.0200e+00 -6.751e+03 148.48 0.000 
-0.0038 0.0110 1.0200e+00 -6.874e+03 149.65 0.000 
-0.0038 0.0114 1.0200e+00 -7.010e+03 150.94 0.000 
-0.0038 0.0118 1.0200e+00 -7.155e+03 152.34 0.000 
-0.0038 0.0122 1.0200e+00 -7.317e+03 153.90 0.000 
-0.0038 0.0126 1.0200e+00 -7.493e+03 155.58 0.000 
-0.0038 0.0130 1.0200e+00 -7.684e+03 157.33 0.000 
-0.0038 0.0134 1.0200e+00 -7.898e+03 159.25 0.000 
-0.0038 0.0138 1.0200e+00 -8.128e+03 161.23 0.000 
-0.0038 0.0142 1.0200e+00 -8.378e+03 163.28 0.000 
-0.0038 0.0146 1.0200e+00 -8.645e+03 165.49 0.000 
-0.0038 0.0150 1.0200e+00 -8.928e+03 167.78 0.000 
-0.0038 0.0154 1.0200e+00 -9.232e+03 170.19 0.000 
-0.0038 0.0158 1.0200e+00 -9.557e+03 172.67 0.000 
-0.0034 0.0002 1.0200e+00 -8.572e+03 164.62 0.000 
-0.0034 0.0006 1.0200e+00 -8.223e+03 161.46 0.000 
-0.0034 0.0010 1.0200e+00 -7.915e+03 158.65 0.000 
-0.0034 0.0014 1.0200e+00 -7.646e+03 156.16 0.000 
-0.0034 0.0018 1.0200e+00 -7.415e+03 154.02 0.000 
-0.0034 0.0022 1.0200e+00 -7.216e+03 152.16 0.000 
-0.0034 0.0026 1.0200e+00 -7.048e+03 150.62 0.000 
-0.0034 0.0030 1.0200e+00 -6.902e+03 149.34 0.000 
-0.0034 0.0034 1.0200e+00 -6.777e+03 148.25 0.000 
-0.0034 0.0038 1.0200e+00 -6.667e+03 147.32 0.000 
-0.0034 0.0042 1.0200e+00 -6.574e+03 146.54 0.000 
-0.0034 0.0046 1.0200e+00 -6.496e+03 145.79 0.000 
-0.0034 0.0050 1.0200e+00 -6.436e+03 145.20 0.000 
-0.0034 0.0054 1.0200e+00 -6.394e+03 144.76 0.000 
-0.0034 0.0058 1.0200e+00 -6.369e+03 144.50 0.000 
-0.0034 0.0062 1.0200e+00 -6.364e+03 144.42 0.000 
-0.0034 0.0066 1.0200e+00 -6.373e+03 144.52 0.000 
-0.0034 0.0070 1.0200e+00 -6.395e+03 144.84 0.000 
-0.0034 0.0074 1.0200e+00 -6.429e+03 145.29 0.000 
-0.0034 0.0078 1.0200e+00 -6.474e+03 145.84 0.000 
-0.0034 0.0082 1.0200e+00 -6.531e+03 146.50 0.000 
-0.0034 0.0086 1.0200e+00 -6.605e+03 147.29 0.000 
-0.0034 0.0090 1.0200e+00 -6.693e+03 148.17 0.000 
-0.0034 0.0094 1.0200e+00 -6.797e+03 149.09 0.000 
-0.0034 0.0098 1.0200e+00 -6.914e+03 150.15 0.000 
-0.0034 0.0102 1.0200e+00 -7.047e+03 151.36 0.000 
-0.0034 0.0106 1.0200e+00 -7.193e+03 152.72 0.000 
-0.0034 0.0110 1.0200e+00 -7.349e+03 154.20 0.000 
-0.0034 0.0114 1.0200e+00 -7.521e+03 155.82 0.000 
-0.0034 0.0118 1.0200e+00 -7.706e+03 157.57 0.000 
-0.0034 0.0122 1.0200e+00 -7.909e+03 159.40 0.000 
-0.0034 0.0126 1.0200e+00 -8.134e+03 161.36 0.000 
-0.0034 0.0130 1.0200e+00 -8.378e+03 163.40 0.000 
-0.0034 0.0134 1.0200e+00 -8.641e+03 165.49 0.000 
-0.0034 0.0138 1.0200e+00 -8.922e+03 167.75 0.000 
-0.0034 0.0142 1.0200e+00 -9.220e+03 170.06 0.000 
-0.0034 0.0146 1.0200e+00 -9.538e+03 172.51 0.000 
-0.0034 0.0150 1.0200e+00 -9.874e+03 175.02 0.000 
-0.0034 0.0154 1.0200e+00 -1.023e+04 177.67 0.000 
-0.0034 0.0158 1.0200e+00 -1.061e+04 180.36 0.000 
-0.0030 0.0002 1.0200e+00 -7.925e+03 158.98 0.000 
-0.0030 0.0006 1.0200e+00 -7.675e+03 156.69 0.000 
-0.0030 0.0010 1.0200e+00 -7.458e+03 154.71 0.000 
-0.0030 0.0014 1.0200e+00 -7.273e+03 153.00 0.000 
-0.0030 0.0018 1.0200e+00 -7.116e+03 151.56 0.000 
-0.0030 0.0022 1.0200e+00 -6.982e+03 150.36 0.000 
-0.0030 0.0026 1.0200e+00 -6.867e+03 149.36 0.000 
-0.0030 0.0030 1.0200e+00 -6.770e+03 148.50 0.000 
-0.0030 0.0034 1.0200e+00 -6.685e+03 147.73 0.000 
-0.0030 0.0038 1.0200e+00 -6.615e+03 147.08 0.000 
-0.0030 0.0042 1.0200e+00 -6.563e+03 146.54 0.000 
-0.0030 0.0046 1.0200e+00 -6.528e+03 146.17 0.000 
-0.0030 0.0050 1.0200e+00 -6.510e+03 145.98 0.000 
-0.0030 0.0054 1.0200e+00 -6.512e+03 145.98 0.000 
-0.0030 0.0058 1.0200e+00 -6.528e+03 146.18 0.000 
-0.0030 0.0062 1.0200e+00 -6.560e+03 146.57 0.000 
-0.0030 0.0066 1.0200e+00 -6.603e+03 147.10 0.000 
-0.0030 0.0070 1.0200e+00 -6.657e+03 147.74 0.000 
-0.0030 0.0074 1.0200e+00 -6.725e+03 148.48 0.000 
-0.0030 0.0078 1.0200e+00 -6.807e+03 149.33 0.000 
-0.0030 0.0082 1.0200e+00 -6.903e+03 150.23 0.000 
-0.0030 0.0086 1.0200e+00 -7.015e+03 151.25 0.000 
-0.0030 0.0090 1.0200e+00 -7.142e+03 152.37 0.000 
-0.0030 0.0094 1.0200e+00 -7.287e+03 153.64 0.000 
-0.0030 0.0098 1.0200e+00 -7.445e+03 155.07 0.000 
-0.0030 0.0102 1.0200e+00 -7.615e+03 156.61 0.000 
-0.0030 0.0106 1.0200e+00 -7.798e+03 158.33 0.000 
-0.0030 0.0110 1.0200e+00 -7.997e+03 160.08 0.000 
-0.0030 0.0114 1.0200e+00 -8.214e+03 162.02 0.000 
-0.0030 0.0118 1.0200e+00 -8.450e+03 164.02 0.000 
-0.0030 0.0122 1.0200e+00 -8.710e+03 166.05 0.000 
-0.0030 0.0126 1.0200e+00 -8.989e+03 168.25 0.000 
-0.0030 0.0130 1.0200e+00 -9.288e+03 170.50 0.000 
-0.0030 0.0134 1.0200e+00 -9.603e+03 172.86 0.000 
-0.0030 0.0138 1.0200e+00 -9.937e+03 175.36 0.000 
-0.0030 0.0142 1.0200e+00 -1.029e+04 177.94 0.000 
-0.0030 0.0146 1.0200e+00 -1.066e+04 180.61 0.000 
-0.0030 0.0150 1.0200e+00 -1.106e+04 183.33 0.000 
-0.0030 0.0154 1.0200e+00 -1.148e+04 186.15 0.000 
-0.0030 0.0158 1.0200e+00 -1.193e+04 189.13 0.005 
-0.0026 0.0002 1.0200e+00 -7.528e+03 155.52 0.000 
-0.0026 0.0006 1.0200e+00 -7.358e+03 153.97 0.000 
-0.0026 0.0010 1.0200e+00 -7.211e+03 152.64 0.000 
-0.0026 0.0014 1.0200e+00 -7.090e+03 151.52 0.000 
-0.0026 0.0018 1.0200e+00 -6.989e+03 150.62 0.000 
-0.0026 0.0022 1.0200e+00 -6.903e+03 149.80 0.000 
-0.0026 0.0026 1.0200e+00 -6.831e+03 149.13 0.000 
-0.0026 0.0030 1.0200e+00 -6.772e+03 148.55 0.000 
-0.0026 0.0034 1.0200e+00 -6.726e+03 148.11 0.000 
-0.0026 0.0038 1.0200e+00 -6.698e+03 147.83 0.000 
-0.0026 0.0042 1.0200e+00 -6.688e+03 147.75 0.000 
-0.0026 0.0046 1.0200e+00 -6.695e+03 147.81 0.000 
-0.0026 0.0050 1.0200e+00 -6.722e+03 148.12 0.000 
-0.0026 0.0054 1.0200e+00 -6.763e+03 148.60 0.000 
-0.0026 0.0058 1.0200e+00 -6.816e+03 149.24 0.000 
-0.0026 0.0062 1.0200e+00 -6.880e+03 149.97 0.000 
-0.0026 0.0066 1.0200e+00 -6.958e+03 150.79 0.000 
-0.0026 0.0070 1.0200e+00 -7.049e+03 151.66 0.000 
-0.0026 0.0074 1.0200e+00 -7.155e+03 152.64 0.000 
-0.0026 0.0078 1.0200e+00 -7.278e+03 153.70 0.000 
-0.0026 0.0082 1.0200e+00 -7.418e+03 154.93 0.000 
-0.0026 0.0086 1.0200e+00 -7.576e+03 156.25 0.000 
-0.0026 0.0090 1.0200e+00 -7.748e+03 157.73 0.000 
-0.0026 0.0094 1.0200e+00 -7.935e+03 159.41 0.000 
-0.0026 0.0098 1.0200e+00 -8.136e+03 161.17 0.000 
-0.0026 0.0102 1.0200e+00 -8.351e+03 163.04 0.000 
-0.0026 0.0106 1.0200e+00 -8.584e+03 164.97 0.000 
-0.0026 0.0110 1.0200e+00 -8.837e+03 167.04 0.000 
-0.0026 0.0114 1.0200e+00 -9.111e+03 169.13 0.000 
-0.0026 0.0118 1.0200e+00 -9.410e+03 171.32 0.000 
-0.0026 0.0122 1.0200e+00 -9.727e+03 173.61 0.000 
-0.0026 0.0126 1.0200e+00 -1.006e+04 175.98 0.000 
-0.0026 0.0130 1.0200e+00 -1.042e+04 178.52 0.000 
-0.0026 0.0134 1.0200e+00 -1.078e+04 181.16 0.000 
-0.0026 0.0138 1.0200e+00 -1.118e+04 183.85 0.000 
-0.0026 0.0142 1.0200e+00 -1.159e+04 186.68 0.001 
-0.0026 0.0146 1.0200e+00 -1.203e+04 189.46 0.000 
-0.0026 0.0150 1.0200e+00 -1.250e+04 192.40 0.001 
-0.0026 0.0154 1.0200e+00 -1.299e+04 195.36 0.002 
-0.0026 0.0158 1.0200e+00 -1.351e+04 198.43 0.002 
-0.0022 0.0002 1.0200e+00 -7.339e+03 153.88 0.000 
-0.0022 0.0006 1.0200e+00 -7.232e+03 152.89 0.000 
-0.0022 0.0010 1.0200e+00 -7.143e+03 152.05 0.000 
-0.0022 0.0014 1.0200e+00 -7.072e+03 151.41 0.000 
-0.0022 0.0018 1.0200e+00 -7.013e+03 150.82 0.000 
-0.0022 0.0022 1.0200e+00 -6.968e+03 150.40 0.000 
-0.0022 0.0026 1.0200e+00 -6.935e+03 150.11 0.000 
-0.0022 0.0030 1.0200e+00 -6.916e+03 149.92 0.000 
-0.0022 0.0034 1.0200e+00 -6.915e+03 149.96 0.000 
-0.0022 0.0038 1.0200e+00 -6.931e+03 150.16 0.000 
-0.0022 0.0042 1.0200e+00 -6.967e+03 150.55 0.000 
-0.0022 0.0046 1.0200e+00 -7.020e+03 151.14 0.000 
-0.0022 0.0050 1.0200e+00 -7.085e+03 151.85 0.000 
-0.0022 0.0054 1.0200e+00 -7.165e+03 152.68 0.000 
-0.0022 0.0058 1.0200e+00 -7.256e+03 153.56 0.000 
-0.0022 0.0062 1.0200e+00 -7.361e+03 154.53 0.000 
-0.0022 0.0066 1.0200e+00 -7.481e+03 155.59 0.000 
-0.0022 0.0070 1.0200e+00 -7.619e+03 156.75 0.000 
-0.0022 0.0074 1.0200e+00 -7.778e+03 158.03 0.000 
-0.0022 0.0078 1.0200e+00 -7.952e+03 159.49 0.000 
-0.0022 0.0082 1.0200e+00 -8.147e+03 161.10 0.000 
-0.0022 0.0086 1.0200e+00 -8.355e+03 162.86 0.000 
-0.0022 0.0090 1.0200e+00 -8.577e+03 164.72 0.000 
-0.0022 0.0094 1.0200e+00 -8.812e+03 166.64 0.000 
-0.0022 0.0098 1.0200e+00 -9.066e+03 168.64 0.000 
-0.0022 0.0102 1.0200e+00 -9.339e+03 170.72 0.000 
-0.0022 0.0106 1.0200e+00 -9.634e+03 172.85 0.000 
-0.0022 0.0110 1.0200e+00 -9.950e+03 175.08 0.001 
-0.0022 0.0114 1.0200e+00 -1.029e+04 177.38 0.000 
-0.0022 0.0118 1.0200e+00 -1.065e+04 179.84 0.000 
-0.0022 0.0122 1.0200e+00 -1.102e+04 182.40 0.001 
-0.0022 0.0126 1.0200e+00 -1.141e+04 185.05 0.000 
-0.0022 0.0130 1.0200e+00 -1.182e+04 187.81 0.001 
-0.0022 0.0134 1.0200e+00 -1.225e+04 190.69 0.000 
-0.0022 0.0138 1.0200e+00 -1.271e+04 193.54 0.000 
-0.0022 0.0142 1.0200e+00 -1.320e+04 196.58 0.003 
-0.0022 0.0146 1.0200e+00 -1.371e+04 199.60 0.002 
-0.0022 0.0150 1.0200e+00 -1.426e+04 202.70 0.001 
-0.0022 0.0154 1.0200e+00 -1.482e+04 205.91 0.001 
-0.0022 0.0158 1.0200e+00 -1.540e+04 209.22 0.002 
-0.0018 0.0002 1.0200e+00 -7.348e+03 153.94 0.000 
-0.0018 0.0006 1.0200e+00 -7.292e+03 153.42 0.000 
-0.0018 0.0010 1.0200e+00 -7.251e+03 153.01 0.000 
-0.0018 0.0014 1.0200e+00 -7.222e+03 152.73 0.000 
-0.0018 0.0018 1.0200e+00 -7.204e+03 152.62 0.000 
-0.0018 0.0022 1.0200e+00 -7.200e+03 152.62 0.000 
-0.0018 0.0026 1.0200e+00 -7.211e+03 152.78 0.000 
-0.0018 0.0030 1.0200e+00 -7.242e+03 153.17 0.000 
-0.0018 0.0034 1.0200e+00 -7.293e+03 153.72 0.000 
-0.0018 0.0038 1.0200e+00 -7.360e+03 154.40 0.000 
-0.0018 0.0042 1.0200e+00 -7.444e+03 155.26 0.000 
-0.0018 0.0046 1.0200e+00 -7.544e+03 156.18 0.000 
-0.0018 0.0050 1.0200e+00 -7.655e+03 157.16 0.000 
-0.0018 0.0054 1.0200e+00 -7.778e+03 158.17 0.000 
-0.0018 0.0058 1.0200e+00 -7.920e+03 159.35 0.000 
-0.0018 0.0062 1.0200e+00 -8.080e+03 160.63 0.000 
-0.0018 0.0066 1.0200e+00 -8.262e+03 162.09 0.000 
-0.0018 0.0070 1.0200e+00 -8.463e+03 163.70 0.000 
-0.0018 0.0074 1.0200e+00 -8.682e+03 165.44 0.000 
-0.0018 0.0078 1.0200e+00 -8.916e+03 167.30 0.000 
-0.0018 0.0082 1.0200e+00 -9.162e+03 169.24 0.000 
-0.0018 0.0086 1.0200e+00 -9.425e+03 171.26 0.000 
-0.0018 0.0090 1.0200e+00 -9.700e+03 173.28 0.000 
-0.0018 0.0094 1.0200e+00 -9.994e+03 175.36 0.000 
-0.0018 0.0098 1.0200e+00 -1.031e+04 177.52 0.000 
-0.0018 0.0102 1.0200e+00 -1.065e+04 179.78 0.000 
-0.0018 0.0106 1.0200e+00 -1.101e+04 182.14 0.001 
-0.0018 0.0110 1.0200e+00 -1.139e+04 184.59 0.000 
-0.0018 0.0114 1.0200e+00 -1.179e+04 187.20 0.000 
-0.0018 0.0118 1.0200e+00 -1.220e+04 190.02 0.006 
-0.0018 0.0122 1.0200e+00 -1.263e+04 192.70 0.002 
-0.0018 0.0126 1.0200e+00 -1.308e+04 195.55 0.001 
-0.0018 0.0130 1.0200e+00 -1.356e+04 198.47 0.002 
-0.0018 0.0134 1.0200e+00 -1.407e+04 201.51 0.001 
-0.0018 0.0138 1.0200e+00 -1.461e+04 204.56 0.001 
-0.0018 0.0142 1.0200e+00 -1.518e+04 207.73 0.002 
-0.0018 0.0146 1.0200e+00 -1.577e+04 211.00 0.002 
-0.0018 0.0150 1.0200e+00 -1.638e+04 214.29 0.002 
-0.0018 0.0154 1.0200e+00 -1.700e+04 217.61 0.003 
-0.0018 0.0158 1.0200e+00 -1.762e+04 221.00 0.004 
-0.0014 0.0002 1.0200e+00 -7.523e+03 155.40 0.000 
-0.0014 0.0006 1.0200e+00 -7.515e+03 155.34 0.000 
-0.0014 0.0010 1.0200e+00 -7.518e+03 155.41 0.000 
-0.0014 0.0014 1.0200e+00 -7.534e+03 155.62 0.000 
-0.0014 0.0018 1.0200e+00 -7.564e+03 156.02 0.000 
-0.0014 0.0022 1.0200e+00 -7.614e+03 156.60 0.000 
-0.0014 0.0026 1.0200e+00 -7.685e+03 157.28 0.000 
-0.0014 0.0030 1.0200e+00 -7.774e+03 158.12 0.000 
-0.0014 0.0034 1.0200e+00 -7.881e+03 159.12 0.000 
-0.0014 0.0038 1.0200e+00 -8.005e+03 160.14 0.000 
-0.0014 0.0042 1.0200e+00 -8.142e+03 161.28 0.000 
-0.0014 0.0046 1.0200e+00 -8.294e+03 162.48 0.000 
-0.0014 0.0050 1.0200e+00 -8.462e+03 163.78 0.000 
-0.0014 0.0054 1.0200e+00 -8.649e+03 165.27 0.000 
-0.0014 0.0058 1.0200e+00 -8.856e+03 166.89 0.000 
-0.0014 0.0062 1.0200e+00 -9.087e+03 168.62 0.000 
-0.0014 0.0066 1.0200e+00 -9.335e+03 170.52 0.001 
-0.0014 0.0070 1.0200e+00 -9.600e+03 172.50 0.000 
-0.0014 0.0074 1.0200e+00 -9.879e+03 174.54 0.000 
-0.0014 0.0078 1.0200e+00 -1.017e+04 176.61 0.000 
-0.0014 0.0082 1.0200e+00 -1.047e+04 178.64 0.000 
-0.0014 0.0086 1.0200e+00 -1.078e+04 180.69 0.000 
-0.0014 0.0090 1.0200e+00 -1.112e+04 182.88 0.000 
-0.0014 0.0094 1.0200e+00 -1.148e+04 185.10 0.000 
-0.0014 0.0098 1.0200e+00 -1.187e+04 187.44 0.001 
-0.0014 0.0102 1.0200e+00 -1.228e+04 190.01 0.001 
-0.0014 0.0106 1.0200e+00 -1.270e+04 192.65 0.001 
-0.0014 0.0110 1.0200e+00 -1.314e+04 195.48 0.002 
-0.0014 0.0114 1.0200e+00 -1.359e+04 198.22 0.002 
-0.0014 0.0118 1.0200e+00 -1.406e+04 201.03 0.001 
-0.0014 0.0122 1.0200e+00 -1.456e+04 203.97 0.001 
-0.0014 0.0126 1.0200e+00 -1.509e+04 207.01 0.002 
-0.0014 0.0130 1.0200e+00 -1.565e+04 210.07 0.002 
-0.0014 0.0134 1.0200e+00 -1.625e+04 213.25 0.002 
-0.0014 0.0138 1.0200e+00 -1.687e+04 216.46 0.003 
-0.0014 0.0142 1.0200e+00 -1.751e+04 219.74 0.004 
-0.0014 0.0146 1.0200e+00 -1.815e+04 223.14 0.004 
-0.0014 0.0150 1.0200e+00 -1.880e+04 226.50 0.005 
-0.0014 0.0154 1.0200e+00 -1.945e+04 229.81 0.006 
-0.0014 0.0158 1.0200e+00 -2.012e+04 233.18 0.007 
-0.0010 0.0002 1.0200e+00 -7.856e+03 158.33 0.000 
-0.0010 0.0006 1.0200e+00 -7.898e+03 158.82 0.000 
-0.0010 0.0010 1.0200e+00 -7.957e+03 159.47 0.000 
-0.0010 0.0014 1.0200e+00 -8.034e+03 160.22 0.000 
-0.0010 0.0018 1.0200e+00 -8.133e+03 161.15 0.000 
-0.0010 0.0022 1.0200e+00 -8.253e+03 162.24 0.000 
-0.0010 0.0026 1.0200e+00 -8.392e+03 163.44 0.000 
-0.0010 0.0030 1.0200e+00 -8.549e+03 164.71 0.000 
-0.0010 0.0034 1.0200e+00 -8.723e+03 166.08 0.000 
-0.0010 0.0038 1.0200e+00 -8.910e+03 167.50 0.000 
-0.0010 0.0042 1.0200e+00 -9.112e+03 169.01 0.000 
-0.0010 0.0046 1.0200e+00 -9.334e+03 170.69 0.001 
-0.0010 0.0050 1.0200e+00 -9.577e+03 172.48 0.000 
-0.0010 0.0054 1.0200e+00 -9.843e+03 174.41 0.000 
-0.0010 0.0058 1.0200e+00 -1.013e+04 176.47 0.000 
-0.0010 0.0062 1.0200e+00 -1.043e+04 178.63 0.000 
-0.0010 0.0066 1.0200e+00 -1.075e+04 180.74 0.002 
-0.0010 0.0070 1.0200e+00 -1.107e+04 182.81 0.000 
-0.0010 0.0074 1.0200e+00 -1.140e+04 184.84 0.000 
-0.0010 0.0078 1.0200e+00 -1.174e+04 186.90 0.001 
-0.0010 0.0082 1.0200e+00 -1.210e+04 189.04 0.001 
-0.0010 0.0086 1.0200e+00 -1.249e+04 191.26 0.001 
-0.0010 0.0090 1.0200e+00 -1.290e+04 193.65 0.001 
-0.0010 0.0094 1.0200e+00 -1.334e+04 196.27 0.001 
-0.0010 0.0098 1.0200e+00 -1.379e+04 198.91 0.002 
-0.0010 0.0102 1.0200e+00 -1.426e+04 201.70 0.001 
-0.0010 0.0106 1.0200e+00 -1.474e+04 204.48 0.002 
-0.0010 0.0110 1.0200e+00 -1.523e+04 207.30 0.002 
-0.0010 0.0114 1.0200e+00 -1.575e+04 210.16 0.002 
-0.0010 0.0118 1.0200e+00 -1.630e+04 213.07 0.002 
-0.0010 0.0122 1.0200e+00 -1.689e+04 216.03 0.003 
-0.0010 0.0126 1.0200e+00 -1.751e+04 219.14 0.004 
-0.0010 0.0130 1.0200e+00 -1.815e+04 222.41 0.004 
-0.0010 0.0134 1.0200e+00 -1.881e+04 225.77 0.005 
-0.0010 0.0138 1.0200e+00 -1.948e+04 229.13 0.006 
-0.0010 0.0142 1.0200e+00 -2.015e+04 232.47 0.008 
-0.0010 0.0146 1.0200e+00 -2.082e+04 235.87 0.008 
-0.0010 0.0150 1.0200e+00 -2.149e+04 239.23 0.008 
-0.0010 0.0154 1.0200e+00 -2.220e+04 242.64 0.011 
-0.0010 0.0158 1.0200e+00 -2.295e+04 246.17 0.013 
-0.0006 0.0002 1.0200e+00 -8.404e+03 163.26 0.000 
-0.0006 0.0006 1.0200e+00 -8.523e+03 164.34 0.000 
-0.0006 0.0010 1.0200e+00 -8.663e+03 165.64 0.000 
-0.0006 0.0014 1.0200e+00 -8.829e+03 167.11 0.000 
-0.0006 0.0018 1.0200e+00 -9.017e+03 168.65 0.000 
-0.0006 0.0022 1.0200e+00 -9.226e+03 170.30 0.000 
-0.0006 0.0026 1.0200e+00 -9.450e+03 171.97 0.001 
-0.0006 0.0030 1.0200e+00 -9.692e+03 173.71 0.000 
-0.0006 0.0034 1.0200e+00 -9.946e+03 175.52 0.001 
-0.0006 0.0038 1.0200e+00 -1.022e+04 177.47 0.000 
-0.0006 0.0042 1.0200e+00 -1.051e+04 179.51 0.002 
-0.0006 0.0046 1.0200e+00 -1.083e+04 181.73 0.001 
-0.0006 0.0050 1.0200e+00 -1.116e+04 183.97 0.001 
-0.0006 0.0054 1.0200e+00 -1.151e+04 186.24 0.002 
-0.0006 0.0058 1.0200e+00 -1.187e+04 188.43 0.001 
-0.0006 0.0062 1.0200e+00 -1.223e+04 190.53 0.001 
-0.0006 0.0066 1.0200e+00 -1.260e+04 192.54 0.001 
-0.0006 0.0070 1.0200e+00 -1.298e+04 194.53 0.001 
-0.0006 0.0074 1.0200e+00 -1.337e+04 196.73 0.000 
-0.0006 0.0078 1.0200e+00 -1.379e+04 198.91 0.001 
-0.0006 0.0082 1.0200e+00 -1.423e+04 201.34 0.004 
-0.0006 0.0086 1.0200e+00 -1.469e+04 203.85 0.001 
-0.0006 0.0090 1.0200e+00 -1.518e+04 206.51 0.002 
-0.0006 0.0094 1.0200e+00 -1.568e+04 209.23 0.003 
-0.0006 0.0098 1.0200e+00 -1.619e+04 211.97 0.003 
-0.0006 0.0102 1.0200e+00 -1.671e+04 214.69 0.003 
-0.0006 0.0106 1.0200e+00 -1.724e+04 217.43 0.004 
-0.0006 0.0110 1.0200e+00 -1.780e+04 220.23 0.004 
-0.0006 0.0114 1.0200e+00 -1.839e+04 223.14 0.004 
-0.0006 0.0118 1.0200e+00 -1.902e+04 226.18 0.005 
-0.0006 0.0122 1.0200e+00 -1.969e+04 229.39 0.007 
-0.0006 0.0126 1.0200e+00 -2.037e+04 232.70 0.008 
-0.0006 0.0130 1.0200e+00 -2.105e+04 236.13 0.008 
-0.0006 0.0134 1.0200e+00 -2.173e+04 239.49 0.009 
-0.0006 0.0138 1.0200e+00 -2.242e+04 242.75 0.012 
-0.0006 0.0142 1.0200e+00 -2.311e+04 246.02 0.014 
-0.0006 0.0146 1.0200e+00 -2.382e+04 249.38 0.014 
-0.0006 0.0150 1.0200e+00 -2.457e+04 252.84 0.015 
-0.0006 0.0154 1.0200e+00 -2.537e+04 256.40 0.020 
-0.0006 0.0158 1.0200e+00 -2.620e+04 260.20 0.021 
-0.0002 0.0002 1.0200e+00 -9.263e+03 170.38 0.001 
-0.0002 0.0006 1.0200e+00 -9.495e+03 172.39 0.002 
-0.0002 0.0010 1.0200e+00 -9.755e+03 174.51 0.001 
-0.0002 0.0014 1.0200e+00 -1.004e+04 176.76 0.000 
-0.0002 0.0018 1.0200e+00 -1.035e+04 179.04 0.001 
-0.0002 0.0022 1.0200e+00 -1.067e+04 181.30 0.001 
-0.0002 0.0026 1.0200e+00 -1.100e+04 183.62 0.001 
-0.0002 0.0030 1.0200e+00 -1.135e+04 185.98 0.001 
-0.0002 0.0034 1.0200e+00 -1.171e+04 188.40 0.001 
-0.0002 0.0038 1.0200e+00 -1.210e+04 190.85 0.001 
-0.0002 0.0042 1.0200e+00 -1.250e+04 193.28 0.001 
-0.0002 0.0046 1.0200e+00 -1.291e+04 195.65 0.002 
-0.0002 0.0050 1.0200e+00 -1.332e+04 197.90 0.002 
-0.0002 0.0054 1.0200e+00 -1.374e+04 199.98 0.003 
-0.0002 0.0058 1.0200e+00 -1.415e+04 202.00 0.003 
-0.0002 0.0062 1.0200e+00 -1.456e+04 203.96 0.003 
-0.0002 0.0066 1.0200e+00 -1.498e+04 205.97 0.003 
-0.0002 0.0070 1.0200e+00 -1.542e+04 208.13 0.003 
-0.0002 0.0074 1.0200e+00 -1.589e+04 210.37 0.004 
-0.0002 0.0078 1.0200e+00 -1.638e+04 212.82 0.004 
-0.0002 0.0082 1.0200e+00 -1.689e+04 215.39 0.005 
-0.0002 0.0086 1.0200e+00 -1.741e+04 218.05 0.005 
-0.0002 0.0090 1.0200e+00 -1.794e+04 220.64 0.005 
-0.0002 0.0094 1.0200e+00 -1.847e+04 223.20 0.006 
-0.0002 0.0098 1.0200e+00 -1.901e+04 225.74 0.006 
-0.0002 0.0102 1.0200e+00 -1.957e+04 228.35 0.007 
-0.0002 0.0106 1.0200e+00 -2.017e+04 231.10 0.007 
-0.0002 0.0110 1.0200e+00 -2.079e+04 234.01 0.008 
-0.0002 0.0114 1.0200e+00 -2.146e+04 237.16 0.009 
-0.0002 0.0118 1.0200e+00 -2.215e+04 240.38 0.011 
-0.0002 0.0122 1.0200e+00 -2.285e+04 243.70 0.014 
-0.0002 0.0126 1.0200e+00 -2.355e+04 247.00 0.015 
-0.0002 0.0130 1.0200e+00 -2.424e+04 250.27 0.014 
-0.0002 0.0134 1.0200e+00 -2.494e+04 253.46 0.016 
-0.0002 0.0138 1.0200e+00 -2.567e+04 256.65 0.021 
-0.0002 0.0142 1.0200e+00 -2.642e+04 259.95 0.023 
-0.0002 0.0146 1.0200e+00 -2.720e+04 263.41 0.022 
-0.0002 0.0150 1.0200e+00 -2.804e+04 267.00 0.027 
-0.0002 0.0154 1.0200e+00 -2.892e+04 270.79 0.033 
-0.0002 0.0158 1.0200e+00 -2.977e+04 274.61 0.032 
