-0.0078 0.0002 5.1155e-01 -1.988e+02 0.28063 0.747 0.13842 0.14221 
-0.0078 0.0006 5.0659e-01 -1.992e+02 0.28043 0.744 0.13832 0.14211 
-0.0078 0.0010 5.0153e-01 -1.995e+02 0.28024 0.740 0.13822 0.14202 
-0.0078 0.0014 4.9642e-01 -2.001e+02 0.28019 0.736 0.13818 0.14201 
-0.0078 0.0018 4.9126e-01 -2.006e+02 0.28016 0.733 0.13814 0.14202 
-0.0078 0.0022 4.8606e-01 -2.012e+02 0.28013 0.730 0.13811 0.14202 
-0.0078 0.0026 4.8084e-01 -2.019e+02 0.28017 0.728 0.13811 0.14207 
-0.0078 0.0030 4.7558e-01 -2.026e+02 0.28030 0.725 0.13815 0.14216 
-0.0078 0.0034 4.7029e-01 -2.034e+02 0.28056 0.723 0.13825 0.14231 
-0.0078 0.0038 4.6497e-01 -2.042e+02 0.28087 0.721 0.13837 0.14250 
-0.0078 0.0042 4.5962e-01 -2.051e+02 0.28121 0.720 0.13851 0.14270 
-0.0078 0.0046 4.5428e-01 -2.059e+02 0.28157 0.718 0.13865 0.14291 
-0.0078 0.0050 4.4890e-01 -2.069e+02 0.28201 0.718 0.13884 0.14317 
-0.0078 0.0054 4.4351e-01 -2.078e+02 0.28247 0.717 0.13904 0.14344 
-0.0078 0.0058 4.3812e-01 -2.087e+02 0.28296 0.716 0.13925 0.14371 
-0.0078 0.0062 4.3273e-01 -2.097e+02 0.28356 0.716 0.13951 0.14405 
-0.0078 0.0066 4.2735e-01 -2.106e+02 0.28411 0.715 0.13975 0.14435 
-0.0078 0.0070 4.2198e-01 -2.115e+02 0.28461 0.715 0.13998 0.14463 
-0.0078 0.0074 4.1663e-01 -2.125e+02 0.28513 0.715 0.14021 0.14492 
-0.0078 0.0078 4.1135e-01 -2.133e+02 0.28555 0.715 0.14039 0.14515 
-0.0078 0.0082 4.0612e-01 -2.142e+02 0.28593 0.715 0.14056 0.14537 
-0.0078 0.0086 4.0100e-01 -2.149e+02 0.28618 0.715 0.14067 0.14551 
-0.0078 0.0090 3.9598e-01 -2.157e+02 0.28656 0.714 0.14086 0.14571 
-0.0078 0.0094 3.9109e-01 -2.163e+02 0.28699 0.714 0.14107 0.14593 
-0.0078 0.0098 3.8635e-01 -2.169e+02 0.28747 0.714 0.14130 0.14617 
-0.0078 0.0102 3.8179e-01 -2.174e+02 0.28790 0.713 0.14153 0.14638 
-0.0078 0.0106 3.7741e-01 -2.178e+02 0.28824 0.713 0.14171 0.14653 
-0.0078 0.0110 3.7324e-01 -2.180e+02 0.28841 0.712 0.14181 0.14660 
-0.0078 0.0114 3.6928e-01 -2.182e+02 0.28853 0.711 0.14190 0.14663 
-0.0078 0.0118 3.6553e-01 -2.184e+02 0.28866 0.710 0.14199 0.14666 
-0.0074 0.0002 4.9424e-01 -2.004e+02 0.28140 0.741 0.13879 0.14261 
-0.0074 0.0006 4.8935e-01 -2.007e+02 0.28118 0.737 0.13868 0.14250 
-0.0074 0.0010 4.8442e-01 -2.011e+02 0.28105 0.734 0.13860 0.14245 
-0.0074 0.0014 4.7943e-01 -2.016e+02 0.28097 0.731 0.13855 0.14242 
-0.0074 0.0018 4.7441e-01 -2.021e+02 0.28092 0.727 0.13851 0.14241 
-0.0074 0.0022 4.6935e-01 -2.027e+02 0.28096 0.724 0.13851 0.14245 
-0.0074 0.0026 4.6423e-01 -2.033e+02 0.28107 0.722 0.13854 0.14253 
-0.0074 0.0030 4.5910e-01 -2.040e+02 0.28123 0.719 0.13860 0.14263 
-0.0074 0.0034 4.5392e-01 -2.048e+02 0.28144 0.718 0.13867 0.14276 
-0.0074 0.0038 4.4871e-01 -2.056e+02 0.28168 0.716 0.13877 0.14291 
-0.0074 0.0042 4.4348e-01 -2.064e+02 0.28198 0.715 0.13888 0.14310 
-0.0074 0.0046 4.3823e-01 -2.072e+02 0.28236 0.714 0.13904 0.14332 
-0.0074 0.0050 4.3294e-01 -2.082e+02 0.28282 0.714 0.13924 0.14358 
-0.0074 0.0054 4.2763e-01 -2.091e+02 0.28339 0.713 0.13949 0.14390 
-0.0074 0.0058 4.2232e-01 -2.100e+02 0.28394 0.713 0.13974 0.14421 
-0.0074 0.0062 4.1701e-01 -2.109e+02 0.28443 0.712 0.13995 0.14448 
-0.0074 0.0066 4.1170e-01 -2.119e+02 0.28489 0.713 0.14015 0.14474 
-0.0074 0.0070 4.0643e-01 -2.128e+02 0.28532 0.713 0.14034 0.14499 
-0.0074 0.0074 4.0125e-01 -2.136e+02 0.28567 0.713 0.14049 0.14518 
-0.0074 0.0078 3.9613e-01 -2.144e+02 0.28597 0.712 0.14062 0.14535 
-0.0074 0.0082 3.9111e-01 -2.151e+02 0.28620 0.712 0.14073 0.14547 
-0.0074 0.0086 3.8622e-01 -2.158e+02 0.28658 0.711 0.14090 0.14567 
-0.0074 0.0090 3.8146e-01 -2.164e+02 0.28706 0.712 0.14115 0.14591 
-0.0074 0.0094 3.7687e-01 -2.169e+02 0.28753 0.711 0.14138 0.14615 
-0.0074 0.0098 3.7244e-01 -2.173e+02 0.28794 0.711 0.14160 0.14634 
-0.0074 0.0102 3.6825e-01 -2.177e+02 0.28817 0.711 0.14173 0.14644 
-0.0074 0.0106 3.6426e-01 -2.179e+02 0.28835 0.710 0.14184 0.14651 
-0.0074 0.0110 3.6049e-01 -2.181e+02 0.28850 0.709 0.14194 0.14655 
-0.0074 0.0114 3.6000e-01 -1.959e+02 0.27209 0.310 0.13646 0.13564 
-0.0074 0.0118 3.6000e-01 -1.813e+02 0.26084 0.167 0.13299 0.12785 
-0.0070 0.0002 4.7733e-01 -2.020e+02 0.28218 0.734 0.13917 0.14302 
-0.0070 0.0006 4.7258e-01 -2.023e+02 0.28199 0.731 0.13907 0.14292 
-0.0070 0.0010 4.6778e-01 -2.027e+02 0.28192 0.727 0.13903 0.14290 
-0.0070 0.0014 4.6291e-01 -2.031e+02 0.28185 0.724 0.13898 0.14287 
-0.0070 0.0018 4.5799e-01 -2.036e+02 0.28183 0.721 0.13895 0.14288 
-0.0070 0.0022 4.5303e-01 -2.042e+02 0.28189 0.719 0.13897 0.14293 
-0.0070 0.0026 4.4802e-01 -2.049e+02 0.28199 0.716 0.13899 0.14300 
-0.0070 0.0030 4.4299e-01 -2.056e+02 0.28208 0.714 0.13901 0.14307 
-0.0070 0.0034 4.3788e-01 -2.063e+02 0.28228 0.714 0.13909 0.14319 
-0.0070 0.0038 4.3275e-01 -2.071e+02 0.28255 0.712 0.13919 0.14336 
-0.0070 0.0042 4.2756e-01 -2.079e+02 0.28291 0.711 0.13934 0.14357 
-0.0070 0.0046 4.2237e-01 -2.088e+02 0.28335 0.710 0.13953 0.14382 
-0.0070 0.0050 4.1711e-01 -2.097e+02 0.28383 0.709 0.13974 0.14409 
-0.0070 0.0054 4.1187e-01 -2.106e+02 0.28429 0.709 0.13994 0.14435 
-0.0070 0.0058 4.0663e-01 -2.115e+02 0.28471 0.710 0.14012 0.14459 
-0.0070 0.0062 4.0141e-01 -2.123e+02 0.28511 0.709 0.14030 0.14482 
-0.0070 0.0066 3.9622e-01 -2.132e+02 0.28552 0.709 0.14048 0.14505 
-0.0070 0.0070 3.9109e-01 -2.140e+02 0.28588 0.709 0.14063 0.14524 
-0.0070 0.0074 3.8608e-01 -2.147e+02 0.28616 0.709 0.14076 0.14539 
-0.0070 0.0078 3.8116e-01 -2.154e+02 0.28649 0.709 0.14092 0.14557 
-0.0070 0.0082 3.7639e-01 -2.161e+02 0.28687 0.709 0.14110 0.14577 
-0.0070 0.0086 3.7177e-01 -2.166e+02 0.28728 0.709 0.14131 0.14597 
-0.0070 0.0090 3.6735e-01 -2.171e+02 0.28766 0.709 0.14151 0.14615 
-0.0070 0.0094 3.6312e-01 -2.174e+02 0.28796 0.709 0.14167 0.14629 
-0.0070 0.0098 3.5999e-01 -2.088e+02 0.28158 0.481 0.13943 0.14215 
-0.0070 0.0102 3.6000e-01 -1.876e+02 0.26574 0.229 0.13448 0.13127 
-0.0070 0.0106 3.6000e-01 -1.739e+02 0.25507 0.124 0.13125 0.12382 
-0.0070 0.0110 3.6000e-01 -1.633e+02 0.24650 0.087 0.12897 0.11753 
-0.0070 0.0114 3.6000e-01 -1.551e+02 0.23972 0.061 0.12702 0.11270 
-0.0070 0.0118 3.6000e-01 -1.485e+02 0.23417 0.044 0.12541 0.10876 
-0.0066 0.0002 4.6095e-01 -2.037e+02 0.28333 0.728 0.13973 0.14360 
-0.0066 0.0006 4.5632e-01 -2.040e+02 0.28316 0.725 0.13964 0.14352 
-0.0066 0.0010 4.5160e-01 -2.044e+02 0.28301 0.721 0.13955 0.14345 
-0.0066 0.0014 4.4682e-01 -2.049e+02 0.28292 0.719 0.13950 0.14342 
-0.0066 0.0018 4.4201e-01 -2.054e+02 0.28286 0.715 0.13945 0.14341 
-0.0066 0.0022 4.3711e-01 -2.059e+02 0.28291 0.714 0.13946 0.14345 
-0.0066 0.0026 4.3217e-01 -2.066e+02 0.28299 0.712 0.13948 0.14351 
-0.0066 0.0030 4.2717e-01 -2.072e+02 0.28313 0.710 0.13953 0.14360 
-0.0066 0.0034 4.2211e-01 -2.080e+02 0.28335 0.709 0.13961 0.14374 
-0.0066 0.0038 4.1699e-01 -2.088e+02 0.28363 0.708 0.13973 0.14391 
-0.0066 0.0042 4.1184e-01 -2.096e+02 0.28401 0.707 0.13988 0.14413 
-0.0066 0.0046 4.0666e-01 -2.105e+02 0.28447 0.707 0.14009 0.14438 
-0.0066 0.0050 4.0146e-01 -2.113e+02 0.28493 0.707 0.14029 0.14464 
-0.0066 0.0054 3.9627e-01 -2.122e+02 0.28533 0.706 0.14047 0.14487 
-0.0066 0.0058 3.9110e-01 -2.130e+02 0.28571 0.706 0.14063 0.14508 
-0.0066 0.0062 3.8599e-01 -2.138e+02 0.28602 0.706 0.14077 0.14525 
-0.0066 0.0066 3.8095e-01 -2.146e+02 0.28629 0.707 0.14089 0.14540 
-0.0066 0.0070 3.7602e-01 -2.153e+02 0.28650 0.707 0.14098 0.14551 
-0.0066 0.0074 3.7122e-01 -2.160e+02 0.28676 0.707 0.14111 0.14565 
-0.0066 0.0078 3.6660e-01 -2.165e+02 0.28698 0.705 0.14122 0.14576 
-0.0066 0.0082 3.6212e-01 -2.170e+02 0.28736 0.706 0.14142 0.14594 
-0.0066 0.0086 3.6000e-01 -2.003e+02 0.27512 0.364 0.13728 0.13784 
-0.0066 0.0090 3.6000e-01 -1.811e+02 0.26074 0.171 0.13291 0.12783 
-0.0066 0.0094 3.6000e-01 -1.678e+02 0.25022 0.102 0.12991 0.12031 
-0.0066 0.0098 3.6000e-01 -1.576e+02 0.24183 0.065 0.12752 0.11431 
-0.0066 0.0102 3.6000e-01 -1.495e+02 0.23505 0.045 0.12560 0.10945 
-0.0066 0.0106 3.6000e-01 -1.430e+02 0.22948 0.032 0.12384 0.10564 
-0.0066 0.0110 3.6001e-01 -1.376e+02 0.22478 0.023 0.12231 0.10247 
-0.0066 0.0114 3.6000e-01 -1.331e+02 0.22081 0.019 0.12125 0.09956 
-0.0066 0.0118 3.6000e-01 -1.293e+02 0.21762 0.014 0.11994 0.09768 
-0.0062 0.0002 4.4510e-01 -2.056e+02 0.28429 0.722 0.14019 0.14410 
-0.0062 0.0006 4.4056e-01 -2.058e+02 0.28402 0.718 0.14006 0.14397 
-0.0062 0.0010 4.3591e-01 -2.062e+02 0.28383 0.716 0.13995 0.14388 
-0.0062 0.0014 4.3121e-01 -2.067e+02 0.28376 0.713 0.13991 0.14386 
-0.0062 0.0018 4.2641e-01 -2.072e+02 0.28381 0.712 0.13992 0.14390 
-0.0062 0.0022 4.2154e-01 -2.078e+02 0.28390 0.709 0.13995 0.14396 
-0.0062 0.0026 4.1661e-01 -2.084e+02 0.28403 0.708 0.13999 0.14404 
-0.0062 0.0030 4.1157e-01 -2.092e+02 0.28431 0.708 0.14011 0.14421 
-0.0062 0.0034 4.0651e-01 -2.100e+02 0.28458 0.706 0.14022 0.14436 
-0.0062 0.0038 4.0140e-01 -2.107e+02 0.28492 0.705 0.14036 0.14456 
-0.0062 0.0042 3.9624e-01 -2.116e+02 0.28531 0.705 0.14053 0.14478 
-0.0062 0.0046 3.9109e-01 -2.124e+02 0.28565 0.705 0.14068 0.14497 
-0.0062 0.0050 3.8595e-01 -2.132e+02 0.28599 0.704 0.14083 0.14516 
-0.0062 0.0054 3.8083e-01 -2.140e+02 0.28630 0.705 0.14097 0.14533 
-0.0062 0.0058 3.7579e-01 -2.148e+02 0.28648 0.704 0.14105 0.14543 
-0.0062 0.0062 3.7085e-01 -2.155e+02 0.28668 0.704 0.14114 0.14554 
-0.0062 0.0066 3.6603e-01 -2.161e+02 0.28689 0.705 0.14124 0.14565 
-0.0062 0.0070 3.6136e-01 -2.166e+02 0.28715 0.703 0.14137 0.14577 
-0.0062 0.0074 3.6000e-01 -1.940e+02 0.27048 0.309 0.13589 0.13459 
-0.0062 0.0078 3.6001e-01 -1.758e+02 0.25673 0.149 0.13184 0.12489 
-0.0062 0.0082 3.6001e-01 -1.627e+02 0.24627 0.089 0.12902 0.11725 
-0.0062 0.0086 3.6000e-01 -1.529e+02 0.23806 0.052 0.12644 0.11162 
-0.0062 0.0090 3.5999e-01 -1.448e+02 0.23118 0.034 0.12434 0.10684 
-0.0062 0.0094 3.6000e-01 -1.383e+02 0.22546 0.025 0.12262 0.10284 
-0.0062 0.0098 3.6000e-01 -1.328e+02 0.22060 0.019 0.12121 0.09939 
-0.0062 0.0102 3.6000e-01 -1.284e+02 0.21667 0.014 0.11966 0.09702 
-0.0062 0.0106 3.6000e-01 -1.246e+02 0.21331 0.011 0.11866 0.09465 
-0.0062 0.0110 3.6000e-01 -1.215e+02 0.21055 0.009 0.11745 0.09310 
-0.0062 0.0114 3.6000e-01 -1.188e+02 0.20814 0.007 0.11659 0.09155 
-0.0062 0.0118 3.6001e-01 -1.166e+02 0.20619 0.006 0.11594 0.09025 
-0.0058 0.0002 4.2979e-01 -2.075e+02 0.28493 0.717 0.14050 0.14443 
-0.0058 0.0006 4.2526e-01 -2.078e+02 0.28480 0.713 0.14043 0.14437 
-0.0058 0.0010 4.2064e-01 -2.082e+02 0.28480 0.712 0.14042 0.14438 
-0.0058 0.0014 4.1592e-01 -2.087e+02 0.28486 0.710 0.14045 0.14442 
-0.0058 0.0018 4.1111e-01 -2.093e+02 0.28497 0.708 0.14049 0.14449 
-0.0058 0.0022 4.0621e-01 -2.099e+02 0.28516 0.708 0.14057 0.14459 
-0.0058 0.0026 4.0125e-01 -2.105e+02 0.28537 0.706 0.14065 0.14472 
-0.0058 0.0030 3.9620e-01 -2.113e+02 0.28562 0.705 0.14076 0.14486 
-0.0058 0.0034 3.9112e-01 -2.120e+02 0.28592 0.704 0.14089 0.14503 
-0.0058 0.0038 3.8601e-01 -2.128e+02 0.28625 0.704 0.14104 0.14521 
-0.0058 0.0042 3.8089e-01 -2.135e+02 0.28654 0.703 0.14117 0.14537 
-0.0058 0.0046 3.7578e-01 -2.143e+02 0.28682 0.703 0.14130 0.14552 
-0.0058 0.0050 3.7074e-01 -2.151e+02 0.28703 0.703 0.14139 0.14564 
-0.0058 0.0054 3.6578e-01 -2.157e+02 0.28719 0.702 0.14146 0.14573 
-0.0058 0.0058 3.6092e-01 -2.164e+02 0.28743 0.702 0.14158 0.14585 
-0.0058 0.0062 3.6001e-01 -1.907e+02 0.26827 0.262 0.13524 0.13303 
-0.0058 0.0066 3.5999e-01 -1.725e+02 0.25418 0.128 0.13115 0.12304 
-0.0058 0.0070 3.6000e-01 -1.595e+02 0.24372 0.070 0.12810 0.11562 
-0.0058 0.0074 3.6000e-01 -1.492e+02 0.23507 0.046 0.12580 0.10928 
-0.0058 0.0078 3.6000e-01 -1.411e+02 0.22803 0.031 0.12373 0.10430 
-0.0058 0.0082 3.5999e-01 -1.345e+02 0.22228 0.021 0.12178 0.10050 
-0.0058 0.0086 3.6000e-01 -1.291e+02 0.21737 0.014 0.11994 0.09743 
-0.0058 0.0090 3.5999e-01 -1.245e+02 0.21317 0.011 0.11865 0.09452 
-0.0058 0.0094 3.6001e-01 -1.207e+02 0.20977 0.008 0.11719 0.09257 
-0.0058 0.0098 3.6001e-01 -1.174e+02 0.20681 0.007 0.11625 0.09056 
-0.0058 0.0102 3.6000e-01 -1.148e+02 0.20439 0.005 0.11517 0.08922 
-0.0058 0.0106 3.6001e-01 -1.126e+02 0.20239 0.004 0.11425 0.08814 
-0.0058 0.0110 3.6000e-01 -1.107e+02 0.20075 0.004 0.11361 0.08714 
-0.0058 0.0114 3.6001e-01 -1.092e+02 0.19943 0.003 0.11309 0.08634 
-0.0058 0.0118 3.6001e-01 -1.081e+02 0.19843 0.003 0.11269 0.08574 
-0.0054 0.0002 4.1494e-01 -2.095e+02 0.28594 0.713 0.14100 0.14494 
-0.0054 0.0006 4.1041e-01 -2.098e+02 0.28588 0.711 0.14097 0.14491 
-0.0054 0.0010 4.0578e-01 -2.102e+02 0.28591 0.709 0.14098 0.14493 
-0.0054 0.0014 4.0102e-01 -2.107e+02 0.28603 0.707 0.14103 0.14499 
-0.0054 0.0018 3.9617e-01 -2.113e+02 0.28623 0.705 0.14112 0.14510 
-0.0054 0.0022 3.9124e-01 -2.119e+02 0.28639 0.705 0.14119 0.14520 
-0.0054 0.0026 3.8621e-01 -2.126e+02 0.28667 0.704 0.14132 0.14535 
-0.0054 0.0030 3.8117e-01 -2.133e+02 0.28693 0.703 0.14144 0.14549 
-0.0054 0.0034 3.7610e-01 -2.140e+02 0.28722 0.703 0.14157 0.14565 
-0.0054 0.0038 3.7102e-01 -2.148e+02 0.28752 0.703 0.14172 0.14580 
-0.0054 0.0042 3.6595e-01 -2.155e+02 0.28776 0.703 0.14183 0.14593 
-0.0054 0.0046 3.6098e-01 -2.162e+02 0.28793 0.702 0.14191 0.14602 
-0.0054 0.0050 3.6000e-01 -1.899e+02 0.26831 0.252 0.13541 0.13291 
-0.0054 0.0054 3.6000e-01 -1.710e+02 0.25352 0.127 0.13119 0.12232 
-0.0054 0.0058 3.5999e-01 -1.576e+02 0.24252 0.068 0.12796 0.11456 
-0.0054 0.0062 3.6000e-01 -1.471e+02 0.23359 0.042 0.12542 0.10818 
-0.0054 0.0066 3.6001e-01 -1.388e+02 0.22635 0.027 0.12311 0.10324 
-0.0054 0.0070 3.5999e-01 -1.319e+02 0.22026 0.018 0.12121 0.09905 
-0.0054 0.0074 3.6000e-01 -1.262e+02 0.21507 0.013 0.11944 0.09563 
-0.0054 0.0078 3.6002e-01 -1.215e+02 0.21069 0.009 0.11762 0.09307 
-0.0054 0.0082 3.6000e-01 -1.175e+02 0.20697 0.007 0.11640 0.09058 
-0.0054 0.0086 3.6001e-01 -1.142e+02 0.20395 0.005 0.11503 0.08892 
-0.0054 0.0090 3.5999e-01 -1.115e+02 0.20139 0.004 0.11393 0.08746 
-0.0054 0.0094 3.6002e-01 -1.091e+02 0.19917 0.003 0.11308 0.08608 
-0.0054 0.0098 3.6002e-01 -1.072e+02 0.19737 0.003 0.11227 0.08510 
-0.0054 0.0102 3.6002e-01 -1.057e+02 0.19593 0.002 0.11154 0.08439 
-0.0054 0.0106 3.6000e-01 -1.045e+02 0.19484 0.002 0.11099 0.08385 
-0.0054 0.0110 3.6000e-01 -1.035e+02 0.19402 0.002 0.11058 0.08344 
-0.0054 0.0114 3.6000e-01 -1.028e+02 0.19345 0.002 0.11028 0.08317 
-0.0054 0.0118 3.6001e-01 -1.024e+02 0.19310 0.002 0.11010 0.08300 
-0.0050 0.0002 4.0098e-01 -2.100e+02 0.28621 0.677 0.14092 0.14530 
-0.0050 0.0006 3.9638e-01 -2.104e+02 0.28625 0.674 0.14094 0.14531 
-0.0050 0.0010 3.9166e-01 -2.109e+02 0.28638 0.669 0.14100 0.14538 
-0.0050 0.0014 3.8682e-01 -2.115e+02 0.28657 0.667 0.14108 0.14549 
-0.0050 0.0018 3.8192e-01 -2.121e+02 0.28671 0.665 0.14114 0.14557 
-0.0050 0.0022 3.7696e-01 -2.127e+02 0.28691 0.663 0.14123 0.14568 
-0.0050 0.0026 3.7157e-01 -2.146e+02 0.28802 0.704 0.14204 0.14598 
-0.0050 0.0030 3.6652e-01 -2.153e+02 0.28828 0.703 0.14217 0.14611 
-0.0050 0.0034 3.6150e-01 -2.160e+02 0.28849 0.702 0.14227 0.14622 
-0.0050 0.0038 3.6000e-01 -1.916e+02 0.27031 0.290 0.13625 0.13406 
-0.0050 0.0042 3.5999e-01 -1.717e+02 0.25481 0.130 0.13169 0.12312 
-0.0050 0.0046 3.6002e-01 -1.575e+02 0.24308 0.070 0.12831 0.11476 
-0.0050 0.0050 3.5999e-01 -1.465e+02 0.23362 0.042 0.12552 0.10810 
-0.0050 0.0054 3.6000e-01 -1.378e+02 0.22584 0.025 0.12299 0.10285 
-0.0050 0.0058 3.6000e-01 -1.305e+02 0.21937 0.017 0.12090 0.09847 
-0.0050 0.0062 3.5999e-01 -1.245e+02 0.21385 0.011 0.11909 0.09475 
-0.0050 0.0066 3.6000e-01 -1.196e+02 0.20920 0.008 0.11723 0.09198 
-0.0050 0.0070 3.6000e-01 -1.154e+02 0.20518 0.006 0.11568 0.08950 
-0.0050 0.0074 3.6001e-01 -1.119e+02 0.20181 0.004 0.11417 0.08764 
-0.0050 0.0078 3.6000e-01 -1.089e+02 0.19898 0.003 0.11311 0.08587 
-0.0050 0.0082 3.5999e-01 -1.064e+02 0.19665 0.003 0.11198 0.08467 
-0.0050 0.0086 3.6000e-01 -1.044e+02 0.19471 0.002 0.11101 0.08369 
-0.0050 0.0090 3.6001e-01 -1.028e+02 0.19309 0.002 0.11021 0.08288 
-0.0050 0.0094 3.6001e-01 -1.015e+02 0.19183 0.002 0.10965 0.08218 
-0.0050 0.0098 3.6001e-01 -1.004e+02 0.19092 0.001 0.10907 0.08186 
-0.0050 0.0102 3.6002e-01 -9.969e+01 0.19027 0.000 0.10876 0.08151 
-0.0050 0.0106 3.6000e-01 -9.920e+01 0.18988 0.000 0.10857 0.08131 
-0.0050 0.0110 3.6001e-01 -9.892e+01 0.18972 0.000 0.10848 0.08124 
-0.0050 0.0114 3.6000e-01 -9.886e+01 0.18980 0.000 0.10850 0.08130 
-0.0050 0.0118 3.6001e-01 -9.898e+01 0.19003 0.000 0.10859 0.08144 
-0.0046 0.0002 3.8713e-01 -2.114e+02 0.28684 0.669 0.14120 0.14564 
-0.0046 0.0006 3.8246e-01 -2.118e+02 0.28692 0.667 0.14124 0.14568 
-0.0046 0.0010 3.7769e-01 -2.123e+02 0.28705 0.665 0.14130 0.14575 
-0.0046 0.0014 3.7284e-01 -2.128e+02 0.28713 0.664 0.14134 0.14579 
-0.0046 0.0018 3.6791e-01 -2.134e+02 0.28730 0.663 0.14142 0.14588 
-0.0046 0.0022 3.6295e-01 -2.139e+02 0.28750 0.661 0.14152 0.14599 
-0.0046 0.0026 3.6000e-01 -1.978e+02 0.27543 0.308 0.13740 0.13802 
-0.0046 0.0030 3.6000e-01 -1.751e+02 0.25805 0.127 0.13224 0.12581 
-0.0046 0.0034 3.6000e-01 -1.596e+02 0.24542 0.061 0.12860 0.11683 
-0.0046 0.0038 3.6000e-01 -1.477e+02 0.23526 0.035 0.12568 0.10958 
-0.0046 0.0042 3.6000e-01 -1.382e+02 0.22687 0.020 0.12308 0.10379 
-0.0046 0.0046 3.6000e-01 -1.305e+02 0.21975 0.013 0.12074 0.09902 
-0.0046 0.0050 3.6002e-01 -1.241e+02 0.21376 0.009 0.11869 0.09507 
-0.0046 0.0054 3.6000e-01 -1.187e+02 0.20864 0.007 0.11715 0.09149 
-0.0046 0.0058 3.6000e-01 -1.142e+02 0.20429 0.005 0.11532 0.08897 
-0.0046 0.0062 3.6002e-01 -1.104e+02 0.20059 0.004 0.11379 0.08680 
-0.0046 0.0066 3.6000e-01 -1.073e+02 0.19751 0.003 0.11247 0.08504 
-0.0046 0.0070 3.6001e-01 -1.046e+02 0.19489 0.002 0.11115 0.08374 
-0.0046 0.0074 3.6000e-01 -1.024e+02 0.19273 0.002 0.11013 0.08260 
-0.0046 0.0078 3.6000e-01 -1.006e+02 0.19094 0.001 0.10916 0.08177 
-0.0046 0.0082 3.6000e-01 -9.916e+01 0.18956 0.001 0.10856 0.08099 
-0.0046 0.0086 3.6001e-01 -9.802e+01 0.18848 0.001 0.10775 0.08073 
-0.0046 0.0090 3.6001e-01 -9.719e+01 0.18772 0.001 0.10733 0.08038 
-0.0046 0.0094 3.6001e-01 -9.659e+01 0.18721 0.000 0.10705 0.08016 
-0.0046 0.0098 3.6001e-01 -9.625e+01 0.18695 0.001 0.10698 0.07997 
-0.0046 0.0102 3.6000e-01 -9.612e+01 0.18692 0.001 0.10696 0.07996 
-0.0046 0.0106 3.5999e-01 -9.622e+01 0.18716 0.000 0.10698 0.08018 
-0.0046 0.0110 3.6001e-01 -9.648e+01 0.18753 0.000 0.10715 0.08038 
-0.0046 0.0114 3.6001e-01 -9.694e+01 0.18808 0.001 0.10743 0.08065 
-0.0046 0.0118 3.6000e-01 -9.756e+01 0.18881 0.001 0.10780 0.08101 
-0.0042 0.0002 3.7371e-01 -2.127e+02 0.28752 0.666 0.14152 0.14600 
-0.0042 0.0006 3.6900e-01 -2.132e+02 0.28756 0.664 0.14154 0.14602 
-0.0042 0.0010 3.6419e-01 -2.136e+02 0.28762 0.663 0.14157 0.14604 
-0.0042 0.0014 3.5999e-01 -2.068e+02 0.28240 0.451 0.13971 0.14269 
-0.0042 0.0018 3.6000e-01 -1.802e+02 0.26242 0.152 0.13347 0.12896 
-0.0042 0.0022 3.5998e-01 -1.632e+02 0.24888 0.073 0.12960 0.11928 
-0.0042 0.0026 3.6000e-01 -1.503e+02 0.23801 0.037 0.12642 0.11159 
-0.0042 0.0030 3.6001e-01 -1.401e+02 0.22893 0.024 0.12375 0.10518 
-0.0042 0.0034 3.6000e-01 -1.317e+02 0.22132 0.015 0.12132 0.09999 
-0.0042 0.0038 3.6001e-01 -1.248e+02 0.21483 0.010 0.11904 0.09578 
-0.0042 0.0042 3.6001e-01 -1.190e+02 0.20922 0.006 0.11688 0.09234 
-0.0042 0.0046 3.5999e-01 -1.141e+02 0.20450 0.004 0.11507 0.08943 
-0.0042 0.0050 3.6001e-01 -1.100e+02 0.20040 0.003 0.11333 0.08707 
-0.0042 0.0054 3.6000e-01 -1.065e+02 0.19695 0.002 0.11188 0.08507 
-0.0042 0.0058 3.6001e-01 -1.036e+02 0.19404 0.002 0.11049 0.08355 
-0.0042 0.0062 3.6000e-01 -1.012e+02 0.19162 0.001 0.10934 0.08228 
-0.0042 0.0066 3.6001e-01 -9.918e+01 0.18960 0.001 0.10841 0.08119 
-0.0042 0.0070 3.6001e-01 -9.756e+01 0.18800 0.001 0.10746 0.08054 
-0.0042 0.0074 3.6001e-01 -9.628e+01 0.18676 0.001 0.10674 0.08002 
-0.0042 0.0078 3.6000e-01 -9.530e+01 0.18582 0.000 0.10666 0.07916 
-0.0042 0.0082 3.6000e-01 -9.463e+01 0.18520 0.001 0.10570 0.07949 
-0.0042 0.0086 3.5999e-01 -9.419e+01 0.18482 0.001 0.10550 0.07932 
-0.0042 0.0090 3.6001e-01 -9.397e+01 0.18466 0.001 0.10541 0.07925 
-0.0042 0.0094 3.6001e-01 -9.399e+01 0.18481 0.001 0.10547 0.07934 
-0.0042 0.0098 3.6000e-01 -9.422e+01 0.18518 0.001 0.10565 0.07953 
-0.0042 0.0102 3.6000e-01 -9.461e+01 0.18567 0.000 0.10640 0.07927 
-0.0042 0.0106 3.6000e-01 -9.523e+01 0.18643 0.002 0.10648 0.07994 
-0.0042 0.0110 3.6000e-01 -9.599e+01 0.18729 0.001 0.10699 0.08030 
-0.0042 0.0114 3.6001e-01 -9.692e+01 0.18835 0.001 0.10752 0.08083 
-0.0042 0.0118 3.6000e-01 -9.801e+01 0.18957 0.001 0.10827 0.08130 
-0.0038 0.0002 3.6075e-01 -2.139e+02 0.28804 0.664 0.14178 0.14626 
-0.0038 0.0006 3.6000e-01 -1.872e+02 0.26803 0.203 0.13514 0.13289 
-0.0038 0.0010 3.6000e-01 -1.683e+02 0.25326 0.101 0.13091 0.12235 
-0.0038 0.0014 3.6000e-01 -1.543e+02 0.24176 0.052 0.12760 0.11416 
-0.0038 0.0018 3.6000e-01 -1.433e+02 0.23220 0.027 0.12469 0.10751 
-0.0038 0.0022 3.6001e-01 -1.342e+02 0.22401 0.017 0.12211 0.10190 
-0.0038 0.0026 3.6001e-01 -1.267e+02 0.21703 0.010 0.11975 0.09729 
-0.0038 0.0030 3.6002e-01 -1.204e+02 0.21095 0.007 0.11754 0.09341 
-0.0038 0.0034 3.6000e-01 -1.150e+02 0.20566 0.005 0.11556 0.09010 
-0.0038 0.0038 3.6000e-01 -1.106e+02 0.20114 0.003 0.11359 0.08755 
-0.0038 0.0042 3.6000e-01 -1.067e+02 0.19731 0.002 0.11202 0.08529 
-0.0038 0.0046 3.6000e-01 -1.035e+02 0.19409 0.002 0.11050 0.08360 
-0.0038 0.0050 3.6000e-01 -1.008e+02 0.19140 0.001 0.10922 0.08218 
-0.0038 0.0054 3.6000e-01 -9.859e+01 0.18918 0.001 0.10819 0.08099 
-0.0038 0.0058 3.6000e-01 -9.676e+01 0.18734 0.001 0.10710 0.08024 
-0.0038 0.0062 3.6002e-01 -9.526e+01 0.18581 0.000 0.10672 0.07909 
-0.0038 0.0066 3.6002e-01 -9.416e+01 0.18475 0.001 0.10547 0.07928 
-0.0038 0.0070 3.6000e-01 -9.331e+01 0.18389 0.000 0.10561 0.07828 
-0.0038 0.0074 3.6000e-01 -9.275e+01 0.18337 0.000 0.10517 0.07820 
-0.0038 0.0078 3.6001e-01 -9.244e+01 0.18309 0.000 0.10489 0.07820 
-0.0038 0.0082 3.6001e-01 -9.236e+01 0.18309 0.000 0.10501 0.07808 
-0.0038 0.0086 3.6001e-01 -9.250e+01 0.18338 0.000 0.10513 0.07825 
-0.0038 0.0090 3.6000e-01 -9.286e+01 0.18389 0.000 0.10550 0.07840 
-0.0038 0.0094 3.6001e-01 -9.343e+01 0.18463 0.001 0.10534 0.07929 
-0.0038 0.0098 3.6001e-01 -9.417e+01 0.18548 0.001 0.10585 0.07963 
-0.0038 0.0102 3.6001e-01 -9.506e+01 0.18646 0.002 0.10698 0.07948 
-0.0038 0.0106 3.6001e-01 -9.615e+01 0.18763 0.001 0.10715 0.08048 
-0.0038 0.0110 3.6001e-01 -9.740e+01 0.18897 0.000 0.10782 0.08116 
-0.0038 0.0114 3.6001e-01 -9.881e+01 0.19053 0.001 0.10869 0.08184 
-0.0038 0.0118 3.6000e-01 -1.004e+02 0.19225 0.001 0.10947 0.08278 
-0.0034 0.0002 3.6000e-01 -1.594e+02 0.24628 0.069 0.12893 0.11735 
-0.0034 0.0006 3.6000e-01 -1.476e+02 0.23618 0.037 0.12593 0.11025 
-0.0034 0.0010 3.6000e-01 -1.378e+02 0.22754 0.023 0.12332 0.10422 
-0.0034 0.0014 3.6000e-01 -1.297e+02 0.22006 0.014 0.12085 0.09921 
-0.0034 0.0018 3.5999e-01 -1.228e+02 0.21357 0.009 0.11859 0.09498 
-0.0034 0.0022 3.6000e-01 -1.170e+02 0.20788 0.006 0.11636 0.09152 
-0.0034 0.0026 3.6000e-01 -1.121e+02 0.20296 0.004 0.11437 0.08858 
-0.0034 0.0030 3.6001e-01 -1.079e+02 0.19870 0.003 0.11258 0.08612 
-0.0034 0.0034 3.6000e-01 -1.043e+02 0.19508 0.002 0.11095 0.08413 
-0.0034 0.0038 3.6000e-01 -1.013e+02 0.19203 0.001 0.10949 0.08254 
-0.0034 0.0042 3.6000e-01 -9.881e+01 0.18951 0.001 0.10832 0.08118 
-0.0034 0.0046 3.6001e-01 -9.673e+01 0.18744 0.001 0.10713 0.08030 
-0.0034 0.0050 3.6001e-01 -9.503e+01 0.18570 0.000 0.10665 0.07904 
-0.0034 0.0054 3.6001e-01 -9.372e+01 0.18434 0.001 0.10525 0.07909 
-0.0034 0.0058 3.6001e-01 -9.269e+01 0.18330 0.000 0.10503 0.07827 
-0.0034 0.0062 3.6000e-01 -9.201e+01 0.18260 0.001 0.10413 0.07847 
-0.0034 0.0066 3.6002e-01 -9.154e+01 0.18215 0.000 0.10390 0.07824 
-0.0034 0.0070 3.6001e-01 -9.137e+01 0.18200 0.000 0.10382 0.07818 
-0.0034 0.0074 3.6004e-01 -9.139e+01 0.18211 0.000 0.10389 0.07823 
-0.0034 0.0078 3.6000e-01 -9.169e+01 0.18254 0.001 0.10417 0.07837 
-0.0034 0.0082 3.6000e-01 -9.215e+01 0.18317 0.000 0.10499 0.07818 
-0.0034 0.0086 3.6000e-01 -9.284e+01 0.18402 0.000 0.10551 0.07851 
-0.0034 0.0090 3.6001e-01 -9.373e+01 0.18503 0.001 0.10562 0.07941 
-0.0034 0.0094 3.6000e-01 -9.481e+01 0.18620 0.000 0.10621 0.07999 
-0.0034 0.0098 3.6000e-01 -9.605e+01 0.18750 0.001 0.10708 0.08042 
-0.0034 0.0102 3.6000e-01 -9.746e+01 0.18900 0.001 0.10796 0.08104 
-0.0034 0.0106 3.6000e-01 -9.907e+01 0.19074 0.001 0.10877 0.08198 
-0.0034 0.0110 3.6001e-01 -1.008e+02 0.19266 0.001 0.10966 0.08300 
-0.0034 0.0114 3.6000e-01 -1.028e+02 0.19476 0.002 0.11066 0.08409 
-0.0034 0.0118 3.6000e-01 -1.049e+02 0.19700 0.002 0.11173 0.08527 
-0.0030 0.0002 3.5999e-01 -1.334e+02 0.22375 0.017 0.12202 0.10174 
-0.0030 0.0006 3.6000e-01 -1.261e+02 0.21689 0.011 0.11966 0.09723 
-0.0030 0.0010 3.6001e-01 -1.198e+02 0.21083 0.007 0.11746 0.09337 
-0.0030 0.0014 3.6000e-01 -1.144e+02 0.20552 0.005 0.11548 0.09004 
-0.0030 0.0018 3.6001e-01 -1.098e+02 0.20090 0.003 0.11345 0.08745 
-0.0030 0.0022 3.6000e-01 -1.059e+02 0.19691 0.002 0.11180 0.08510 
-0.0030 0.0026 3.6000e-01 -1.026e+02 0.19346 0.002 0.11015 0.08330 
-0.0030 0.0030 3.6001e-01 -9.980e+01 0.19058 0.001 0.10880 0.08178 
-0.0030 0.0034 3.6001e-01 -9.745e+01 0.18821 0.000 0.10755 0.08066 
-0.0030 0.0038 3.6000e-01 -9.551e+01 0.18625 0.002 0.10715 0.07910 
-0.0030 0.0042 3.6000e-01 -9.398e+01 0.18465 0.001 0.10540 0.07924 
-0.0030 0.0046 3.6000e-01 -9.275e+01 0.18335 0.000 0.10511 0.07824 
-0.0030 0.0050 3.6002e-01 -9.188e+01 0.18244 0.001 0.10405 0.07839 
-0.0030 0.0054 3.6002e-01 -9.127e+01 0.18182 0.000 0.10374 0.07808 
-0.0030 0.0058 3.6000e-01 -9.094e+01 0.18152 0.000 0.10405 0.07747 
-0.0030 0.0062 3.6003e-01 -9.085e+01 0.18146 0.000 0.10393 0.07752 
-0.0030 0.0066 3.6002e-01 -9.103e+01 0.18173 0.000 0.10412 0.07761 
-0.0030 0.0070 3.6000e-01 -9.147e+01 0.18234 0.001 0.10397 0.07837 
-0.0030 0.0074 3.6001e-01 -9.207e+01 0.18314 0.000 0.10497 0.07817 
-0.0030 0.0078 3.6000e-01 -9.291e+01 0.18416 0.000 0.10563 0.07853 
-0.0030 0.0082 3.6001e-01 -9.397e+01 0.18534 0.001 0.10577 0.07956 
-0.0030 0.0086 3.6001e-01 -9.519e+01 0.18664 0.002 0.10707 0.07957 
-0.0030 0.0090 3.6000e-01 -9.664e+01 0.18815 0.001 0.10739 0.08076 
-0.0030 0.0094 3.6000e-01 -9.824e+01 0.18983 0.001 0.10834 0.08148 
-0.0030 0.0098 3.6002e-01 -1.000e+02 0.19178 0.001 0.10926 0.08252 
-0.0030 0.0102 3.6001e-01 -1.020e+02 0.19392 0.002 0.11027 0.08365 
-0.0030 0.0106 3.6000e-01 -1.042e+02 0.19621 0.002 0.11136 0.08485 
-0.0030 0.0110 3.6001e-01 -1.065e+02 0.19867 0.003 0.11245 0.08623 
-0.0030 0.0114 3.6001e-01 -1.091e+02 0.20131 0.003 0.11354 0.08776 
-0.0030 0.0118 3.5999e-01 -1.118e+02 0.20410 0.004 0.11476 0.08935 
-0.0026 0.0002 3.6001e-01 -1.174e+02 0.20876 0.006 0.11666 0.09210 
-0.0026 0.0006 3.6001e-01 -1.124e+02 0.20382 0.004 0.11472 0.08910 
-0.0026 0.0010 3.6001e-01 -1.082e+02 0.19950 0.003 0.11288 0.08662 
-0.0026 0.0014 3.6001e-01 -1.045e+02 0.19572 0.002 0.11123 0.08449 
-0.0026 0.0018 3.6001e-01 -1.014e+02 0.19242 0.001 0.10963 0.08279 
-0.0026 0.0022 3.6001e-01 -9.881e+01 0.18967 0.001 0.10837 0.08130 
-0.0026 0.0026 3.6001e-01 -9.664e+01 0.18744 0.001 0.10711 0.08033 
-0.0026 0.0030 3.6000e-01 -9.484e+01 0.18558 0.000 0.10660 0.07898 
-0.0026 0.0034 3.6001e-01 -9.342e+01 0.18413 0.000 0.10578 0.07835 
-0.0026 0.0038 3.6000e-01 -9.235e+01 0.18304 0.000 0.10491 0.07812 
-0.0026 0.0042 3.6001e-01 -9.159e+01 0.18227 0.000 0.10395 0.07831 
-0.0026 0.0046 3.6002e-01 -9.109e+01 0.18178 0.000 0.10415 0.07763 
-0.0026 0.0050 3.6003e-01 -9.089e+01 0.18160 0.000 0.10402 0.07758 
-0.0026 0.0054 3.6001e-01 -9.097e+01 0.18175 0.000 0.10405 0.07770 
-0.0026 0.0058 3.6000e-01 -9.130e+01 0.18217 0.000 0.10391 0.07826 
-0.0026 0.0062 3.6001e-01 -9.185e+01 0.18287 0.001 0.10433 0.07854 
-0.0026 0.0066 3.6000e-01 -9.263e+01 0.18383 0.000 0.10499 0.07884 
-0.0026 0.0070 3.6001e-01 -9.364e+01 0.18495 0.001 0.10550 0.07946 
-0.0026 0.0074 3.6001e-01 -9.486e+01 0.18626 0.002 0.10637 0.07990 
-0.0026 0.0078 3.6001e-01 -9.628e+01 0.18775 0.001 0.10720 0.08054 
-0.0026 0.0082 3.6000e-01 -9.792e+01 0.18945 0.001 0.10818 0.08127 
-0.0026 0.0086 3.6001e-01 -9.975e+01 0.19137 0.001 0.10908 0.08230 
-0.0026 0.0090 3.6000e-01 -1.018e+02 0.19356 0.002 0.11011 0.08344 
-0.0026 0.0094 3.6001e-01 -1.040e+02 0.19590 0.002 0.11122 0.08467 
-0.0026 0.0098 3.6000e-01 -1.065e+02 0.19845 0.003 0.11236 0.08610 
-0.0026 0.0102 3.6000e-01 -1.091e+02 0.20118 0.003 0.11349 0.08769 
-0.0026 0.0106 3.6000e-01 -1.120e+02 0.20409 0.004 0.11476 0.08933 
-0.0026 0.0110 3.6001e-01 -1.150e+02 0.20716 0.006 0.11602 0.09114 
-0.0026 0.0114 3.6001e-01 -1.184e+02 0.21045 0.007 0.11725 0.09320 
-0.0026 0.0118 3.6001e-01 -1.219e+02 0.21398 0.010 0.11867 0.09530 
-0.0022 0.0002 3.6001e-01 -1.070e+02 0.19853 0.003 0.11248 0.08605 
-0.0022 0.0006 3.6000e-01 -1.036e+02 0.19500 0.002 0.11087 0.08413 
-0.0022 0.0010 3.6001e-01 -1.007e+02 0.19191 0.001 0.10939 0.08252 
-0.0022 0.0014 3.5999e-01 -9.831e+01 0.18935 0.001 0.10820 0.08115 
-0.0022 0.0018 3.6001e-01 -9.628e+01 0.18721 0.001 0.10699 0.08022 
-0.0022 0.0022 3.6000e-01 -9.464e+01 0.18553 0.000 0.10651 0.07901 
-0.0022 0.0026 3.6000e-01 -9.337e+01 0.18423 0.000 0.10578 0.07845 
-0.0022 0.0030 3.6000e-01 -9.243e+01 0.18325 0.000 0.10502 0.07822 
-0.0022 0.0034 3.6001e-01 -9.182e+01 0.18258 0.000 0.10411 0.07847 
-0.0022 0.0038 3.6000e-01 -9.148e+01 0.18225 0.000 0.10394 0.07831 
-0.0022 0.0042 3.6003e-01 -9.140e+01 0.18219 0.000 0.10390 0.07829 
-0.0022 0.0046 3.6001e-01 -9.164e+01 0.18247 0.000 0.10404 0.07843 
-0.0022 0.0050 3.6001e-01 -9.211e+01 0.18300 0.001 0.10440 0.07860 
-0.0022 0.0054 3.6001e-01 -9.282e+01 0.18382 0.000 0.10499 0.07882 
-0.0022 0.0058 3.6000e-01 -9.380e+01 0.18494 0.001 0.10550 0.07944 
-0.0022 0.0062 3.6001e-01 -9.499e+01 0.18628 0.002 0.10639 0.07989 
-0.0022 0.0066 3.6001e-01 -9.643e+01 0.18782 0.001 0.10726 0.08056 
-0.0022 0.0070 3.6000e-01 -9.808e+01 0.18958 0.001 0.10827 0.08131 
-0.0022 0.0074 3.6001e-01 -9.996e+01 0.19153 0.001 0.10918 0.08236 
-0.0022 0.0078 3.6002e-01 -1.021e+02 0.19370 0.002 0.11019 0.08351 
-0.0022 0.0082 3.6001e-01 -1.044e+02 0.19611 0.002 0.11134 0.08477 
-0.0022 0.0086 3.6001e-01 -1.069e+02 0.19879 0.003 0.11251 0.08628 
-0.0022 0.0090 3.6002e-01 -1.097e+02 0.20163 0.003 0.11369 0.08794 
-0.0022 0.0094 3.6002e-01 -1.127e+02 0.20470 0.005 0.11504 0.08966 
-0.0022 0.0098 3.6001e-01 -1.160e+02 0.20796 0.006 0.11633 0.09163 
-0.0022 0.0102 3.6001e-01 -1.195e+02 0.21139 0.008 0.11765 0.09374 
-0.0022 0.0106 3.5999e-01 -1.233e+02 0.21506 0.011 0.11906 0.09600 
-0.0022 0.0110 3.6001e-01 -1.274e+02 0.21900 0.013 0.12043 0.09857 
-0.0022 0.0114 3.6000e-01 -1.318e+02 0.22320 0.019 0.12190 0.10129 
-0.0022 0.0118 3.6000e-01 -1.366e+02 0.22760 0.025 0.12337 0.10423 
-0.0018 0.0002 3.6002e-01 -1.004e+02 0.19177 0.001 0.10932 0.08245 
-0.0018 0.0006 3.6000e-01 -9.818e+01 0.18939 0.001 0.10821 0.08117 
-0.0018 0.0010 3.6001e-01 -9.634e+01 0.18742 0.001 0.10708 0.08034 
-0.0018 0.0014 3.6001e-01 -9.486e+01 0.18589 0.000 0.10668 0.07920 
-0.0018 0.0018 3.6001e-01 -9.377e+01 0.18473 0.001 0.10542 0.07931 
-0.0018 0.0022 3.6001e-01 -9.295e+01 0.18388 0.000 0.10552 0.07836 
-0.0018 0.0026 3.6001e-01 -9.249e+01 0.18340 0.000 0.10510 0.07830 
-0.0018 0.0030 3.6002e-01 -9.230e+01 0.18318 0.000 0.10495 0.07822 
-0.0018 0.0034 3.6000e-01 -9.242e+01 0.18332 0.000 0.10502 0.07830 
-0.0018 0.0038 3.6000e-01 -9.281e+01 0.18375 0.000 0.10501 0.07874 
-0.0018 0.0042 3.6001e-01 -9.346e+01 0.18443 0.000 0.10546 0.07897 
-0.0018 0.0046 3.6001e-01 -9.438e+01 0.18546 0.001 0.10577 0.07968 
-0.0018 0.0050 3.6001e-01 -9.554e+01 0.18677 0.002 0.10722 0.07956 
-0.0018 0.0054 3.6001e-01 -9.699e+01 0.18833 0.001 0.10752 0.08081 
-0.0018 0.0058 3.6000e-01 -9.867e+01 0.19013 0.001 0.10854 0.08158 
-0.0018 0.0062 3.5999e-01 -1.006e+02 0.19215 0.001 0.10948 0.08267 
-0.0018 0.0066 3.6001e-01 -1.028e+02 0.19436 0.002 0.11053 0.08383 
-0.0018 0.0070 3.6001e-01 -1.052e+02 0.19684 0.002 0.11170 0.08514 
-0.0018 0.0074 3.6001e-01 -1.079e+02 0.19958 0.003 0.11286 0.08672 
-0.0018 0.0078 3.6002e-01 -1.108e+02 0.20259 0.004 0.11413 0.08846 
-0.0018 0.0082 3.6000e-01 -1.140e+02 0.20580 0.005 0.11552 0.09028 
-0.0018 0.0086 3.5999e-01 -1.175e+02 0.20930 0.006 0.11684 0.09246 
-0.0018 0.0090 3.6000e-01 -1.213e+02 0.21298 0.009 0.11829 0.09469 
-0.0018 0.0094 3.6000e-01 -1.254e+02 0.21686 0.012 0.11966 0.09720 
-0.0018 0.0098 3.6000e-01 -1.298e+02 0.22100 0.016 0.12116 0.09984 
-0.0018 0.0102 3.6000e-01 -1.346e+02 0.22550 0.020 0.12262 0.10288 
-0.0018 0.0106 3.6000e-01 -1.398e+02 0.23029 0.029 0.12422 0.10607 
-0.0018 0.0110 3.6001e-01 -1.454e+02 0.23534 0.041 0.12583 0.10951 
-0.0018 0.0114 3.6001e-01 -1.517e+02 0.24078 0.055 0.12743 0.11335 
-0.0018 0.0118 3.6000e-01 -1.588e+02 0.24674 0.078 0.12919 0.11755 
-0.0014 0.0002 3.6000e-01 -9.674e+01 0.18803 0.001 0.10738 0.08065 
-0.0014 0.0006 3.6001e-01 -9.545e+01 0.18665 0.002 0.10723 0.07942 
-0.0014 0.0010 3.6000e-01 -9.449e+01 0.18562 0.000 0.10649 0.07912 
-0.0014 0.0014 3.6001e-01 -9.390e+01 0.18501 0.001 0.10556 0.07944 
-0.0014 0.0018 3.6001e-01 -9.358e+01 0.18469 0.000 0.10558 0.07910 
-0.0014 0.0022 3.6001e-01 -9.359e+01 0.18467 0.000 0.10559 0.07908 
-0.0014 0.0026 3.6001e-01 -9.389e+01 0.18498 0.001 0.10555 0.07943 
-0.0014 0.0030 3.6001e-01 -9.448e+01 0.18559 0.001 0.10585 0.07974 
-0.0014 0.0034 3.6001e-01 -9.532e+01 0.18648 0.002 0.10709 0.07939 
-0.0014 0.0038 3.6001e-01 -9.648e+01 0.18768 0.001 0.10720 0.08048 
-0.0014 0.0042 3.6000e-01 -9.791e+01 0.18922 0.001 0.10813 0.08109 
-0.0014 0.0046 3.6001e-01 -9.960e+01 0.19102 0.001 0.10898 0.08205 
-0.0014 0.0050 3.6001e-01 -1.016e+02 0.19313 0.001 0.10995 0.08317 
-0.0014 0.0054 3.6001e-01 -1.039e+02 0.19546 0.002 0.11108 0.08438 
-0.0014 0.0058 3.6000e-01 -1.064e+02 0.19802 0.003 0.11223 0.08579 
-0.0014 0.0062 3.6000e-01 -1.093e+02 0.20088 0.003 0.11341 0.08747 
-0.0014 0.0066 3.6001e-01 -1.124e+02 0.20403 0.004 0.11478 0.08926 
-0.0014 0.0070 3.6000e-01 -1.159e+02 0.20749 0.006 0.11618 0.09131 
-0.0014 0.0074 3.6001e-01 -1.197e+02 0.21122 0.007 0.11759 0.09362 
-0.0014 0.0078 3.6001e-01 -1.238e+02 0.21521 0.011 0.11913 0.09608 
-0.0014 0.0082 3.6000e-01 -1.282e+02 0.21942 0.013 0.12060 0.09882 
-0.0014 0.0086 3.6000e-01 -1.331e+02 0.22391 0.019 0.12210 0.10181 
-0.0014 0.0090 3.6000e-01 -1.383e+02 0.22871 0.027 0.12373 0.10498 
-0.0014 0.0094 3.6001e-01 -1.441e+02 0.23387 0.035 0.12532 0.10855 
-0.0014 0.0098 3.6001e-01 -1.504e+02 0.23940 0.046 0.12696 0.11243 
-0.0014 0.0102 3.6000e-01 -1.575e+02 0.24541 0.066 0.12873 0.11667 
-0.0014 0.0106 3.6000e-01 -1.654e+02 0.25197 0.098 0.13066 0.12131 
-0.0014 0.0110 3.6001e-01 -1.745e+02 0.25921 0.157 0.13279 0.12643 
-0.0014 0.0114 3.5999e-01 -1.854e+02 0.26764 0.238 0.13525 0.13239 
-0.0014 0.0118 3.6000e-01 -1.992e+02 0.27798 0.409 0.13848 0.13950 
-0.0010 0.0002 3.6001e-01 -9.554e+01 0.18688 0.002 0.10730 0.07958 
-0.0010 0.0006 3.6001e-01 -9.514e+01 0.18644 0.002 0.10651 0.07994 
-0.0010 0.0010 3.6001e-01 -9.503e+01 0.18634 0.000 0.10632 0.08002 
-0.0010 0.0014 3.6001e-01 -9.523e+01 0.18653 0.000 0.10642 0.08011 
-0.0010 0.0018 3.6001e-01 -9.573e+01 0.18702 0.001 0.10680 0.08022 
-0.0010 0.0022 3.6000e-01 -9.655e+01 0.18783 0.001 0.10729 0.08054 
-0.0010 0.0026 3.6001e-01 -9.767e+01 0.18894 0.000 0.10787 0.08108 
-0.0010 0.0030 3.6001e-01 -9.909e+01 0.19042 0.001 0.10871 0.08171 
-0.0010 0.0034 3.6001e-01 -1.008e+02 0.19226 0.001 0.10957 0.08270 
-0.0010 0.0038 3.6000e-01 -1.029e+02 0.19438 0.002 0.11058 0.08380 
-0.0010 0.0042 3.6001e-01 -1.053e+02 0.19682 0.002 0.11173 0.08509 
-0.0010 0.0046 3.6001e-01 -1.080e+02 0.19956 0.003 0.11291 0.08665 
-0.0010 0.0050 3.6001e-01 -1.110e+02 0.20255 0.003 0.11416 0.08839 
-0.0010 0.0054 3.6002e-01 -1.144e+02 0.20588 0.005 0.11558 0.09030 
-0.0010 0.0058 3.6000e-01 -1.181e+02 0.20959 0.006 0.11697 0.09261 
-0.0010 0.0062 3.6001e-01 -1.222e+02 0.21359 0.009 0.11855 0.09504 
-0.0010 0.0066 3.6000e-01 -1.268e+02 0.21794 0.011 0.12005 0.09788 
-0.0010 0.0070 3.6000e-01 -1.317e+02 0.22253 0.017 0.12169 0.10083 
-0.0010 0.0074 3.6000e-01 -1.371e+02 0.22743 0.023 0.12329 0.10415 
-0.0010 0.0078 3.6000e-01 -1.431e+02 0.23271 0.030 0.12491 0.10780 
-0.0010 0.0082 3.6000e-01 -1.496e+02 0.23844 0.043 0.12664 0.11179 
-0.0010 0.0086 3.6000e-01 -1.568e+02 0.24461 0.062 0.12846 0.11615 
-0.0010 0.0090 3.6000e-01 -1.650e+02 0.25140 0.091 0.13044 0.12096 
-0.0010 0.0094 3.6000e-01 -1.744e+02 0.25891 0.150 0.13265 0.12626 
-0.0010 0.0098 3.6000e-01 -1.855e+02 0.26752 0.232 0.13517 0.13235 
-0.0010 0.0102 3.6001e-01 -1.996e+02 0.27806 0.408 0.13845 0.13961 
-0.0010 0.0106 3.6076e-01 -2.152e+02 0.28963 0.763 0.14247 0.14716 
-0.0010 0.0110 3.6321e-01 -2.153e+02 0.28993 0.767 0.14260 0.14733 
-0.0010 0.0114 3.6564e-01 -2.154e+02 0.29011 0.771 0.14267 0.14744 
-0.0010 0.0118 3.6807e-01 -2.155e+02 0.29024 0.775 0.14272 0.14752 
-0.0006 0.0002 3.6002e-01 -9.676e+01 0.18822 0.001 0.10748 0.08074 
-0.0006 0.0006 3.6002e-01 -9.719e+01 0.18864 0.001 0.10770 0.08095 
-0.0006 0.0010 3.6000e-01 -9.795e+01 0.18939 0.001 0.10824 0.08115 
-0.0006 0.0014 3.6000e-01 -9.904e+01 0.19044 0.001 0.10874 0.08171 
-0.0006 0.0018 3.6000e-01 -1.005e+02 0.19187 0.001 0.10940 0.08247 
-0.0006 0.0022 3.6001e-01 -1.022e+02 0.19367 0.001 0.11026 0.08342 
-0.0006 0.0026 3.6000e-01 -1.043e+02 0.19583 0.002 0.11129 0.08454 
-0.0006 0.0030 3.6000e-01 -1.068e+02 0.19834 0.002 0.11242 0.08592 
-0.0006 0.0034 3.6000e-01 -1.097e+02 0.20119 0.003 0.11361 0.08758 
-0.0006 0.0038 3.6003e-01 -1.129e+02 0.20435 0.004 0.11496 0.08939 
-0.0006 0.0042 3.6000e-01 -1.166e+02 0.20790 0.005 0.11637 0.09153 
-0.0006 0.0046 3.6000e-01 -1.206e+02 0.21185 0.007 0.11788 0.09396 
-0.0006 0.0050 3.6001e-01 -1.252e+02 0.21620 0.010 0.11947 0.09673 
-0.0006 0.0054 3.6000e-01 -1.302e+02 0.22094 0.015 0.12117 0.09977 
-0.0006 0.0058 3.6001e-01 -1.357e+02 0.22605 0.019 0.12282 0.10324 
-0.0006 0.0062 3.6000e-01 -1.419e+02 0.23155 0.028 0.12454 0.10701 
-0.0006 0.0066 3.6000e-01 -1.487e+02 0.23749 0.041 0.12635 0.11114 
-0.0006 0.0070 3.6001e-01 -1.563e+02 0.24397 0.060 0.12825 0.11572 
-0.0006 0.0074 3.6000e-01 -1.649e+02 0.25108 0.088 0.13031 0.12077 
-0.0006 0.0078 3.6001e-01 -1.748e+02 0.25907 0.151 0.13268 0.12640 
-0.0006 0.0082 3.6001e-01 -1.867e+02 0.26828 0.231 0.13536 0.13291 
-0.0006 0.0086 3.6001e-01 -2.020e+02 0.27967 0.444 0.13896 0.14071 
-0.0006 0.0090 3.6119e-01 -2.151e+02 0.28938 0.754 0.14234 0.14704 
-0.0006 0.0094 3.6369e-01 -2.153e+02 0.28965 0.758 0.14244 0.14721 
-0.0006 0.0098 3.6616e-01 -2.154e+02 0.28991 0.762 0.14254 0.14737 
-0.0006 0.0102 3.6861e-01 -2.156e+02 0.29018 0.767 0.14265 0.14752 
-0.0006 0.0106 3.7101e-01 -2.158e+02 0.29042 0.771 0.14275 0.14767 
-0.0006 0.0110 3.7342e-01 -2.159e+02 0.29057 0.774 0.14281 0.14776 
-0.0006 0.0114 3.7578e-01 -2.160e+02 0.29076 0.779 0.14289 0.14787 
-0.0006 0.0118 3.7815e-01 -2.161e+02 0.29096 0.782 0.14298 0.14798 
-0.0002 0.0002 3.6001e-01 -1.006e+02 0.19207 0.001 0.10952 0.08256 
-0.0002 0.0006 3.6000e-01 -1.020e+02 0.19344 0.001 0.11016 0.08328 
-0.0002 0.0010 3.6000e-01 -1.037e+02 0.19521 0.002 0.11101 0.08419 
-0.0002 0.0014 3.6000e-01 -1.059e+02 0.19735 0.002 0.11200 0.08535 
-0.0002 0.0018 3.6002e-01 -1.085e+02 0.19989 0.003 0.11309 0.08680 
-0.0002 0.0022 3.6001e-01 -1.115e+02 0.20287 0.003 0.11435 0.08853 
-0.0002 0.0026 3.6001e-01 -1.149e+02 0.20624 0.005 0.11578 0.09046 
-0.0002 0.0030 3.6000e-01 -1.188e+02 0.21006 0.006 0.11721 0.09284 
-0.0002 0.0034 3.6000e-01 -1.233e+02 0.21429 0.009 0.11885 0.09544 
-0.0002 0.0038 3.6000e-01 -1.283e+02 0.21903 0.012 0.12049 0.09855 
-0.0002 0.0042 3.6000e-01 -1.339e+02 0.22420 0.017 0.12221 0.10199 
-0.0002 0.0046 3.5999e-01 -1.402e+02 0.22988 0.026 0.12406 0.10582 
-0.0002 0.0050 3.5999e-01 -1.473e+02 0.23608 0.039 0.12595 0.11013 
-0.0002 0.0054 3.6000e-01 -1.554e+02 0.24287 0.057 0.12790 0.11497 
-0.0002 0.0058 3.6000e-01 -1.645e+02 0.25046 0.083 0.13007 0.12039 
-0.0002 0.0062 3.6000e-01 -1.751e+02 0.25900 0.150 0.13259 0.12641 
-0.0002 0.0066 3.6000e-01 -1.881e+02 0.26897 0.239 0.13550 0.13347 
-0.0002 0.0070 3.6000e-01 -2.056e+02 0.28191 0.488 0.13962 0.14229 
-0.0002 0.0074 3.6187e-01 -2.146e+02 0.28868 0.743 0.14202 0.14665 
-0.0002 0.0078 3.6448e-01 -2.148e+02 0.28894 0.748 0.14212 0.14682 
-0.0002 0.0082 3.6706e-01 -2.150e+02 0.28916 0.752 0.14220 0.14697 
-0.0002 0.0086 3.6954e-01 -2.152e+02 0.28942 0.757 0.14229 0.14713 
-0.0002 0.0090 3.7200e-01 -2.154e+02 0.28970 0.761 0.14240 0.14730 
-0.0002 0.0094 3.7442e-01 -2.156e+02 0.29001 0.765 0.14253 0.14748 
-0.0002 0.0098 3.7682e-01 -2.158e+02 0.29033 0.770 0.14266 0.14767 
-0.0002 0.0102 3.7919e-01 -2.160e+02 0.29059 0.773 0.14277 0.14782 
-0.0002 0.0106 3.8153e-01 -2.161e+02 0.29085 0.777 0.14288 0.14797 
-0.0002 0.0110 3.8386e-01 -2.163e+02 0.29112 0.781 0.14300 0.14812 
-0.0002 0.0114 3.8617e-01 -2.164e+02 0.29143 0.784 0.14314 0.14829 
-0.0002 0.0118 3.8846e-01 -2.166e+02 0.29174 0.787 0.14328 0.14846 
