-0.00214728 0.00207372 1.0000e+00 -5.067e+01 0.1286438 0.000 0.0713252 0.0573186 
-0.00214728 0.00257142 1.0001e+00 -5.069e+01 0.1286190 0.000 0.0714638 0.0571553 
-0.00214728 0.00306911 1.0000e+00 -5.080e+01 0.1287571 0.000 0.0714160 0.0573412 
-0.00214728 0.00356680 1.0000e+00 -5.095e+01 0.1289002 0.000 0.0716207 0.0572795 
-0.00214728 0.00406450 1.0000e+00 -5.116e+01 0.1290817 0.000 0.0719947 0.0570871 
-0.00214728 0.00456219 1.0001e+00 -5.143e+01 0.1293613 0.000 0.0723041 0.0570571 
-0.00214728 0.00505988 1.0000e+00 -5.179e+01 0.1298033 0.000 0.0722369 0.0575664 
-0.00214728 0.00555758 1.0000e+00 -5.221e+01 0.1302687 0.000 0.0723925 0.0578763 
-0.00214728 0.00605527 1.0000e+00 -5.268e+01 0.1308003 0.000 0.0727126 0.0580879 
-0.00214728 0.00655296 1.0000e+00 -5.323e+01 0.1314433 0.000 0.0730614 0.0583820 
-0.00214728 0.00705066 1.0001e+00 -5.382e+01 0.1320910 0.000 0.0736443 0.0584467 
-0.00214728 0.00754835 1.0001e+00 -5.450e+01 0.1328543 0.000 0.0739982 0.0588562 
-0.00214728 0.00804604 1.0000e+00 -5.525e+01 0.1336819 0.000 0.0744401 0.0592419 
-0.00214728 0.00854374 1.0000e+00 -5.606e+01 0.1345735 0.002 0.0750519 0.0595216 
-0.00214728 0.00904143 9.9999e-01 -5.694e+01 0.1355825 0.001 0.0754635 0.0601189 
-0.00214728 0.00953912 1.0000e+00 -5.787e+01 0.1366731 0.001 0.0761125 0.0605605 
-0.00214728 0.01003682 1.0000e+00 -5.887e+01 0.1378023 0.000 0.0767283 0.0610741 
-0.00214728 0.01053451 1.0000e+00 -5.991e+01 0.1389761 0.001 0.0774525 0.0615236 
-0.00214728 0.01103221 1.0000e+00 -6.101e+01 0.1402006 0.001 0.0781083 0.0620923 
-0.00214728 0.01152990 1.0000e+00 -6.217e+01 0.1414770 0.001 0.0788024 0.0626748 
-0.00214728 0.01202759 1.0000e+00 -6.338e+01 0.1428376 0.001 0.0795009 0.0633366 
-0.00214728 0.01252529 1.0000e+00 -6.463e+01 0.1442839 0.001 0.0801930 0.0640910 
-0.00214728 0.01302298 1.0000e+00 -6.592e+01 0.1457074 0.002 0.0808444 0.0648631 
-0.00214728 0.01352067 1.0001e+00 -6.724e+01 0.1471619 0.002 0.0815134 0.0656486 
-0.00214728 0.01401837 1.0000e+00 -6.860e+01 0.1486445 0.002 0.0822318 0.0664128 
-0.00239613 0.00207372 1.0001e+00 -5.008e+01 0.1280624 0.000 0.0710104 0.0570521 
-0.00239613 0.00257142 1.0000e+00 -5.003e+01 0.1279689 0.000 0.0709879 0.0569810 
-0.00239613 0.00306911 1.0000e+00 -5.003e+01 0.1279279 0.000 0.0709629 0.0569650 
-0.00239613 0.00356680 1.0000e+00 -5.009e+01 0.1279879 0.000 0.0708355 0.0571524 
-0.00239613 0.00406450 1.0000e+00 -5.020e+01 0.1280902 0.000 0.0709686 0.0571216 
-0.00239613 0.00456219 1.0000e+00 -5.039e+01 0.1282864 0.000 0.0711793 0.0571071 
-0.00239613 0.00505988 1.0000e+00 -5.063e+01 0.1285534 0.000 0.0713264 0.0572270 
-0.00239613 0.00555758 1.0001e+00 -5.093e+01 0.1288487 0.000 0.0716723 0.0571765 
-0.00239613 0.00605527 1.0000e+00 -5.130e+01 0.1292270 0.000 0.0721153 0.0571116 
-0.00239613 0.00655296 1.0000e+00 -5.175e+01 0.1298192 0.000 0.0720937 0.0577254 
-0.00239613 0.00705066 1.0000e+00 -5.224e+01 0.1303701 0.001 0.0725179 0.0578521 
-0.00239613 0.00754835 1.0000e+00 -5.280e+01 0.1310511 0.001 0.0727586 0.0582926 
-0.00239613 0.00804604 1.0000e+00 -5.343e+01 0.1317171 0.000 0.0732831 0.0584338 
-0.00239613 0.00854374 1.0000e+00 -5.411e+01 0.1324258 0.000 0.0738483 0.0585775 
-0.00239613 0.00904143 1.0001e+00 -5.486e+01 0.1332555 0.000 0.0743129 0.0589427 
-0.00239613 0.00953912 9.9999e-01 -5.569e+01 0.1342134 0.002 0.0748047 0.0594086 
-0.00239613 0.01003682 1.0001e+00 -5.655e+01 0.1351992 0.002 0.0754870 0.0597124 
-0.00239613 0.01053451 1.0000e+00 -5.749e+01 0.1362894 0.001 0.0759175 0.0603720 
-0.00239613 0.01103221 1.0000e+00 -5.848e+01 0.1374254 0.000 0.0765277 0.0608976 
-0.00239613 0.01152990 1.0000e+00 -5.951e+01 0.1385691 0.001 0.0772395 0.0613297 
-0.00239613 0.01202759 1.0000e+00 -6.060e+01 0.1397719 0.001 0.0778779 0.0618941 
-0.00239613 0.01252529 1.0001e+00 -6.172e+01 0.1410190 0.001 0.0785550 0.0624639 
-0.00239613 0.01302298 1.0001e+00 -6.290e+01 0.1423717 0.001 0.0792768 0.0630948 
-0.00239613 0.01352067 9.9998e-01 -6.411e+01 0.1437465 0.001 0.0799483 0.0637980 
-0.00239613 0.01401837 1.0000e+00 -6.535e+01 0.1451308 0.001 0.0805987 0.0645323 
-0.00264498 0.00207372 1.0000e+00 -4.973e+01 0.1277274 0.000 0.0709247 0.0568026 
-0.00264498 0.00257142 1.0001e+00 -4.958e+01 0.1275651 0.000 0.0707371 0.0568281 
-0.00264498 0.00306911 1.0000e+00 -4.949e+01 0.1274218 0.000 0.0706802 0.0567416 
-0.00264498 0.00356680 1.0000e+00 -4.946e+01 0.1273441 0.000 0.0705572 0.0567869 
-0.00264498 0.00406450 1.0000e+00 -4.948e+01 0.1273299 0.000 0.0705958 0.0567343 
-0.00264498 0.00456219 1.0000e+00 -4.956e+01 0.1273953 0.000 0.0706408 0.0567545 
-0.00264498 0.00505988 1.0000e+00 -4.971e+01 0.1275649 0.000 0.0707350 0.0568300 
-0.00264498 0.00555758 1.0001e+00 -4.991e+01 0.1278043 0.000 0.0708577 0.0569465 
-0.00264498 0.00605527 1.0000e+00 -5.019e+01 0.1281086 0.000 0.0709924 0.0571164 
-0.00264498 0.00655296 1.0000e+00 -5.052e+01 0.1284667 0.000 0.0713124 0.0571541 
-0.00264498 0.00705066 1.0000e+00 -5.092e+01 0.1289406 0.000 0.0716997 0.0572408 
-0.00264498 0.00754835 1.0000e+00 -5.137e+01 0.1294802 0.000 0.0719741 0.0575060 
-0.00264498 0.00804604 1.0001e+00 -5.188e+01 0.1300675 0.000 0.0722415 0.0578260 
-0.00264498 0.00854374 1.0001e+00 -5.245e+01 0.1306676 0.000 0.0727007 0.0579669 
-0.00264498 0.00904143 1.0001e+00 -5.310e+01 0.1313596 0.000 0.0730111 0.0583484 
-0.00264498 0.00953912 1.0001e+00 -5.379e+01 0.1320777 0.000 0.0736107 0.0584671 
-0.00264498 0.01003682 9.9999e-01 -5.458e+01 0.1329864 0.000 0.0740291 0.0589573 
-0.00264498 0.01053451 1.0000e+00 -5.539e+01 0.1339320 0.002 0.0746495 0.0592824 
-0.00264498 0.01103221 1.0001e+00 -5.624e+01 0.1349063 0.002 0.0752877 0.0596185 
-0.00264498 0.01152990 1.0001e+00 -5.718e+01 0.1359982 0.001 0.0756682 0.0603300 
-0.00264498 0.01202759 1.0000e+00 -5.816e+01 0.1370853 0.001 0.0763253 0.0607602 
-0.00264498 0.01252529 1.0000e+00 -5.918e+01 0.1382329 0.001 0.0770626 0.0611704 
-0.00264498 0.01302298 1.0001e+00 -6.023e+01 0.1394063 0.001 0.0776866 0.0617197 
-0.00264498 0.01352067 9.9999e-01 -6.135e+01 0.1406836 0.001 0.0783706 0.0623129 
-0.00264498 0.01401837 1.0000e+00 -6.247e+01 0.1419479 0.001 0.0790609 0.0628872 
-0.00289383 0.00207372 1.0000e+00 -4.960e+01 0.1276725 0.000 0.0706825 0.0569902 
-0.00289383 0.00257142 1.0001e+00 -4.935e+01 0.1273788 0.000 0.0706475 0.0567315 
-0.00289383 0.00306911 1.0000e+00 -4.918e+01 0.1271989 0.000 0.0704660 0.0567329 
-0.00289383 0.00356680 1.0000e+00 -4.906e+01 0.1270343 0.000 0.0703612 0.0566732 
-0.00289383 0.00406450 1.0001e+00 -4.898e+01 0.1268591 0.000 0.0704106 0.0564485 
-0.00289383 0.00456219 1.0000e+00 -4.897e+01 0.1268200 0.000 0.0703534 0.0564666 
-0.00289383 0.00505988 1.0000e+00 -4.903e+01 0.1268581 0.000 0.0702978 0.0565601 
-0.00289383 0.00555758 1.0000e+00 -4.914e+01 0.1269707 0.000 0.0704008 0.0565698 
-0.00289383 0.00605527 1.0000e+00 -4.930e+01 0.1270766 0.000 0.0708070 0.0562696 
-0.00289383 0.00655296 1.0001e+00 -4.953e+01 0.1273358 0.000 0.0709111 0.0564249 
-0.00289383 0.00705066 1.0001e+00 -4.984e+01 0.1277208 0.000 0.0708893 0.0568315 
-0.00289383 0.00754835 1.0001e+00 -5.019e+01 0.1281821 0.000 0.0711137 0.0570684 
-0.00289383 0.00804604 1.0000e+00 -5.061e+01 0.1286818 0.000 0.0714104 0.0572714 
-0.00289383 0.00854374 1.0001e+00 -5.108e+01 0.1291987 0.000 0.0718008 0.0573978 
-0.00289383 0.00904143 1.0001e+00 -5.161e+01 0.1297426 0.000 0.0721940 0.0575488 
-0.00289383 0.00953912 1.0000e+00 -5.221e+01 0.1303696 0.000 0.0725125 0.0578573 
-0.00289383 0.01003682 1.0000e+00 -5.288e+01 0.1310602 0.000 0.0729903 0.0580700 
-0.00289383 0.01053451 1.0001e+00 -5.357e+01 0.1318531 0.000 0.0733660 0.0584869 
-0.00289383 0.01103221 1.0000e+00 -5.435e+01 0.1327484 0.000 0.0738886 0.0588597 
-0.00289383 0.01152990 1.0000e+00 -5.517e+01 0.1337046 0.000 0.0743943 0.0593104 
-0.00289383 0.01202759 1.0001e+00 -5.601e+01 0.1346577 0.002 0.0751537 0.0595043 
-0.00289383 0.01252529 9.9998e-01 -5.696e+01 0.1357253 0.001 0.0755370 0.0601883 
-0.00289383 0.01302298 1.0000e+00 -5.791e+01 0.1368032 0.001 0.0761816 0.0606216 
-0.00289383 0.01352067 1.0000e+00 -5.891e+01 0.1379466 0.000 0.0768090 0.0611375 
-0.00289383 0.01401837 1.0000e+00 -5.995e+01 0.1391513 0.001 0.0775561 0.0615952 
-0.00314267 0.00207372 1.0001e+00 -4.970e+01 0.1278690 0.000 0.0706978 0.0571709 
-0.00314267 0.00257142 1.0001e+00 -4.937e+01 0.1274858 0.000 0.0705710 0.0569147 
-0.00314267 0.00306911 9.9999e-01 -4.910e+01 0.1271968 0.000 0.0704454 0.0567515 
-0.00314267 0.00356680 1.0000e+00 -4.888e+01 0.1268675 0.000 0.0706868 0.0561809 
-0.00314267 0.00406450 1.0001e+00 -4.871e+01 0.1266938 0.000 0.0703039 0.0563898 
-0.00314267 0.00456219 1.0000e+00 -4.862e+01 0.1265458 0.000 0.0701706 0.0563753 
-0.00314267 0.00505988 1.0000e+00 -4.858e+01 0.1264517 0.000 0.0700855 0.0563661 
-0.00314267 0.00555758 1.0001e+00 -4.860e+01 0.1264372 0.000 0.0700709 0.0563665 
-0.00314267 0.00605527 1.0001e+00 -4.868e+01 0.1265164 0.000 0.0700873 0.0564290 
-0.00314267 0.00655296 1.0000e+00 -4.883e+01 0.1266574 0.000 0.0702344 0.0564228 
-0.00314267 0.00705066 1.0000e+00 -4.903e+01 0.1268678 0.000 0.0703982 0.0564695 
-0.00314267 0.00754835 1.0000e+00 -4.929e+01 0.1271848 0.000 0.0704925 0.0566922 
-0.00314267 0.00804604 1.0000e+00 -4.960e+01 0.1275753 0.000 0.0707800 0.0567952 
-0.00314267 0.00854374 1.0000e+00 -4.998e+01 0.1280254 0.000 0.0710242 0.0570011 
-0.00314267 0.00904143 1.0000e+00 -5.042e+01 0.1285227 0.000 0.0712219 0.0573008 
-0.00314267 0.00953912 1.0001e+00 -5.090e+01 0.1290045 0.000 0.0716249 0.0573797 
-0.00314267 0.01003682 1.0000e+00 -5.145e+01 0.1294996 0.000 0.0723420 0.0571577 
-0.00314267 0.01053451 1.0001e+00 -5.206e+01 0.1301731 0.000 0.0723746 0.0577983 
-0.00314267 0.01103221 1.0000e+00 -5.273e+01 0.1309267 0.000 0.0727810 0.0581457 
-0.00314267 0.01152990 1.0000e+00 -5.345e+01 0.1317605 0.000 0.0732345 0.0585261 
-0.00314267 0.01202759 1.0001e+00 -5.420e+01 0.1326171 0.000 0.0738291 0.0587881 
-0.00314267 0.01252529 9.9999e-01 -5.503e+01 0.1335946 0.000 0.0743248 0.0592698 
-0.00314267 0.01302298 1.0000e+00 -5.589e+01 0.1345318 0.002 0.0749873 0.0595446 
-0.00314267 0.01352067 1.0001e+00 -5.678e+01 0.1355551 0.002 0.0755072 0.0600480 
-0.00314267 0.01401837 1.0000e+00 -5.773e+01 0.1366277 0.001 0.0760997 0.0605280 
-0.00339152 0.00207372 1.0000e+00 -5.001e+01 0.1282319 0.000 0.0710427 0.0571891 
-0.00339152 0.00257142 1.0001e+00 -4.960e+01 0.1277764 0.000 0.0707167 0.0570597 
-0.00339152 0.00306911 1.0000e+00 -4.924e+01 0.1273752 0.000 0.0705495 0.0568256 
-0.00339152 0.00356680 1.0001e+00 -4.893e+01 0.1270494 0.000 0.0702897 0.0567596 
-0.00339152 0.00406450 1.0001e+00 -4.869e+01 0.1267363 0.000 0.0702875 0.0564488 
-0.00339152 0.00456219 1.0000e+00 -4.850e+01 0.1264797 0.000 0.0701756 0.0563042 
-0.00339152 0.00505988 1.0000e+00 -4.837e+01 0.1262928 0.000 0.0699896 0.0563031 
-0.00339152 0.00555758 1.0000e+00 -4.830e+01 0.1261575 0.000 0.0698528 0.0563047 
-0.00339152 0.00605527 1.0000e+00 -4.829e+01 0.1260925 0.000 0.0698688 0.0562235 
-0.00339152 0.00655296 1.0001e+00 -4.833e+01 0.1261405 0.000 0.0698488 0.0562918 
-0.00339152 0.00705066 1.0000e+00 -4.844e+01 0.1262677 0.000 0.0698899 0.0563779 
-0.00339152 0.00754835 1.0001e+00 -4.860e+01 0.1264173 0.000 0.0700604 0.0563570 
-0.00339152 0.00804604 1.0000e+00 -4.884e+01 0.1267139 0.000 0.0702283 0.0564856 
-0.00339152 0.00854374 1.0000e+00 -4.912e+01 0.1270568 0.000 0.0704783 0.0565785 
-0.00339152 0.00904143 1.0001e+00 -4.945e+01 0.1274534 0.000 0.0707121 0.0567413 
-0.00339152 0.00953912 9.9998e-01 -4.987e+01 0.1279198 0.000 0.0709965 0.0569233 
-0.00339152 0.01003682 1.0000e+00 -5.032e+01 0.1284142 0.000 0.0711664 0.0572478 
-0.00339152 0.01053451 1.0001e+00 -5.083e+01 0.1288994 0.000 0.0716251 0.0572743 
-0.00339152 0.01103221 9.9999e-01 -5.141e+01 0.1294876 0.000 0.0719866 0.0575009 
-0.00339152 0.01152990 1.0001e+00 -5.201e+01 0.1301564 0.000 0.0724019 0.0577543 
-0.00339152 0.01202759 1.0001e+00 -5.268e+01 0.1309140 0.000 0.0728586 0.0580554 
-0.00339152 0.01252529 1.0000e+00 -5.340e+01 0.1317613 0.000 0.0732257 0.0585355 
-0.00339152 0.01302298 1.0001e+00 -5.415e+01 0.1326139 0.000 0.0738535 0.0587605 
-0.00339152 0.01352067 1.0001e+00 -5.496e+01 0.1334917 0.000 0.0744506 0.0590414 
-0.00339152 0.01401837 1.0001e+00 -5.581e+01 0.1344468 0.002 0.0751019 0.0593447 
-0.00364037 0.00207372 1.0001e+00 -5.055e+01 0.1288750 0.000 0.0714481 0.0574267 
-0.00364037 0.00257142 1.0000e+00 -5.005e+01 0.1282905 0.000 0.0711263 0.0571641 
-0.00364037 0.00306911 1.0000e+00 -4.960e+01 0.1278075 0.000 0.0708014 0.0570062 
-0.00364037 0.00356680 1.0000e+00 -4.920e+01 0.1273722 0.000 0.0705913 0.0567809 
-0.00364037 0.00406450 9.9999e-01 -4.888e+01 0.1270088 0.000 0.0704693 0.0565396 
-0.00364037 0.00456219 1.0000e+00 -4.860e+01 0.1266827 0.000 0.0702712 0.0564116 
-0.00364037 0.00505988 1.0000e+00 -4.839e+01 0.1264129 0.000 0.0700091 0.0564037 
-0.00364037 0.00555758 1.0001e+00 -4.822e+01 0.1261758 0.000 0.0698295 0.0563466 
-0.00364037 0.00605527 1.0000e+00 -4.812e+01 0.1259758 0.000 0.0698573 0.0561185 
-0.00364037 0.00655296 1.0001e+00 -4.807e+01 0.1259013 0.000 0.0696498 0.0562516 
-0.00364037 0.00705066 1.0001e+00 -4.810e+01 0.1259066 0.000 0.0696629 0.0562437 
-0.00364037 0.00754835 1.0001e+00 -4.817e+01 0.1259072 0.000 0.0701146 0.0557927 
-0.00364037 0.00804604 1.0001e+00 -4.831e+01 0.1261386 0.000 0.0697969 0.0563417 
-0.00364037 0.00854374 1.0001e+00 -4.850e+01 0.1263789 0.000 0.0699881 0.0563908 
-0.00364037 0.00904143 1.0000e+00 -4.875e+01 0.1266767 0.000 0.0703183 0.0563584 
-0.00364037 0.00953912 1.0000e+00 -4.907e+01 0.1270572 0.000 0.0705028 0.0565544 
-0.00364037 0.01003682 1.0001e+00 -4.942e+01 0.1274572 0.000 0.0706996 0.0567574 
-0.00364037 0.01053451 1.0000e+00 -4.986e+01 0.1279192 0.000 0.0709815 0.0569377 
-0.00364037 0.01103221 1.0001e+00 -5.032e+01 0.1283841 0.000 0.0712666 0.0571176 
-0.00364037 0.01152990 1.0000e+00 -5.086e+01 0.1289160 0.001 0.0716317 0.0572843 
-0.00364037 0.01202759 1.0001e+00 -5.142e+01 0.1294947 0.000 0.0723119 0.0571828 
-0.00364037 0.01252529 1.0001e+00 -5.205e+01 0.1302635 0.000 0.0723744 0.0578892 
-0.00364037 0.01302298 1.0000e+00 -5.274e+01 0.1310438 0.000 0.0728462 0.0581977 
-0.00364037 0.01352067 1.0000e+00 -5.345e+01 0.1318490 0.000 0.0732741 0.0585749 
-0.00364037 0.01401837 1.0001e+00 -5.420e+01 0.1326512 0.000 0.0739105 0.0587409 
-0.00388921 0.00207372 1.0000e+00 -5.134e+01 0.1297841 0.000 0.0720724 0.0577115 
-0.00388921 0.00257142 1.0000e+00 -5.074e+01 0.1290645 0.000 0.0716662 0.0573982 
-0.00388921 0.00306911 1.0000e+00 -5.019e+01 0.1284508 0.000 0.0712371 0.0572137 
-0.00388921 0.00356680 1.0000e+00 -4.970e+01 0.1279225 0.000 0.0708808 0.0570417 
-0.00388921 0.00406450 1.0000e+00 -4.928e+01 0.1274860 0.000 0.0705949 0.0568910 
-0.00388921 0.00456219 1.0001e+00 -4.891e+01 0.1270702 0.000 0.0703875 0.0566827 
-0.00388921 0.00505988 1.0000e+00 -4.860e+01 0.1266791 0.000 0.0703974 0.0562817 
-0.00388921 0.00555758 1.0001e+00 -4.836e+01 0.1263989 0.000 0.0700135 0.0563853 
-0.00388921 0.00605527 1.0000e+00 -4.817e+01 0.1261453 0.000 0.0697804 0.0563650 
-0.00388921 0.00655296 1.0001e+00 -4.804e+01 0.1259234 0.000 0.0696498 0.0562736 
-0.00388921 0.00705066 1.0001e+00 -4.797e+01 0.1257802 0.000 0.0695881 0.0561920 
-0.00388921 0.00754835 1.0000e+00 -4.797e+01 0.1257447 0.000 0.0696102 0.0561344 
-0.00388921 0.00804604 1.0001e+00 -4.800e+01 0.1257746 0.000 0.0696388 0.0561358 
-0.00388921 0.00854374 1.0000e+00 -4.811e+01 0.1258833 0.000 0.0697911 0.0560921 
-0.00388921 0.00904143 1.0000e+00 -4.828e+01 0.1261351 0.000 0.0697994 0.0563357 
-0.00388921 0.00953912 1.0001e+00 -4.849e+01 0.1264090 0.000 0.0699438 0.0564652 
-0.00388921 0.01003682 1.0000e+00 -4.878e+01 0.1267337 0.000 0.0702231 0.0565106 
-0.00388921 0.01053451 1.0000e+00 -4.911e+01 0.1271080 0.000 0.0704471 0.0566609 
-0.00388921 0.01103221 1.0001e+00 -4.949e+01 0.1274911 0.000 0.0707771 0.0567139 
-0.00388921 0.01152990 1.0001e+00 -4.993e+01 0.1279558 0.000 0.0709410 0.0570147 
-0.00388921 0.01202759 1.0000e+00 -5.043e+01 0.1284553 0.000 0.0712459 0.0572095 
-0.00388921 0.01252529 1.0001e+00 -5.097e+01 0.1290539 0.000 0.0716203 0.0574336 
-0.00388921 0.01302298 1.0001e+00 -5.154e+01 0.1296477 0.000 0.0724350 0.0572129 
-0.00388921 0.01352067 1.0001e+00 -5.219e+01 0.1304441 0.000 0.0724934 0.0579508 
-0.00388921 0.01401837 1.0000e+00 -5.287e+01 0.1311742 0.001 0.0729519 0.0582223 
-0.00413806 0.00207372 1.0000e+00 -5.239e+01 0.1310632 0.000 0.0727479 0.0583153 
-0.00413806 0.00257142 1.0001e+00 -5.169e+01 0.1302047 0.000 0.0722189 0.0579858 
-0.00413806 0.00306911 1.0001e+00 -5.103e+01 0.1293885 0.000 0.0718250 0.0575634 
-0.00413806 0.00356680 1.0000e+00 -5.045e+01 0.1287146 0.000 0.0713673 0.0573472 
-0.00413806 0.00406450 1.0000e+00 -4.993e+01 0.1281387 0.000 0.0709929 0.0571456 
-0.00413806 0.00456219 1.0000e+00 -4.946e+01 0.1275728 0.000 0.0711699 0.0564029 
-0.00413806 0.00505988 1.0001e+00 -4.906e+01 0.1272162 0.000 0.0704370 0.0567791 
-0.00413806 0.00555758 1.0000e+00 -4.872e+01 0.1267910 0.000 0.0704891 0.0563018 
-0.00413806 0.00605527 1.0000e+00 -4.844e+01 0.1264902 0.000 0.0700589 0.0564313 
-0.00413806 0.00655296 1.0001e+00 -4.821e+01 0.1261563 0.000 0.0699385 0.0562177 
-0.00413806 0.00705066 1.0000e+00 -4.806e+01 0.1259809 0.000 0.0695840 0.0563969 
-0.00413806 0.00754835 1.0001e+00 -4.796e+01 0.1257727 0.000 0.0696115 0.0561613 
-0.00413806 0.00804604 1.0001e+00 -4.792e+01 0.1257002 0.000 0.0695088 0.0561916 
-0.00413806 0.00854374 1.0000e+00 -4.795e+01 0.1257177 0.000 0.0695286 0.0561891 
-0.00413806 0.00904143 1.0000e+00 -4.802e+01 0.1258006 0.000 0.0696356 0.0561649 
-0.00413806 0.00953912 1.0001e+00 -4.815e+01 0.1259872 0.000 0.0697237 0.0562634 
-0.00413806 0.01003682 1.0001e+00 -4.834e+01 0.1262249 0.000 0.0698521 0.0563727 
-0.00413806 0.01053451 1.0000e+00 -4.859e+01 0.1265172 0.000 0.0700751 0.0564420 
-0.00413806 0.01103221 1.0000e+00 -4.889e+01 0.1268312 0.000 0.0703364 0.0564948 
-0.00413806 0.01152990 1.0001e+00 -4.924e+01 0.1271904 0.000 0.0705436 0.0566466 
-0.00413806 0.01202759 1.0001e+00 -4.965e+01 0.1276183 0.000 0.0707485 0.0568696 
-0.00413806 0.01252529 1.0001e+00 -5.012e+01 0.1281021 0.000 0.0710231 0.0570791 
-0.00413806 0.01302298 1.0000e+00 -5.063e+01 0.1286843 0.000 0.0712473 0.0574369 
-0.00413806 0.01352067 1.0000e+00 -5.118e+01 0.1292733 0.000 0.0719525 0.0573206 
-0.00413806 0.01401837 1.0001e+00 -5.176e+01 0.1299596 0.000 0.0721889 0.0577708 
-0.00438691 0.00207372 1.0001e+00 -5.374e+01 0.1326466 0.002 0.0736996 0.0589471 
-0.00438691 0.00257142 1.0000e+00 -5.292e+01 0.1316395 0.000 0.0732088 0.0584307 
-0.00438691 0.00306911 1.0000e+00 -5.216e+01 0.1307351 0.000 0.0724795 0.0582556 
-0.00438691 0.00356680 1.0000e+00 -5.146e+01 0.1298589 0.000 0.0721331 0.0577257 
-0.00438691 0.00406450 1.0000e+00 -5.084e+01 0.1291097 0.000 0.0717272 0.0573827 
-0.00438691 0.00456219 1.0000e+00 -5.027e+01 0.1285045 0.000 0.0711985 0.0573060 
-0.00438691 0.00505988 1.0001e+00 -4.976e+01 0.1279437 0.000 0.0709118 0.0570321 
-0.00438691 0.00555758 1.0001e+00 -4.932e+01 0.1274625 0.001 0.0707261 0.0567363 
-0.00438691 0.00605527 1.0001e+00 -4.895e+01 0.1270303 0.000 0.0704790 0.0565511 
-0.00438691 0.00655296 1.0000e+00 -4.864e+01 0.1266509 0.000 0.0703532 0.0562977 
-0.00438691 0.00705066 1.0001e+00 -4.838e+01 0.1263333 0.000 0.0700111 0.0563223 
-0.00438691 0.00754835 1.0000e+00 -4.819e+01 0.1260800 0.000 0.0697892 0.0562908 
-0.00438691 0.00804604 1.0000e+00 -4.807e+01 0.1258752 0.000 0.0696361 0.0562390 
-0.00438691 0.00854374 1.0001e+00 -4.799e+01 0.1257647 0.000 0.0695346 0.0562303 
-0.00438691 0.00904143 1.0001e+00 -4.798e+01 0.1257244 0.000 0.0696332 0.0560912 
-0.00438691 0.00953912 1.0001e+00 -4.803e+01 0.1258067 0.000 0.0696463 0.0561606 
-0.00438691 0.01003682 1.0001e+00 -4.813e+01 0.1259607 0.000 0.0697355 0.0562253 
-0.00438691 0.01053451 1.0001e+00 -4.829e+01 0.1261683 0.000 0.0698215 0.0563469 
-0.00438691 0.01103221 1.0001e+00 -4.851e+01 0.1264321 0.000 0.0699771 0.0564550 
-0.00438691 0.01152990 1.0001e+00 -4.877e+01 0.1267228 0.000 0.0701476 0.0565751 
-0.00438691 0.01202759 1.0000e+00 -4.910e+01 0.1270229 0.000 0.0705519 0.0564709 
-0.00438691 0.01252529 1.0000e+00 -4.948e+01 0.1273945 0.000 0.0707543 0.0566403 
-0.00438691 0.01302298 1.0000e+00 -4.990e+01 0.1278680 0.000 0.0708934 0.0569745 
-0.00438691 0.01352067 1.0000e+00 -5.038e+01 0.1283823 0.000 0.0711571 0.0572249 
-0.00438691 0.01401837 1.0000e+00 -5.090e+01 0.1289750 0.000 0.0715453 0.0574297 
-0.00463575 0.00207372 1.0000e+00 -5.543e+01 0.1346896 0.001 0.0746776 0.0600121 
-0.00463575 0.00257142 9.9999e-01 -5.448e+01 0.1335155 0.002 0.0742046 0.0593109 
-0.00463575 0.00306911 1.0001e+00 -5.359e+01 0.1324331 0.000 0.0734761 0.0589571 
-0.00463575 0.00356680 1.0001e+00 -5.276e+01 0.1313740 0.000 0.0731377 0.0582361 
-0.00463575 0.00406450 1.0000e+00 -5.203e+01 0.1304800 0.000 0.0724539 0.0580259 
-0.00463575 0.00456219 1.0001e+00 -5.134e+01 0.1296424 0.000 0.0719633 0.0576791 
-0.00463575 0.00505988 1.0000e+00 -5.073e+01 0.1289676 0.000 0.0715312 0.0574365 
-0.00463575 0.00555758 1.0000e+00 -5.019e+01 0.1283634 0.000 0.0712596 0.0571040 
-0.00463575 0.00605527 1.0000e+00 -4.972e+01 0.1278618 0.000 0.0708736 0.0569883 
-0.00463575 0.00655296 1.0000e+00 -4.930e+01 0.1273759 0.000 0.0705873 0.0567886 
-0.00463575 0.00705066 1.0001e+00 -4.894e+01 0.1269487 0.000 0.0703738 0.0565750 
-0.00463575 0.00754835 1.0000e+00 -4.867e+01 0.1266013 0.000 0.0701720 0.0564294 
-0.00463575 0.00804604 1.0001e+00 -4.844e+01 0.1262964 0.000 0.0699674 0.0563290 
-0.00463575 0.00854374 1.0001e+00 -4.827e+01 0.1260643 0.000 0.0697674 0.0562968 
-0.00463575 0.00904143 9.9997e-01 -4.819e+01 0.1259299 0.000 0.0696750 0.0562549 
-0.00463575 0.00953912 1.0001e+00 -4.813e+01 0.1258590 0.000 0.0696613 0.0561976 
-0.00463575 0.01003682 1.0000e+00 -4.815e+01 0.1258938 0.000 0.0697353 0.0561584 
-0.00463575 0.01053451 1.0001e+00 -4.822e+01 0.1260156 0.000 0.0697404 0.0562753 
-0.00463575 0.01103221 1.0001e+00 -4.835e+01 0.1262002 0.000 0.0698282 0.0563719 
-0.00463575 0.01152990 1.0001e+00 -4.852e+01 0.1263240 0.000 0.0704485 0.0558756 
-0.00463575 0.01202759 1.0001e+00 -4.876e+01 0.1266474 0.000 0.0702522 0.0563953 
-0.00463575 0.01252529 1.0001e+00 -4.905e+01 0.1269273 0.000 0.0705243 0.0564030 
-0.00463575 0.01302298 1.0000e+00 -4.941e+01 0.1272910 0.000 0.0707384 0.0565524 
-0.00463575 0.01352067 1.0000e+00 -4.981e+01 0.1276781 0.000 0.0711995 0.0564786 
-0.00463575 0.01401837 1.0001e+00 -5.024e+01 0.1281956 0.000 0.0711190 0.0570767 
-0.00488460 0.00207372 1.0000e+00 -5.743e+01 0.1370357 0.001 0.0761231 0.0609124 
-0.00488460 0.00257142 1.0000e+00 -5.635e+01 0.1357227 0.000 0.0753451 0.0603776 
-0.00488460 0.00306911 1.0000e+00 -5.534e+01 0.1344712 0.001 0.0745869 0.0598843 
-0.00488460 0.00356680 1.0001e+00 -5.439e+01 0.1333040 0.001 0.0739685 0.0593355 
-0.00488460 0.00406450 9.9998e-01 -5.353e+01 0.1322277 0.000 0.0734281 0.0587996 
-0.00488460 0.00456219 1.0000e+00 -5.271e+01 0.1311531 0.004 0.0733773 0.0577759 
-0.00488460 0.00505988 1.0000e+00 -5.199e+01 0.1303384 0.000 0.0723366 0.0580018 
-0.00488460 0.00555758 1.0001e+00 -5.132e+01 0.1295688 0.000 0.0719552 0.0576136 
-0.00488460 0.00605527 1.0001e+00 -5.073e+01 0.1289374 0.000 0.0715161 0.0574213 
-0.00488460 0.00655296 1.0000e+00 -5.022e+01 0.1283674 0.000 0.0711673 0.0571999 
-0.00488460 0.00705066 1.0000e+00 -4.976e+01 0.1278313 0.000 0.0708557 0.0569757 
-0.00488460 0.00754835 1.0000e+00 -4.939e+01 0.1273586 0.000 0.0706342 0.0567244 
-0.00488460 0.00804604 1.0000e+00 -4.906e+01 0.1269551 0.000 0.0704284 0.0565266 
-0.00488460 0.00854374 1.0000e+00 -4.880e+01 0.1266332 0.000 0.0701463 0.0564868 
-0.00488460 0.00904143 1.0000e+00 -4.860e+01 0.1263409 0.000 0.0700534 0.0562875 
-0.00488460 0.00953912 1.0000e+00 -4.847e+01 0.1261635 0.000 0.0698764 0.0562873 
-0.00488460 0.01003682 1.0001e+00 -4.839e+01 0.1260715 0.000 0.0698355 0.0562359 
-0.00488460 0.01053451 1.0000e+00 -4.839e+01 0.1261176 0.000 0.0697879 0.0563296 
-0.00488460 0.01103221 9.9999e-01 -4.842e+01 0.1261400 0.003 0.0702195 0.0559206 
-0.00488460 0.01152990 1.0000e+00 -4.852e+01 0.1263259 0.000 0.0699715 0.0563546 
-0.00488460 0.01202759 1.0001e+00 -4.867e+01 0.1265055 0.000 0.0701158 0.0563898 
-0.00488460 0.01252529 1.0000e+00 -4.889e+01 0.1267501 0.000 0.0701611 0.0565890 
-0.00488460 0.01302298 1.0000e+00 -4.914e+01 0.1269753 0.000 0.0705286 0.0564466 
-0.00488460 0.01352067 1.0000e+00 -4.945e+01 0.1272924 0.000 0.0707443 0.0565482 
-0.00488460 0.01401837 1.0000e+00 -4.982e+01 0.1277075 0.000 0.0708330 0.0568744 
-0.00513345 0.00207372 9.9998e-01 -5.981e+01 0.1397824 0.001 0.0775471 0.0622355 
-0.00513345 0.00257142 1.0000e+00 -5.858e+01 0.1383101 0.001 0.0768118 0.0614982 
-0.00513345 0.00306911 1.0000e+00 -5.742e+01 0.1369119 0.001 0.0760779 0.0608339 
-0.00513345 0.00356680 1.0000e+00 -5.634e+01 0.1355876 0.001 0.0752651 0.0603224 
-0.00513345 0.00406450 1.0000e+00 -5.533e+01 0.1343522 0.001 0.0745502 0.0598021 
-0.00513345 0.00456219 1.0001e+00 -5.439e+01 0.1331619 0.002 0.0740721 0.0590898 
-0.00513345 0.00505988 1.0000e+00 -5.354e+01 0.1320848 0.000 0.0734331 0.0586517 
-0.00513345 0.00555758 1.0000e+00 -5.276e+01 0.1311503 0.000 0.0728966 0.0582539 
-0.00513345 0.00605527 1.0001e+00 -5.204e+01 0.1303380 0.000 0.0723812 0.0579568 
-0.00513345 0.00655296 1.0001e+00 -5.140e+01 0.1296302 0.000 0.0719983 0.0576320 
-0.00513345 0.00705066 1.0001e+00 -5.083e+01 0.1289307 0.000 0.0719376 0.0569932 
-0.00513345 0.00754835 1.0000e+00 -5.035e+01 0.1284405 0.000 0.0712840 0.0571567 
-0.00513345 0.00804604 1.0001e+00 -4.991e+01 0.1279076 0.000 0.0709552 0.0569524 
-0.00513345 0.00854374 1.0001e+00 -4.955e+01 0.1274496 0.000 0.0706772 0.0567721 
-0.00513345 0.00904143 1.0000e+00 -4.927e+01 0.1270849 0.000 0.0704502 0.0566346 
-0.00513345 0.00953912 1.0001e+00 -4.903e+01 0.1266665 0.000 0.0707827 0.0558838 
-0.00513345 0.01003682 1.0000e+00 -4.887e+01 0.1265232 0.000 0.0702342 0.0562890 
-0.00513345 0.01053451 1.0000e+00 -4.877e+01 0.1263819 0.000 0.0701845 0.0561975 
-0.00513345 0.01103221 1.0000e+00 -4.873e+01 0.1263977 0.000 0.0700409 0.0563567 
-0.00513345 0.01152990 1.0001e+00 -4.872e+01 0.1264451 0.000 0.0701126 0.0563326 
-0.00513345 0.01202759 9.9999e-01 -4.880e+01 0.1265948 0.000 0.0700667 0.0565280 
-0.00513345 0.01252529 1.0000e+00 -4.892e+01 0.1267196 0.000 0.0702918 0.0564278 
-0.00513345 0.01302298 9.9998e-01 -4.910e+01 0.1269114 0.000 0.0704113 0.0565001 
-0.00513345 0.01352067 1.0000e+00 -4.933e+01 0.1271494 0.000 0.0704679 0.0566816 
-0.00513345 0.01401837 1.0001e+00 -4.961e+01 0.1274135 0.000 0.0707893 0.0566243 
-0.00538229 0.00207372 1.0001e+00 -6.259e+01 0.1430477 0.002 0.0790106 0.0640371 
-0.00538229 0.00257142 1.0000e+00 -6.120e+01 0.1413624 0.001 0.0782810 0.0630816 
-0.00538229 0.00306911 1.0000e+00 -5.988e+01 0.1397852 0.001 0.0775778 0.0622073 
-0.00538229 0.00356680 1.0000e+00 -5.863e+01 0.1382836 0.001 0.0768115 0.0614721 
-0.00538229 0.00406450 1.0000e+00 -5.749e+01 0.1368734 0.001 0.0760744 0.0607991 
-0.00538229 0.00456219 9.9997e-01 -5.642e+01 0.1355575 0.001 0.0752709 0.0602865 
-0.00538229 0.00505988 1.0000e+00 -5.541e+01 0.1342869 0.001 0.0745399 0.0597471 
-0.00538229 0.00555758 1.0000e+00 -5.449e+01 0.1331427 0.000 0.0738190 0.0593237 
-0.00538229 0.00605527 1.0000e+00 -5.364e+01 0.1321021 0.000 0.0734228 0.0586792 
-0.00538229 0.00655296 1.0001e+00 -5.286e+01 0.1311946 0.000 0.0730810 0.0581137 
-0.00538229 0.00705066 1.0001e+00 -5.218e+01 0.1304552 0.000 0.0724206 0.0580346 
-0.00538229 0.00754835 1.0001e+00 -5.157e+01 0.1297701 0.000 0.0720825 0.0576877 
-0.00538229 0.00804604 1.0001e+00 -5.103e+01 0.1291617 0.000 0.0716772 0.0574844 
-0.00538229 0.00854374 1.0000e+00 -5.057e+01 0.1285713 0.000 0.0714807 0.0570907 
-0.00538229 0.00904143 1.0001e+00 -5.017e+01 0.1280973 0.000 0.0710260 0.0570713 
-0.00538229 0.00953912 1.0001e+00 -4.983e+01 0.1276552 0.000 0.0708110 0.0568441 
-0.00538229 0.01003682 1.0000e+00 -4.958e+01 0.1273233 0.000 0.0706458 0.0566774 
-0.00538229 0.01053451 1.0001e+00 -4.937e+01 0.1270447 0.000 0.0703805 0.0566642 
-0.00538229 0.01103221 1.0000e+00 -4.924e+01 0.1268409 0.000 0.0705475 0.0562934 
-0.00538229 0.01152990 1.0000e+00 -4.916e+01 0.1268077 0.000 0.0703792 0.0564284 
-0.00538229 0.01202759 1.0001e+00 -4.914e+01 0.1268430 0.000 0.0702985 0.0565446 
-0.00538229 0.01252529 1.0001e+00 -4.917e+01 0.1268930 0.000 0.0704909 0.0564022 
-0.00538229 0.01302298 1.0000e+00 -4.927e+01 0.1270185 0.000 0.0705485 0.0564699 
-0.00538229 0.01352067 1.0000e+00 -4.941e+01 0.1271845 0.000 0.0706321 0.0565524 
-0.00538229 0.01401837 1.0001e+00 -4.960e+01 0.1273697 0.000 0.0708259 0.0565436 
-0.00563114 0.00207372 1.0000e+00 -6.588e+01 0.1469693 0.003 0.0809014 0.0660680 
-0.00563114 0.00257142 1.0000e+00 -6.429e+01 0.1450226 0.002 0.0799537 0.0650688 
-0.00563114 0.00306911 9.9999e-01 -6.279e+01 0.1431907 0.002 0.0791083 0.0640824 
-0.00563114 0.00356680 1.0000e+00 -6.135e+01 0.1414564 0.001 0.0783512 0.0631053 
-0.00563114 0.00406450 9.9998e-01 -6.003e+01 0.1398530 0.001 0.0776374 0.0622157 
-0.00563114 0.00456219 1.0000e+00 -5.878e+01 0.1383335 0.001 0.0768533 0.0614802 
-0.00563114 0.00505988 1.0001e+00 -5.761e+01 0.1369023 0.001 0.0761102 0.0607920 
-0.00563114 0.00555758 1.0000e+00 -5.654e+01 0.1355623 0.001 0.0752921 0.0602702 
-0.00563114 0.00605527 1.0000e+00 -5.556e+01 0.1343080 0.000 0.0745752 0.0597329 
-0.00563114 0.00655296 1.0000e+00 -5.465e+01 0.1332157 0.002 0.0741578 0.0590578 
-0.00563114 0.00705066 1.0000e+00 -5.383e+01 0.1322732 0.000 0.0735701 0.0587031 
-0.00563114 0.00754835 1.0001e+00 -5.308e+01 0.1313954 0.001 0.0733208 0.0580747 
-0.00563114 0.00804604 1.0000e+00 -5.243e+01 0.1306962 0.000 0.0726167 0.0580794 
-0.00563114 0.00854374 1.0000e+00 -5.183e+01 0.1300120 0.000 0.0722673 0.0577447 
-0.00563114 0.00904143 1.0001e+00 -5.130e+01 0.1293036 0.000 0.0723301 0.0569735 
-0.00563114 0.00953912 1.0001e+00 -5.087e+01 0.1288327 0.000 0.0715571 0.0572755 
-0.00563114 0.01003682 1.0000e+00 -5.052e+01 0.1283712 0.001 0.0712939 0.0570773 
-0.00563114 0.01053451 1.0000e+00 -5.021e+01 0.1279960 0.000 0.0710322 0.0569637 
-0.00563114 0.01103221 1.0001e+00 -4.997e+01 0.1276695 0.000 0.0708272 0.0568423 
-0.00563114 0.01152990 1.0001e+00 -4.980e+01 0.1274383 0.000 0.0707416 0.0566967 
-0.00563114 0.01202759 1.0000e+00 -4.969e+01 0.1273550 0.000 0.0707061 0.0566487 
-0.00563114 0.01252529 1.0001e+00 -4.964e+01 0.1273233 0.000 0.0707259 0.0565973 
-0.00563114 0.01302298 1.0000e+00 -4.965e+01 0.1273928 0.000 0.0705899 0.0568032 
-0.00563114 0.01352067 1.0001e+00 -4.970e+01 0.1274300 0.000 0.0708008 0.0566292 
-0.00563114 0.01401837 1.0001e+00 -4.983e+01 0.1276084 0.000 0.0707264 0.0568821 
-0.00587999 0.00207372 1.0001e+00 -6.975e+01 0.1513954 0.004 0.0828140 0.0685816 
-0.00587999 0.00257142 9.9999e-01 -6.792e+01 0.1492259 0.003 0.0819761 0.0672499 
-0.00587999 0.00306911 1.0000e+00 -6.618e+01 0.1471241 0.003 0.0809991 0.0661248 
-0.00587999 0.00356680 1.0000e+00 -6.455e+01 0.1451687 0.002 0.0800467 0.0651220 
-0.00587999 0.00406450 1.0000e+00 -6.302e+01 0.1433326 0.002 0.0792041 0.0641284 
-0.00587999 0.00456219 1.0000e+00 -6.157e+01 0.1416019 0.001 0.0784536 0.0631482 
-0.00587999 0.00505988 1.0000e+00 -6.023e+01 0.1399895 0.001 0.0777346 0.0622549 
-0.00587999 0.00555758 9.9998e-01 -5.900e+01 0.1384790 0.001 0.0769500 0.0615290 
-0.00587999 0.00605527 1.0000e+00 -5.783e+01 0.1370118 0.001 0.0761899 0.0608217 
-0.00587999 0.00655296 1.0000e+00 -5.678e+01 0.1356779 0.001 0.0753760 0.0603019 
-0.00587999 0.00705066 1.0000e+00 -5.580e+01 0.1344982 0.001 0.0746916 0.0598066 
-0.00587999 0.00754835 1.0000e+00 -5.491e+01 0.1334847 0.002 0.0743154 0.0591695 
-0.00587999 0.00804604 1.0001e+00 -5.411e+01 0.1325867 0.000 0.0737000 0.0588866 
-0.00587999 0.00854374 1.0000e+00 -5.339e+01 0.1317406 0.000 0.0733116 0.0584290 
-0.00587999 0.00904143 1.0000e+00 -5.276e+01 0.1310184 0.000 0.0727923 0.0582261 
-0.00587999 0.00953912 1.0000e+00 -5.220e+01 0.1303340 0.000 0.0724351 0.0578989 
-0.00587999 0.01003682 1.0000e+00 -5.170e+01 0.1297340 0.000 0.0721093 0.0576247 
-0.00587999 0.01053451 9.9998e-01 -5.130e+01 0.1292230 0.000 0.0717691 0.0574540 
-0.00587999 0.01103221 1.0000e+00 -5.094e+01 0.1287780 0.000 0.0715558 0.0572222 
-0.00587999 0.01152990 1.0000e+00 -5.068e+01 0.1284449 0.000 0.0712553 0.0571895 
-0.00587999 0.01202759 1.0001e+00 -5.047e+01 0.1281791 0.000 0.0711307 0.0570484 
-0.00587999 0.01252529 1.0001e+00 -5.032e+01 0.1280442 0.000 0.0710689 0.0569754 
-0.00587999 0.01302298 1.0001e+00 -5.024e+01 0.1279752 0.000 0.0710256 0.0569497 
-0.00587999 0.01352067 1.0000e+00 -5.022e+01 0.1279516 0.000 0.0710259 0.0569257 
-0.00587999 0.01401837 1.0000e+00 -5.025e+01 0.1279710 0.000 0.0710747 0.0568965 
-0.00612883 0.00207372 1.0000e+00 -7.430e+01 0.1565717 0.006 0.0851232 0.0714485 
-0.00612883 0.00257142 1.0001e+00 -7.218e+01 0.1540304 0.006 0.0839482 0.0700822 
-0.00612883 0.00306911 1.0000e+00 -7.019e+01 0.1516836 0.004 0.0829638 0.0687196 
-0.00612883 0.00356680 1.0000e+00 -6.830e+01 0.1494358 0.003 0.0820916 0.0673441 
-0.00612883 0.00406450 1.0001e+00 -6.651e+01 0.1473074 0.003 0.0811092 0.0661983 
-0.00612883 0.00456219 1.0001e+00 -6.486e+01 0.1453195 0.002 0.0801456 0.0651740 
-0.00612883 0.00505988 1.0000e+00 -6.331e+01 0.1434780 0.002 0.0793000 0.0641780 
-0.00612883 0.00555758 1.0000e+00 -6.185e+01 0.1417723 0.001 0.0785648 0.0632075 
-0.00612883 0.00605527 1.0000e+00 -6.051e+01 0.1401597 0.001 0.0778446 0.0623151 
-0.00612883 0.00655296 1.0000e+00 -5.927e+01 0.1386061 0.001 0.0770445 0.0615616 
-0.00612883 0.00705066 1.0000e+00 -5.813e+01 0.1371479 0.001 0.0762857 0.0608622 
-0.00612883 0.00754835 1.0000e+00 -5.709e+01 0.1358763 0.000 0.0755653 0.0603111 
-0.00612883 0.00804604 1.0001e+00 -5.612e+01 0.1347641 0.001 0.0748538 0.0599103 
-0.00612883 0.00854374 1.0001e+00 -5.524e+01 0.1337649 0.002 0.0745952 0.0591698 
-0.00612883 0.00904143 1.0000e+00 -5.447e+01 0.1328810 0.000 0.0739605 0.0589206 
-0.00612883 0.00953912 1.0001e+00 -5.377e+01 0.1320506 0.000 0.0734893 0.0585614 
-0.00612883 0.01003682 1.0000e+00 -5.317e+01 0.1313322 0.000 0.0731236 0.0582086 
-0.00612883 0.01053451 1.0000e+00 -5.264e+01 0.1307077 0.000 0.0726976 0.0580100 
-0.00612883 0.01103221 1.0000e+00 -5.218e+01 0.1301487 0.000 0.0723022 0.0578466 
-0.00612883 0.01152990 1.0000e+00 -5.179e+01 0.1296688 0.000 0.0720854 0.0575835 
-0.00612883 0.01202759 1.0000e+00 -5.148e+01 0.1292847 0.000 0.0718201 0.0574645 
-0.00612883 0.01252529 1.0000e+00 -5.123e+01 0.1290042 0.000 0.0716558 0.0573483 
-0.00612883 0.01302298 1.0001e+00 -5.104e+01 0.1288023 0.000 0.0716754 0.0571267 
-0.00612883 0.01352067 1.0000e+00 -5.093e+01 0.1287208 0.000 0.0714788 0.0572422 
-0.00612883 0.01401837 1.0000e+00 -5.087e+01 0.1286582 0.000 0.0714275 0.0572306 
