#  model      L (Lo)        Reff (Ro)          Teff               log g                   age (yr)
#    phase             Mbol           R* (Ro)         rho_eff                M (Mo)
#
  1 1   16.834173   1.68 8.55850    8.590   3917. 6.243e-08  2.48e+00    .80000000 1.4884354519e+03
  2 1   16.036585   1.74 8.31586    8.346   3919. 6.387e-08  2.50e+00    .80000000 3.3489797668e+03
  3 1   15.497798   1.77 8.15247    8.181   3931. 6.524e-08  2.52e+00    .80000000 4.7117350105e+03
  4 1   14.916491   1.82 7.96982    7.997   3938. 6.658e-08  2.54e+00    .80000000 6.3657006403e+03
  5 1   14.342118   1.86 7.78791    7.814   3940. 6.833e-08  2.56e+00    .80000000 8.1596593012e+03
  6 1   13.782856   1.90 7.60913    7.634   3950. 6.943e-08  2.58e+00    .80000000 1.0084237921e+04
  7 1   13.240079   1.95 7.43384    7.458   3956. 7.093e-08  2.60e+00    .80000000 1.2147394274e+04
  8 1   12.720525   1.99 7.26088    7.284   3963. 7.244e-08  2.62e+00    .80000000 1.4371063453e+04
  9 1   12.203892   2.03 7.09028    7.112   3968. 7.407e-08  2.64e+00    .80000000 1.6780288956e+04
 10 1   11.716766   2.08 6.92384    6.945   3975. 7.567e-08  2.66e+00    .80000000 1.9363690041e+04
 11 1   11.236626   2.12 6.75949    6.780   3980. 7.737e-08  2.68e+00    .80000000 2.2182161864e+04
 12 1   10.777323   2.17 6.59936    6.619   3992. 7.932e-08  2.70e+00    .80000000 2.5234998133e+04
 13 1   10.768647   2.17 6.44881    6.466   3992. 8.887e-08  2.72e+00    .80000000 2.8281409446e+04
 14 1   10.299788   2.22 6.28521    6.302   3992. 9.196e-08  2.74e+00    .80000000 3.2089423587e+04
 15 1    9.897246   2.26 6.14347    6.159   4000. 9.385e-08  2.76e+00    .80000000 3.5874549030e+04
 16 1    9.509495   2.30 6.00306    6.018   4007. 9.576e-08  2.78e+00    .80000000 4.0300061222e+04
 17 1    9.145934   2.35 5.86909    5.884   4014. 9.771e-08  2.80e+00    .80000000 4.5479236422e+04
 18 1    8.808435   2.39 5.74451    5.758   4019. 9.979e-08  2.82e+00    .80000000 5.1781506112e+04
 19 1    8.517482   2.42 5.63545    5.649   4023. 1.017e-07  2.84e+00    .80000000 5.9659343224e+04
 20 1    8.287750   2.45 5.54881    5.562   4027. 1.033e-07  2.85e+00    .80000000 6.9506639614e+04
 21 1    8.121547   2.48 5.48502    5.498   4029. 1.045e-07  2.86e+00    .80000000 8.1815760102e+04
 22 1    7.999288   2.49 5.43843    5.451   4035. 1.059e-07  2.87e+00    .80000000 9.7202160712e+04
 23 1    7.911460   2.50 5.40381    5.416   4038. 1.063e-07  2.88e+00    .80000000 1.1227528497e+05
 24 1    7.833397   2.52 5.37488    5.387   4039. 1.070e-07  2.88e+00    .80000000 1.2605706878e+05
 25 1    7.767495   2.52 5.34833    5.360   4040. 1.075e-07  2.88e+00    .80000000 1.3884259217e+05
 26 1    7.701750   2.53 5.32306    5.335   4041. 1.080e-07  2.89e+00    .80000000 1.5077145351e+05
 27 1    7.639034   2.54 5.29857    5.310   4042. 1.086e-07  2.89e+00    .80000000 1.6193914657e+05
 28 1    7.577798   2.55 5.27453    5.286   4043. 1.091e-07  2.90e+00    .80000000 1.7241012509e+05
 29 1    7.517283   2.56 5.25090    5.263   4044. 1.096e-07  2.90e+00    .80000000 1.8223915212e+05
 30 1    7.458843   2.57 5.22760    5.239   4045. 1.101e-07  2.90e+00    .80000000 1.9147276393e+05
 31 1    7.401140   2.58 5.20457    5.216   4046. 1.105e-07  2.91e+00    .80000000 2.0015281776e+05
 32 1    7.343225   2.59 5.18192    5.193   4047. 1.111e-07  2.91e+00    .80000000 2.0831729791e+05
 33 1    7.286069   2.59 5.15956    5.171   4047. 1.116e-07  2.92e+00    .80000000 2.1600272637e+05
 34 1    7.232334   2.60 5.13746    5.149   4049. 1.120e-07  2.92e+00    .80000000 2.2324202637e+05
 35 1    7.177351   2.61 5.11565    5.127   4049. 1.125e-07  2.92e+00    .80000000 2.3006326060e+05
 36 1    7.123678   2.62 5.09416    5.105   4050. 1.130e-07  2.93e+00    .80000000 2.3649541900e+05
 37 1    7.071189   2.63 5.07295    5.084   4051. 1.135e-07  2.93e+00    .80000000 2.4256436823e+05
 38 1    7.019527   2.63 5.05204    5.063   4052. 1.140e-07  2.93e+00    .80000000 2.4829409125e+05
 39 1    6.967075   2.64 5.03146    5.042   4053. 1.144e-07  2.94e+00    .80000000 2.5370659127e+05
 40 1    6.917973   2.65 5.01118    5.022   4053. 1.150e-07  2.94e+00    .80000000 2.5882405880e+05
 41 1    6.867589   2.66 4.99120    5.002   4054. 1.154e-07  2.94e+00    .80000000 2.6366511711e+05
 42 1    6.820694   2.67 4.97151    4.982   4055. 1.159e-07  2.95e+00    .80000000 2.6824798750e+05
 43 1    6.772652   2.67 4.95213    4.963   4056. 1.163e-07  2.95e+00    .80000000 2.7258882327e+05
 44 1    6.725661   2.68 4.93311    4.943   4057. 1.168e-07  2.95e+00    .80000000 2.7670380303e+05
 45 1    6.679861   2.69 4.91438    4.925   4057. 1.173e-07  2.96e+00    .80000000 2.8060759855e+05
 46 1    6.635071   2.70 4.89593    4.906   4058. 1.177e-07  2.96e+00    .80000000 2.8431339323e+05
 47 1    6.591272   2.70 4.87780    4.888   4059. 1.182e-07  2.96e+00    .80000000 2.8783367214e+05
 48 1    6.548681   2.71 4.85999    4.870   4060. 1.186e-07  2.97e+00    .80000000 2.9118016641e+05
 49 1    6.507104   2.72 4.84249    4.852   4061. 1.190e-07  2.97e+00    .80000000 2.9436372568e+05
 50 1    6.464294   2.72 4.82532    4.835   4061. 1.196e-07  2.97e+00    .80000000 2.9739469571e+05
 51 1    6.424937   2.73 4.80844    4.818   4062. 1.199e-07  2.98e+00    .80000000 3.0028292790e+05
 52 1    6.384213   2.74 4.79190    4.802   4062. 1.205e-07  2.98e+00    .80000000 3.0303655657e+05
 53 1    6.344668   2.74 4.77565    4.785   4063. 1.208e-07  2.98e+00    .80000000 3.0566454197e+05
 54 1    6.308247   2.75 4.75971    4.769   4063. 1.212e-07  2.99e+00    .80000000 3.0817401941e+05
 55 1    6.270631   2.76 4.74408    4.754   4064. 1.217e-07  2.99e+00    .80000000 3.1057230568e+05
 56 1    6.233977   2.76 4.72874    4.738   4064. 1.221e-07  2.99e+00    .80000000 3.1286591560e+05
 57 1    6.198321   2.77 4.71370    4.723   4065. 1.225e-07  2.99e+00    .80000000 3.1506126494e+05
 58 1    6.163456   2.78 4.69896    4.708   4066. 1.229e-07  3.00e+00    .80000000 3.1716396401e+05
 59 1    6.129670   2.78 4.68451    4.694   4067. 1.232e-07  3.00e+00    .80000000 3.1917942279e+05
 60 1    6.094704   2.79 4.67041    4.680   4067. 1.236e-07  3.00e+00    .80000000 3.2111300490e+05
 61 1    6.062809   2.79 4.65657    4.666   4067. 1.241e-07  3.00e+00    .80000000 3.2296954092e+05
 62 1    6.031725   2.80 4.64298    4.652   4068. 1.245e-07  3.01e+00    .80000000 3.2475324586e+05
 63 1    5.999138   2.80 4.62967    4.639   4068. 1.248e-07  3.01e+00    .80000000 3.2646795703e+05
 64 1    5.970035   2.81 4.61666    4.626   4069. 1.252e-07  3.01e+00    .80000000 3.2811784235e+05
 65 1    5.938978   2.82 4.60389    4.613   4069. 1.255e-07  3.01e+00    .80000000 3.2970630045e+05
 66 1    5.908998   2.82 4.59143    4.600   4069. 1.259e-07  3.02e+00    .80000000 3.3123690385e+05
 67 1    5.882222   2.83 4.57919    4.588   4070. 1.262e-07  3.02e+00    .80000000 3.3271269517e+05
 68 1    5.853792   2.83 4.56721    4.576   4070. 1.266e-07  3.02e+00    .80000000 3.3413655144e+05
 69 1    5.826173   2.84 4.55552    4.564   4071. 1.269e-07  3.02e+00    .80000000 3.3551134820e+05
 70 1    5.799180   2.84 4.54406    4.553   4071. 1.272e-07  3.03e+00    .80000000 3.3683963158e+05
 71 1    5.773118   2.85 4.53284    4.542   4072. 1.276e-07  3.03e+00    .80000000 3.3812386602e+05
 72 1    5.747671   2.85 4.52184    4.531   4072. 1.279e-07  3.03e+00    .80000000 3.3936628139e+05
 73 1    5.723010   2.86 4.51108    4.520   4072. 1.282e-07  3.03e+00    .80000000 3.4056898283e+05
 74 1    5.698924   2.86 4.50054    4.509   4073. 1.285e-07  3.03e+00    .80000000 3.4173396679e+05
 75 1    5.675587   2.86 4.49025    4.499   4073. 1.288e-07  3.04e+00    .80000000 3.4286316143e+05
 76 1    5.652930   2.87 4.48017    4.489   4074. 1.291e-07  3.04e+00    .80000000 3.4395837142e+05
 77 1    5.630945   2.87 4.47031    4.479   4074. 1.295e-07  3.04e+00    .80000000 3.4502125425e+05
 78 1    5.607037   2.88 4.46066    4.469   4074. 1.298e-07  3.04e+00    .80000000 3.4605333671e+05
 79 1    5.586283   2.88 4.45120    4.460   4075. 1.300e-07  3.04e+00    .80000000 3.4705616368e+05
 80 1    5.566015   2.89 4.44195    4.450   4075. 1.304e-07  3.05e+00    .80000000 3.4803101199e+05
 81 1    5.543825   2.89 4.43289    4.441   4075. 1.306e-07  3.05e+00    .80000000 3.4897920307e+05
 82 1    5.524753   2.89 4.42401    4.432   4076. 1.309e-07  3.05e+00    .80000000 3.4990202911e+05
 83 1    5.503716   2.90 4.41533    4.424   4077. 1.313e-07  3.05e+00    .80000000 3.5080055731e+05
 84 1    5.485788   2.90 4.40683    4.415   4082. 1.316e-07  3.05e+00    .80000000 3.5167598510e+05
 85 1    5.465801   2.91 4.39850    4.407   4080. 1.319e-07  3.05e+00    .80000000 3.5252924109e+05
 86 1    5.448793   2.91 4.39033    4.399   4083. 1.322e-07  3.06e+00    .80000000 3.5336134940e+05
 87 1    5.429717   2.91 4.38235    4.391   4083. 1.324e-07  3.06e+00    .80000000 3.5417318185e+05
 88 1    5.411152   2.92 4.37454    4.383   4083. 1.327e-07  3.06e+00    .80000000 3.5496565491e+05
 89 1    5.395652   2.92 4.36686    4.375   4084. 1.329e-07  3.06e+00    .80000000 3.5573961277e+05
 90 1    5.378004   2.92 4.35936    4.367   4084. 1.332e-07  3.06e+00    .80000000 3.5649575940e+05
 91 1    5.360814   2.93 4.35200    4.360   4084. 1.334e-07  3.06e+00    .80000000 3.5723487524e+05
 92 1    5.344028   2.93 4.34478    4.353   4084. 1.337e-07  3.06e+00    .80000000 3.5795765357e+05
 93 1    5.330216   2.93 4.33770    4.346   4085. 1.339e-07  3.07e+00    .80000000 3.5866473543e+05
 94 1    5.314274   2.94 4.33077    4.339   4085. 1.341e-07  3.07e+00    .80000000 3.5935669923e+05
 95 1    5.298658   2.94 4.32399    4.332   4085. 1.343e-07  3.07e+00    .80000000 3.6003419525e+05
 96 1    5.283416   2.94 4.31733    4.325   4085. 1.346e-07  3.07e+00    .80000000 3.6069779080e+05
 97 1    5.268541   2.95 4.31079    4.319   4085. 1.348e-07  3.07e+00    .80000000 3.6134800872e+05
 98 1    5.254046   2.95 4.30437    4.312   4085. 1.350e-07  3.07e+00    .80000000 3.6198533439e+05
 99 1    5.239899   2.95 4.29808    4.306   4086. 1.352e-07  3.07e+00    .80000000 3.6261026458e+05
100 1    5.226093   2.95 4.29190    4.300   4086. 1.354e-07  3.08e+00    .80000000 3.6322322386e+05
101 1    5.212620   2.96 4.28584    4.294   4086. 1.357e-07  3.08e+00    .80000000 3.6382466265e+05
102 1    5.199429   2.96 4.27990    4.288   4086. 1.359e-07  3.08e+00    .80000000 3.6441500189e+05
103 1    5.186540   2.96 4.27406    4.282   4087. 1.361e-07  3.08e+00    .80000000 3.6499463863e+05
104 1    5.174004   2.97 4.26833    4.276   4087. 1.362e-07  3.08e+00    .80000000 3.6556395063e+05
105 1    5.161715   2.97 4.26270    4.270   4087. 1.364e-07  3.08e+00    .80000000 3.6612328256e+05
106 1    5.149745   2.97 4.25718    4.265   4087. 1.366e-07  3.08e+00    .80000000 3.6667298378e+05
107 1    5.138092   2.97 4.25176    4.260   4088. 1.368e-07  3.08e+00    .80000000 3.6721339231e+05
108 1    5.124032   2.98 4.24645    4.254   4087. 1.370e-07  3.08e+00    .80000000 3.6774482900e+05
109 1    5.112897   2.98 4.24122    4.249   4088. 1.372e-07  3.09e+00    .80000000 3.6826759189e+05
110 1    5.101950   2.98 4.23608    4.244   4088. 1.374e-07  3.09e+00    .80000000 3.6878195847e+05
111 1    5.091283   2.98 4.23103    4.239   4088. 1.375e-07  3.09e+00    .80000000 3.6928819200e+05
112 1    5.080843   2.99 4.22605    4.234   4089. 1.377e-07  3.09e+00    .80000000 3.6978655346e+05
113 1    5.070648   2.99 4.22117    4.229   4089. 1.379e-07  3.09e+00    .80000000 3.7027727454e+05
114 1    5.058059   2.99 4.21638    4.224   4089. 1.380e-07  3.09e+00    .80000000 3.7076061067e+05
115 1    5.048752   2.99 4.21167    4.219   4089. 1.382e-07  3.09e+00    .80000000 3.7123679090e+05
116 1    5.039171   2.99 4.20701    4.215   4089. 1.384e-07  3.09e+00    .80000000 3.7170601768e+05
117 1    5.028313   3.00 4.20245    4.210   4089. 1.385e-07  3.09e+00    .80000000 3.7216851965e+05
118 1    5.019761   3.00 4.19796    4.206   4090. 1.387e-07  3.09e+00    .80000000 3.7262446781e+05
119 1    5.008893   3.00 4.19354    4.201   4090. 1.388e-07  3.10e+00    .80000000 3.7307406650e+05
120 1    4.998905   3.00 4.18920    4.197   4090. 1.390e-07  3.10e+00    .80000000 3.7351751982e+05
121 1    4.988670   3.01 4.18491    4.192   4090. 1.392e-07  3.10e+00    .80000000 3.7395497984e+05
122 1    4.981003   3.01 4.18069    4.188   4090. 1.393e-07  3.10e+00    .80000000 3.7438660406e+05
123 1    4.971243   3.01 4.17655    4.184   4090. 1.395e-07  3.10e+00    .80000000 3.7481257420e+05
124 1    4.961553   3.01 4.17246    4.180   4090. 1.396e-07  3.10e+00    .80000000 3.7523305068e+05
125 1    4.954138   3.01 4.16845    4.176   4091. 1.398e-07  3.10e+00    .80000000 3.7564816944e+05
126 1    4.944474   3.01 4.16449    4.172   4091. 1.399e-07  3.10e+00    .80000000 3.7605809317e+05
127 1    4.936439   3.02 4.16060    4.168   4091. 1.400e-07  3.10e+00    .80000000 3.7646295874e+05
128 1    4.926825   3.02 4.15674    4.164   4091. 1.402e-07  3.10e+00    .80000000 3.7686288671e+05
129 1    4.919255   3.02 4.15295    4.160   4091. 1.403e-07  3.10e+00    .80000000 3.7725800326e+05
130 1    4.911446   3.02 4.14920    4.157   4091. 1.405e-07  3.10e+00    .80000000 3.7764843430e+05
131 1    4.903935   3.02 4.14550    4.153   4091. 1.406e-07  3.11e+00    .80000000 3.7803427922e+05
132 1    4.894938   3.03 4.14188    4.149   4091. 1.407e-07  3.11e+00    .80000000 3.7841566222e+05
133 1    4.887995   3.03 4.13831    4.146   4092. 1.408e-07  3.11e+00    .80000000 3.7879271618e+05
134 1    4.878393   3.03 4.13384    4.141   4092. 1.410e-07  3.11e+00    .80000000 3.7926403362e+05
135 1    4.866060   3.03 4.12827    4.136   4092. 1.412e-07  3.11e+00    .80000000 3.7985318043e+05
136 1    4.850926   3.04 4.12137    4.129   4092. 1.415e-07  3.11e+00    .80000000 3.8058961394e+05
137 1    4.830834   3.04 4.11279    4.120   4092. 1.419e-07  3.11e+00    .80000000 3.8151015583e+05
138 1    4.809473   3.04 4.10213    4.109   4092. 1.423e-07  3.11e+00    .80000000 3.8266083318e+05
139 1    4.780981   3.05 4.08893    4.096   4093. 1.428e-07  3.12e+00    .80000000 3.8409917988e+05
140 1    4.744825   3.06 4.07266    4.080   4093. 1.434e-07  3.12e+00    .80000000 3.8589711325e+05
141 1    4.701869   3.07 4.05264    4.060   4094. 1.442e-07  3.13e+00    .80000000 3.8814452997e+05
142 1    4.649165   3.08 4.02811    4.035   4095. 1.452e-07  3.13e+00    .80000000 3.9095380086e+05
143 1    4.586334   3.10 3.99829    4.005   4095. 1.465e-07  3.14e+00    .80000000 3.9446538948e+05
144 1    4.509562   3.11 3.96222    3.969   4095. 1.481e-07  3.14e+00    .80000000 3.9885487525e+05
145 1    4.418071   3.14 3.91896    3.926   4097. 1.499e-07  3.15e+00    .80000000 4.0434173247e+05
146 1    4.310740   3.16 3.86754    3.874   4098. 1.521e-07  3.17e+00    .80000000 4.1120030399e+05
147 1    4.185504   3.20 3.80699    3.813   4100. 1.549e-07  3.18e+00    .80000000 4.1977351839e+05
148 1    4.041282   3.23 3.73646    3.742   4101. 1.582e-07  3.20e+00    .80000000 4.3049003639e+05
149 1    3.875404   3.28 3.65545    3.661   4105. 1.624e-07  3.21e+00    .80000000 4.4388568388e+05
150 1    3.694182   3.33 3.56352    3.569   4109. 1.666e-07  3.24e+00    .80000000 4.6063024326e+05
151 1    3.493992   3.39 3.46096    3.466   4110. 1.727e-07  3.26e+00    .80000000 4.8156094247e+05
152 1    3.290133   3.46 3.35346    3.358   4113. 1.788e-07  3.29e+00    .80000000 5.0634227312e+05
153 1    3.091052   3.52 3.24685    3.251   4119. 1.856e-07  3.32e+00    .80000000 5.3422445536e+05
154 1    2.901163   3.59 3.14222    3.146   4121. 1.926e-07  3.35e+00    .80000000 5.6535659043e+05
155 1    2.721472   3.66 3.04032    3.044   4123. 2.002e-07  3.37e+00    .80000000 5.9988965590e+05
156 1    2.548907   3.73 2.94058    2.944   4122. 2.085e-07  3.40e+00    .80000000 6.3849154496e+05
157 1    2.399100   3.80 2.85178    2.855   4123. 2.160e-07  3.43e+00    .80000000 6.7733817042e+05
158 1    2.243030   3.87 2.75637    2.760   4123. 2.251e-07  3.46e+00    .80000000 7.2506239583e+05
159 1    2.093589   3.95 2.66244    2.666   4123. 2.347e-07  3.49e+00    .80000000 7.7899162540e+05
160 1    1.951290   4.02 2.57009    2.573   4122. 2.451e-07  3.52e+00    .80000000 8.4004233420e+05
161 1    1.815306   4.10 2.47945    2.482   4127. 2.568e-07  3.55e+00    .80000000 9.0919124140e+05
162 1    1.686481   4.18 2.39050    2.393   4126. 2.688e-07  3.58e+00    .80000000 9.8773829746e+05
163 1    1.564726   4.26 2.30366    2.306   4120. 2.814e-07  3.62e+00    .80000000 1.0766840494e+06
164 1    1.450032   4.35 2.21875    2.221   4124. 2.957e-07  3.65e+00    .80000000 1.1778055313e+06
165 1    1.341895   4.43 2.13593    2.138   4116. 3.099e-07  3.68e+00    .80000000 1.2927308590e+06
166 1    1.239854   4.52 2.05475    2.057   4119. 3.265e-07  3.72e+00    .80000000 1.4243616779e+06
167 1    1.143797   4.60 1.97527    1.977   4114. 3.435e-07  3.75e+00    .80000000 1.5755281152e+06
168 1    1.053146   4.69 1.89715    1.899   4110. 3.620e-07  3.78e+00    .80000000 1.7501358341e+06
169 1     .975713   4.78 1.82769    1.829   4105. 3.800e-07  3.82e+00    .80000000 1.9309081517e+06
170 1     .896843   4.87 1.75398    1.755   4100. 4.011e-07  3.85e+00    .80000000 2.1568735488e+06
171 1     .820484   4.96 1.67930    1.681   4100. 4.258e-07  3.89e+00    .80000000 2.4293453300e+06
172 1     .748519   5.06 1.60545    1.607   4094. 4.520e-07  3.93e+00    .80000000 2.7520542036e+06
173 1     .680811   5.17 1.53239    1.533   4086. 4.810e-07  3.97e+00    .80000000 3.1368426823e+06
174 1     .617059   5.27 1.45996    1.461   4079. 5.131e-07  4.01e+00    .80000000 3.5997883914e+06
175 1     .557191   5.38 1.38810    1.389   4070. 5.489e-07  4.06e+00    .80000000 4.1626791634e+06
176 1     .501240   5.50 1.31692    1.318   4061. 5.889e-07  4.10e+00    .80000000 4.8534320135e+06
177 1     .449112   5.62 1.24637    1.247   4053. 6.336e-07  4.15e+00    .80000000 5.7129839974e+06
178 1     .401318   5.74 1.17709    1.178   4049. 6.848e-07  4.20e+00    .80000000 6.7874239772e+06
179 1     .358273   5.86 1.11002    1.111   4044. 7.392e-07  4.25e+00    .80000000 8.1304739521e+06
180 1     .320807   5.98 1.04695    1.047   4041. 7.959e-07  4.30e+00    .80000000 9.7794974239e+06
181 1     .292945   6.08  .99635     .997   4047. 8.484e-07  4.34e+00    .80000000 1.1467741981e+07
182 1     .268127   6.18  .94760     .948   4052. 8.978e-07  4.39e+00    .80000000 1.3572219840e+07
183 1     .248701   6.26  .90568     .906   4062. 9.394e-07  4.43e+00    .80000000 1.5919435197e+07
184 1     .234076   6.33  .87052     .871   4078. 9.696e-07  4.46e+00    .80000000 1.8479142761e+07
185 1     .223832   6.38  .84184     .842   4101. 9.858e-07  4.49e+00    .80000000 2.1217779819e+07
186 1     .217628   6.41  .81925     .820   4138. 9.893e-07  4.51e+00    .80000000 2.4097591560e+07
187 1     .215112   6.42  .80245     .803   4178. 9.712e-07  4.53e+00    .80000000 2.7070318605e+07
188 1     .216314   6.41  .79085     .791   4229. 9.351e-07  4.54e+00    .80000000 3.0097168563e+07
189 1     .220961   6.39  .78383     .784   4290. 8.819e-07  4.55e+00    .80000000 3.3143403113e+07
190 1     .229275   6.35  .78029     .781   4359. 8.185e-07  4.56e+00    .80000000 3.6125185526e+07
191 1     .241235   6.29  .77851     .779   4436. 7.496e-07  4.56e+00    .80000000 3.9136782809e+07
192 1     .255871   6.23  .77668     .777   4524. 6.835e-07  4.56e+00    .80000000 4.2208411639e+07
193 1     .269749   6.17  .77366     .774   4595. 6.298e-07  4.56e+00    .80000000 4.5083807364e+07
194 1     .280822   6.13  .76666     .767   4667. 5.851e-07  4.57e+00    .80000000 4.8476713675e+07
195 1     .280686   6.13  .75321     .753   4708. 5.702e-07  4.59e+00    .80000000 5.2586518363e+07
196 1     .264883   6.19  .73430     .735   4699. 5.939e-07  4.61e+00    .80000000 5.7723774223e+07
197 1     .244108   6.28  .71703     .717   4658. 6.399e-07  4.63e+00    .80000000 6.4145344048e+07
198 1     .231053   6.34  .70701     .707   4626. 6.770e-07  4.64e+00    .80000000 7.2172306329e+07
199 1     .226596   6.36  .70352     .704   4611. 6.910e-07  4.65e+00    .80000000 8.2206009181e+07
200 1     .225787   6.37  .70291     .703   4612. 6.932e-07  4.65e+00    .80000000 9.4748137745e+07
201 1     .226090   6.36  .70306     .703   4613. 6.921e-07  4.65e+00    .80000000 1.0734682008e+08
202 1     .226238   6.36  .70328     .704   4613. 6.918e-07  4.65e+00    .80000000 1.1992594994e+08
203 1     .226418   6.36  .70357     .704   4613. 6.914e-07  4.65e+00    .80000000 1.3249290359e+08
204 1     .226481   6.36  .70387     .704   4613. 6.916e-07  4.65e+00    .80000000 1.4504470539e+08
205 1     .226641   6.36  .70423     .704   4612. 6.915e-07  4.65e+00    .80000000 1.5758766946e+08
206 1     .226672   6.36  .70462     .705   4608. 6.941e-07  4.64e+00    .80000000 1.7011547820e+08
207 1     .226700   6.36  .70494     .705   4610. 6.923e-07  4.64e+00    .80000000 1.8263455666e+08
208 1     .226734   6.36  .70526     .705   4609. 6.927e-07  4.64e+00    .80000000 1.9514646546e+08
209 1     .226814   6.36  .70564     .706   4608. 6.929e-07  4.64e+00    .80000000 2.0765076730e+08
210 1     .227194   6.36  .70603     .706   4609. 6.920e-07  4.64e+00    .80000000 2.2014386348e+08
211 1     .227324   6.36  .70631     .707   4609. 6.918e-07  4.64e+00    .80000000 2.3260920675e+08
212 1     .227625   6.36  .70664     .707   4609. 6.911e-07  4.64e+00    .80000000 2.4506241935e+08
213 1     .227725   6.36  .70689     .707   4609. 6.910e-07  4.64e+00    .80000000 2.5749346492e+08
214 1     .227754   6.36  .70711     .707   4608. 6.913e-07  4.64e+00    .80000000 2.6991466868e+08
215 1     .228254   6.35  .70748     .708   4609. 6.902e-07  4.64e+00    .80000000 2.8233043434e+08
216 1     .228382   6.35  .70772     .708   4610. 6.895e-07  4.64e+00    .80000000 2.9471246542e+08
217 1     .228583   6.35  .70805     .708   4610. 6.892e-07  4.64e+00    .80000000 3.0708339361e+08
218 1     .228652   6.35  .70827     .709   4609. 6.892e-07  4.64e+00    .80000000 3.1943757974e+08
219 1     .228659   6.35  .70846     .709   4609. 6.895e-07  4.64e+00    .80000000 3.3178424305e+08
220 1     .228686   6.35  .70864     .709   4608. 6.895e-07  4.64e+00    .80000000 3.4412726858e+08
221 1     .228838   6.35  .70885     .709   4608. 6.893e-07  4.64e+00    .80000000 3.5646568993e+08
222 1     .228953   6.35  .70903     .709   4608. 6.891e-07  4.64e+00    .80000000 3.6879218644e+08
223 1     .228947   6.35  .70916     .709   4608. 6.893e-07  4.64e+00    .80000000 3.8110939008e+08
224 1     .228963   6.35  .70936     .710   4607. 6.894e-07  4.64e+00    .80000000 3.9342474957e+08
225 1     .229042   6.35  .70951     .710   4607. 6.895e-07  4.64e+00    .80000000 4.0573574951e+08
226 1     .229199   6.35  .70968     .710   4607. 6.891e-07  4.64e+00    .80000000 4.1803982888e+08
227 1     .229331   6.35  .70983     .710   4608. 6.888e-07  4.64e+00    .80000000 4.3033252918e+08
228 1     .229347   6.35  .70993     .710   4607. 6.889e-07  4.64e+00    .80000000 4.4261558629e+08
229 2     .229401   6.35  .71005     .710   4607. 6.888e-07  4.64e+00    .80000000 4.5489599492e+08
230 2     .229493   6.35  .71019     .710   4607. 6.886e-07  4.64e+00    .80000000 4.7024650570e+08
231 2     .229639   6.35  .71036     .711   4607. 6.883e-07  4.64e+00    .80000000 4.8943464418e+08
232 2     .229794   6.35  .71054     .711   4608. 6.879e-07  4.64e+00    .80000000 5.1341981728e+08
233 2     .229912   6.35  .71074     .711   4608. 6.877e-07  4.64e+00    .80000000 5.4340128366e+08
234 2     .230108   6.35  .71099     .711   4608. 6.873e-07  4.64e+00    .80000000 5.8087811663e+08
235 2     .230345   6.34  .71130     .712   4608. 6.868e-07  4.64e+00    .80000000 6.2772415784e+08
236 2     .230625   6.34  .71172     .712   4608. 6.861e-07  4.64e+00    .80000000 6.8628170936e+08
237 2     .231016   6.34  .71217     .712   4609. 6.853e-07  4.64e+00    .80000000 7.5947864875e+08
238 2     .231976   6.34  .71296     .713   4614. 6.816e-07  4.63e+00    .80000000 8.5097482300e+08
239 2     .232809   6.33  .71374     .714   4612. 6.803e-07  4.63e+00    .80000000 9.6534504080e+08
240 2     .233497   6.33  .71448     .715   4614. 6.784e-07  4.63e+00    .80000000 1.1083078131e+09
241 2     .234479   6.32  .71531     .716   4618. 6.752e-07  4.63e+00    .80000000 1.2870112784e+09
242 2     .235179   6.32  .71625     .716   4616. 6.742e-07  4.63e+00    .80000000 1.4770112784e+09
243 2     .236349   6.32  .71740     .718   4618. 6.714e-07  4.63e+00    .80000000 1.6670112784e+09
244 2     .237494   6.31  .71845     .719   4619. 6.686e-07  4.63e+00    .80000000 1.8570112784e+09
245 2     .238649   6.31  .71945     .720   4626. 6.648e-07  4.63e+00    .80000000 2.0470112784e+09
246 2     .239816   6.30  .72043     .721   4629. 6.613e-07  4.63e+00    .80000000 2.2370112784e+09
247 2     .241015   6.29  .72139     .722   4632. 6.578e-07  4.62e+00    .80000000 2.4270112784e+09
248 2     .242389   6.29  .72243     .723   4636. 6.539e-07  4.62e+00    .80000000 2.6170112784e+09
249 2     .243600   6.28  .72336     .724   4639. 6.507e-07  4.62e+00    .80000000 2.8070112784e+09
250 2     .244945   6.28  .72432     .725   4643. 6.465e-07  4.62e+00    .80000000 2.9970112784e+09
251 2     .245991   6.27  .72520     .725   4643. 6.450e-07  4.62e+00    .80000000 3.1870112784e+09
252 2     .247235   6.27  .72613     .726   4647. 6.411e-07  4.62e+00    .80000000 3.3770112784e+09
253 2     .249026   6.26  .72729     .728   4652. 6.360e-07  4.62e+00    .80000000 3.5670112784e+09
254 2     .250051   6.25  .72815     .728   4649. 6.349e-07  4.62e+00    .80000000 3.7570112784e+09
255 2     .251488   6.25  .72919     .729   4658. 6.299e-07  4.62e+00    .80000000 3.9470112784e+09
256 2     .252853   6.24  .73018     .730   4660. 6.268e-07  4.61e+00    .80000000 4.1370112784e+09
257 2     .254060   6.24  .73108     .731   4663. 6.239e-07  4.61e+00    .80000000 4.3270112784e+09
258 2     .255345   6.23  .73202     .732   4667. 6.205e-07  4.61e+00    .80000000 4.5170112784e+09
259 2     .256686   6.23  .73298     .733   4670. 6.172e-07  4.61e+00    .80000000 4.7070112784e+09
260 2     .258019   6.22  .73394     .734   4673. 6.141e-07  4.61e+00    .80000000 4.8970112784e+09
261 2     .259362   6.22  .73489     .735   4677. 6.110e-07  4.61e+00    .80000000 5.0870112784e+09
262 2     .260720   6.21  .73586     .736   4680. 6.078e-07  4.61e+00    .80000000 5.2770112784e+09
263 2     .262360   6.20  .73697     .737   4684. 6.038e-07  4.61e+00    .80000000 5.4670112784e+09
264 2     .263976   6.20  .73807     .738   4687. 6.003e-07  4.60e+00    .80000000 5.6570112784e+09
265 2     .265433   6.19  .73909     .739   4690. 5.972e-07  4.60e+00    .80000000 5.8470112784e+09
266 2     .266914   6.18  .74011     .740   4693. 5.938e-07  4.60e+00    .80000000 6.0370112784e+09
267 2     .268376   6.18  .74113     .741   4696. 5.907e-07  4.60e+00    .80000000 6.2270112784e+09
268 2     .269838   6.17  .74214     .742   4699. 5.876e-07  4.60e+00    .80000000 6.4170112784e+09
269 2     .271263   6.17  .74327     .744   4699. 5.855e-07  4.60e+00    .80000000 6.6070112784e+09
270 2     .272752   6.16  .74430     .745   4706. 5.816e-07  4.60e+00    .80000000 6.7970112784e+09
271 2     .274272   6.15  .74533     .746   4710. 5.783e-07  4.60e+00    .80000000 6.9870112784e+09
272 2     .275810   6.15  .74637     .747   4714. 5.751e-07  4.59e+00    .80000000 7.1770112784e+09
273 2     .277362   6.14  .74742     .748   4717. 5.719e-07  4.59e+00    .80000000 7.3670112784e+09
274 2     .278935   6.14  .74848     .749   4720. 5.688e-07  4.59e+00    .80000000 7.5570112784e+09
275 2     .280529   6.13  .74954     .750   4724. 5.656e-07  4.59e+00    .80000000 7.7470112784e+09
276 2     .282140   6.12  .75062     .751   4727. 5.625e-07  4.59e+00    .80000000 7.9370112784e+09
277 2     .283770   6.12  .75170     .752   4731. 5.594e-07  4.59e+00    .80000000 8.1270112784e+09
278 2     .285420   6.11  .75280     .753   4734. 5.563e-07  4.59e+00    .80000000 8.3170112784e+09
279 2     .287091   6.10  .75390     .754   4738. 5.532e-07  4.59e+00    .80000000 8.5070112784e+09
280 2     .288782   6.10  .75501     .755   4741. 5.500e-07  4.58e+00    .80000000 8.6970112784e+09
281 2     .290447   6.09  .75632     .757   4738. 5.499e-07  4.58e+00    .80000000 8.8870112784e+09
282 2     .292190   6.09  .75742     .758   4748. 5.440e-07  4.58e+00    .80000000 9.0770112784e+09
283 2     .293943   6.08  .75857     .759   4751. 5.410e-07  4.58e+00    .80000000 9.2670112784e+09
284 2     .295718   6.07  .75973     .760   4755. 5.379e-07  4.58e+00    .80000000 9.4570112784e+09
285 2     .297516   6.07  .76089     .761   4758. 5.349e-07  4.58e+00    .80000000 9.6470112784e+09
286 2     .299338   6.06  .76208     .762   4762. 5.318e-07  4.58e+00    .80000000 9.8370112784e+09
287 2     .301183   6.05  .76327     .764   4766. 5.287e-07  4.58e+00    .80000000 1.0027011278e+10
288 2     .303051   6.05  .76447     .765   4769. 5.257e-07  4.57e+00    .80000000 1.0217011278e+10
289 2     .304934   6.04  .76573     .766   4772. 5.229e-07  4.57e+00    .80000000 1.0407011278e+10
290 2     .306852   6.03  .76696     .767   4777. 5.196e-07  4.57e+00    .80000000 1.0597011278e+10
291 2     .308795   6.03  .76821     .769   4780. 5.166e-07  4.57e+00    .80000000 1.0787011278e+10
292 2     .310694   6.02  .76971     .770   4778. 5.143e-07  4.57e+00    .80000000 1.0977011278e+10
293 2     .312711   6.01  .77087     .771   4777. 5.128e-07  4.57e+00    .80000000 1.1167011278e+10
294 2     .314698   6.01  .77220     .772   4787. 5.084e-07  4.57e+00    .80000000 1.1357011278e+10
295 2     .316761   6.00  .77351     .774   4790. 5.053e-07  4.56e+00    .80000000 1.1547011278e+10
296 2     .318856   5.99  .77482     .775   4794. 5.023e-07  4.56e+00    .80000000 1.1737011278e+10
297 2     .320882   5.98  .77646     .777   4796. 4.993e-07  4.56e+00    .80000000 1.1927011278e+10
298 2     .323054   5.98  .77763     .778   4801. 4.966e-07  4.56e+00    .80000000 1.2117011278e+10
299 2     .325163   5.97  .77921     .780   4803. 4.938e-07  4.56e+00    .80000000 1.2307011278e+10
300 2     .327385   5.96  .78059     .781   4808. 4.907e-07  4.56e+00    .80000000 1.2497011278e+10
301 2     .329620   5.95  .78199     .782   4812. 4.877e-07  4.55e+00    .80000000 1.2687011278e+10
302 2     .331885   5.95  .78339     .784   4816. 4.847e-07  4.55e+00    .80000000 1.2877011278e+10
303 2     .334185   5.94  .78482     .785   4815. 4.824e-07  4.55e+00    .80000000 1.3067011278e+10
304 2     .336494   5.93  .78627     .787   4824. 4.788e-07  4.55e+00    .80000000 1.3257011278e+10
305 2     .338776   5.93  .78803     .788   4830. 4.730e-07  4.55e+00    .80000000 1.3447011278e+10
306 2     .341217   5.92  .78936     .790   4831. 4.731e-07  4.55e+00    .80000000 1.3637011278e+10
307 2     .343588   5.91  .79107     .791   4834. 4.704e-07  4.54e+00    .80000000 1.3827011278e+10
308 2     .346078   5.90  .79260     .793   4838. 4.674e-07  4.54e+00    .80000000 1.4017011278e+10
309 2     .348584   5.89  .79414     .794   4843. 4.644e-07  4.54e+00    .80000000 1.4207011278e+10
310 2     .351136   5.89  .79570     .796   4847. 4.615e-07  4.54e+00    .80000000 1.4397011278e+10
311 2     .353658   5.88  .79752     .798   4850. 4.588e-07  4.54e+00    .80000000 1.4587011278e+10
312 2     .356280   5.87  .79913     .799   4854. 4.559e-07  4.54e+00    .80000000 1.4777011278e+10
313 2     .358944   5.86  .80076     .801   4858. 4.530e-07  4.53e+00    .80000000 1.4967011278e+10
314 2     .361653   5.85  .80242     .803   4862. 4.501e-07  4.53e+00    .80000000 1.5157011278e+10
315 2     .364332   5.85  .80434     .805   4866. 4.474e-07  4.53e+00    .80000000 1.5347011278e+10
316 2     .367126   5.84  .80605     .806   4870. 4.445e-07  4.53e+00    .80000000 1.5537011278e+10
317 2     .369960   5.83  .80777     .808   4874. 4.417e-07  4.53e+00    .80000000 1.5727011278e+10
318 2     .372768   5.82  .80980     .810   4878. 4.394e-07  4.52e+00    .80000000 1.5917011278e+10
319 2     .375695   5.81  .81158     .812   4882. 4.362e-07  4.52e+00    .80000000 1.6107011278e+10
320 2     .378672   5.80  .81338     .814   4886. 4.333e-07  4.52e+00    .80000000 1.6297011278e+10
321 2     .381620   5.80  .81548     .816   4889. 4.311e-07  4.52e+00    .80000000 1.6487011278e+10
322 2     .384693   5.79  .81734     .818   4894. 4.278e-07  4.52e+00    .80000000 1.6677011278e+10
323 2     .387818   5.78  .81923     .820   4898. 4.250e-07  4.51e+00    .80000000 1.6867011278e+10
324 2     .390906   5.77  .82147     .822   4901. 4.224e-07  4.51e+00    .80000000 1.7057011278e+10
325 2     .394138   5.76  .82342     .824   4905. 4.195e-07  4.51e+00    .80000000 1.7247011278e+10
326 2     .397425   5.75  .82540     .826   4910. 4.167e-07  4.51e+00    .80000000 1.7437011278e+10
327 2     .400676   5.74  .82777     .828   4912. 4.148e-07  4.51e+00    .80000000 1.7627011278e+10
328 2     .404081   5.73  .82982     .830   4917. 4.113e-07  4.50e+00    .80000000 1.7817011278e+10
329 2     .407547   5.72  .83190     .832   4922. 4.085e-07  4.50e+00    .80000000 1.8007011278e+10
330 2     .410973   5.72  .83438     .835   4924. 4.066e-07  4.50e+00    .80000000 1.8197011278e+10
331 2     .414563   5.71  .83653     .837   4929. 4.031e-07  4.50e+00    .80000000 1.8387011278e+10
332 2     .418218   5.70  .83872     .839   4934. 4.003e-07  4.49e+00    .80000000 1.8577011278e+10
333 2     .421839   5.69  .84131     .842   4937. 3.978e-07  4.49e+00    .80000000 1.8767011278e+10
334 2     .425628   5.68  .84357     .844   4941. 3.950e-07  4.49e+00    .80000000 1.8957011278e+10
335 2     .429373   5.67  .84630     .847   4944. 3.925e-07  4.49e+00    .80000000 1.9147011278e+10
336 2     .433301   5.66  .84865     .849   4949. 3.897e-07  4.48e+00    .80000000 1.9337011278e+10
337 2     .437310   5.65  .85103     .851   4953. 3.869e-07  4.48e+00    .80000000 1.9527011278e+10
338 2     .441279   5.64  .85392     .854   4955. 3.852e-07  4.48e+00    .80000000 1.9717011278e+10
339 2     .445429   5.63  .85647     .857   4960. 3.817e-07  4.48e+00    .80000000 1.9907011278e+10
340 2     .449582   5.62  .85937     .860   4963. 3.790e-07  4.47e+00    .80000000 2.0097011278e+10
341 2     .453940   5.61  .86188     .862   4968. 3.764e-07  4.47e+00    .80000000 2.0287011278e+10
342 2     .458275   5.60  .86484     .865   4971. 3.739e-07  4.47e+00    .80000000 2.0477011278e+10
343 2     .462802   5.59  .86752     .868   4976. 3.711e-07  4.46e+00    .80000000 2.0667011278e+10
344 2     .467312   5.58  .87062     .871   4980. 3.686e-07  4.46e+00    .80000000 2.0857011278e+10
345 2     .471944   5.57  .87374     .874   4983. 3.660e-07  4.46e+00    .80000000 2.1047011278e+10
346 2     .476769   5.55  .87658     .877   4988. 3.634e-07  4.46e+00    .80000000 2.1237011278e+10
347 2     .481607   5.54  .87980     .880   4991. 3.609e-07  4.45e+00    .80000000 2.1427011278e+10
348 2     .486553   5.53  .88313     .884   4995. 3.583e-07  4.45e+00    .80000000 2.1617011278e+10
