#  model      L (Lo)        Reff (Ro)          Teff               log g                   age (yr)
#    phase             Mbol           R* (Ro)         rho_eff                M (Mo)
#
     1 1   21.876372   1.43 9.45929    9.494   3956. 5.731e-08  2.44e+00    .90000000 1.4884354519e+03
     2 1   20.781870   1.49 9.16625    9.199   3960. 5.875e-08  2.47e+00    .90000000 3.3489797668e+03
     3 1   20.141383   1.52 8.98998    9.021   3972. 5.986e-08  2.48e+00    .90000000 4.5626780752e+03
     4 1   19.436821   1.56 8.79634    8.827   3979. 6.100e-08  2.50e+00    .90000000 6.0054713559e+03
     5 1   18.763070   1.60 8.60556    8.635   3986. 6.213e-08  2.52e+00    .90000000 7.5439905531e+03
     6 1   18.089188   1.64 8.41740    8.445   3992. 6.336e-08  2.54e+00    .90000000 9.1963548341e+03
     7 1   17.451945   1.68 8.23376    8.260   3999. 6.458e-08  2.56e+00    .90000000 1.0948090880e+04
     8 1   16.823252   1.73 8.05168    8.077   4005. 6.584e-08  2.58e+00    .90000000 1.2839126008e+04
     9 1   16.217409   1.77 7.87299    7.897   4011. 6.714e-08  2.60e+00    .90000000 1.4862813115e+04
    10 1   15.629974   1.81 7.69659    7.720   4018. 6.844e-08  2.62e+00    .90000000 1.7041806538e+04
    11 1   15.053424   1.85 7.52330    7.546   4024. 6.983e-08  2.64e+00    .90000000 1.9388851132e+04
    12 1   14.501354   1.89 7.35413    7.376   4030. 7.123e-08  2.66e+00    .90000000 2.1910172645e+04
    13 1   13.949284   1.89 7.19351    7.213   4033. 8.101e-08  2.68e+00    .90000000 2.4412040855e+04
    14 1   13.367324   1.93 7.01677    7.035   4036. 8.348e-08  2.70e+00    .90000000 2.7539376117e+04
    15 1   12.878284   1.98 6.86622    6.884   4041. 8.534e-08  2.72e+00    .90000000 3.0532911039e+04
    16 1   12.399346   2.02 6.71503    6.732   4049. 8.691e-08  2.74e+00    .90000000 3.3971441745e+04
    17 1   11.941647   2.06 6.56880    6.585   4055. 8.876e-08  2.76e+00    .90000000 3.7866190996e+04
    18 1   11.512229   2.10 6.42949    6.445   4062. 9.038e-08  2.78e+00    .90000000 4.2378300334e+04
    19 1   11.117373   2.13 6.29918    6.314   4068. 9.206e-08  2.79e+00    .90000000 4.7800613815e+04
    20 1   10.761214   2.17 6.18261    6.197   4073. 9.379e-08  2.81e+00    .90000000 5.4578505665e+04
    21 1   10.476252   2.20 6.08742    6.101   4076. 9.522e-08  2.82e+00    .90000000 6.3050870478e+04
    22 1   10.264878   2.22 6.01553    6.029   4080. 9.627e-08  2.83e+00    .90000000 7.3641326494e+04
    23 1   10.103567   2.24 5.96253    5.976   4084. 9.733e-08  2.84e+00    .90000000 8.6879396514e+04
    24 1    9.992883   2.25 5.92302    5.936   4089. 9.784e-08  2.85e+00    .90000000 1.0048740673e+05
    25 1    9.896724   2.26 5.89047    5.904   4091. 9.840e-08  2.85e+00    .90000000 1.1288436300e+05
    26 1    9.807842   2.27 5.86127    5.874   4091. 9.899e-08  2.86e+00    .90000000 1.2436853680e+05
    27 1    9.729492   2.28 5.83331    5.846   4093. 9.938e-08  2.86e+00    .90000000 1.3508344473e+05
    28 1    9.649461   2.29 5.80635    5.819   4093. 9.990e-08  2.86e+00    .90000000 1.4510711889e+05
    29 1    9.572052   2.30 5.77999    5.793   4095. 1.003e-07  2.87e+00    .90000000 1.5450775692e+05
    30 1    9.501798   2.31 5.75400    5.767   4097. 1.007e-07  2.87e+00    .90000000 1.6333285543e+05
    31 1    9.425540   2.31 5.72849    5.741   4098. 1.011e-07  2.88e+00    .90000000 1.7162285233e+05
    32 1    9.356336   2.32 5.70332    5.716   4099. 1.016e-07  2.88e+00    .90000000 1.7941841675e+05
    33 1    9.280162   2.33 5.67856    5.691   4099. 1.020e-07  2.88e+00    .90000000 1.8675369878e+05
    34 1    9.211211   2.34 5.65410    5.666   4100. 1.026e-07  2.89e+00    .90000000 1.9366109929e+05
    35 1    9.143609   2.35 5.62989    5.642   4101. 1.030e-07  2.89e+00    .90000000 2.0016918789e+05
    36 1    9.077424   2.36 5.60600    5.618   4102. 1.034e-07  2.89e+00    .90000000 2.0630343716e+05
    37 1    9.012294   2.36 5.58240    5.594   4104. 1.037e-07  2.90e+00    .90000000 2.1208877658e+05
    38 1    8.944371   2.37 5.55923    5.571   4104. 1.042e-07  2.90e+00    .90000000 2.1754774010e+05
    39 1    8.879141   2.38 5.53644    5.548   4105. 1.046e-07  2.91e+00    .90000000 2.2270419444e+05
    40 1    8.816032   2.39 5.51395    5.526   4106. 1.050e-07  2.91e+00    .90000000 2.2757773560e+05
    41 1    8.754351   2.39 5.49177    5.503   4107. 1.056e-07  2.91e+00    .90000000 2.3218646979e+05
    42 1    8.693931   2.40 5.46991    5.481   4108. 1.060e-07  2.92e+00    .90000000 2.3654812437e+05
    43 1    8.634855   2.41 5.44835    5.460   4109. 1.063e-07  2.92e+00    .90000000 2.4067771983e+05
    44 1    8.574468   2.42 5.42716    5.438   4110. 1.067e-07  2.92e+00    .90000000 2.4459011911e+05
    45 1    8.515395   2.42 5.40636    5.417   4110. 1.072e-07  2.93e+00    .90000000 2.4829990051e+05
    46 1    8.460854   2.43 5.38585    5.397   4111. 1.076e-07  2.93e+00    .90000000 2.5182064719e+05
    47 1    8.404483   2.44 5.36568    5.377   4113. 1.079e-07  2.93e+00    .90000000 2.5516333602e+05
    48 1    8.349548   2.45 5.34590    5.357   4114. 1.083e-07  2.94e+00    .90000000 2.5833961301e+05
    49 1    8.296175   2.45 5.32647    5.337   4114. 1.087e-07  2.94e+00    .90000000 2.6136037933e+05
    50 1    8.244149   2.46 5.30737    5.318   4115. 1.091e-07  2.94e+00    .90000000 2.6423521878e+05
    51 1    8.193342   2.47 5.28861    5.299   4116. 1.095e-07  2.95e+00    .90000000 2.6697324569e+05
    52 1    8.140855   2.47 5.27019    5.281   4116. 1.099e-07  2.95e+00    .90000000 2.6958272384e+05
    53 1    8.092779   2.48 5.25208    5.263   4117. 1.103e-07  2.95e+00    .90000000 2.7207186189e+05
    54 1    8.045713   2.49 5.23427    5.245   4118. 1.106e-07  2.95e+00    .90000000 2.7444752546e+05
    55 1    7.997148   2.49 5.21685    5.227   4118. 1.111e-07  2.96e+00    .90000000 2.7671658018e+05
    56 1    7.949770   2.50 5.19975    5.210   4119. 1.114e-07  2.96e+00    .90000000 2.7888576678e+05
    57 1    7.906803   2.50 5.18296    5.193   4120. 1.117e-07  2.96e+00    .90000000 2.8096075667e+05
    58 1    7.861954   2.51 5.16653    5.177   4121. 1.120e-07  2.97e+00    .90000000 2.8294709788e+05
    59 1    7.818456   2.52 5.15047    5.161   4121. 1.125e-07  2.97e+00    .90000000 2.8485010110e+05
    60 1    7.775857   2.52 5.13465    5.145   4122. 1.128e-07  2.97e+00    .90000000 2.8667485758e+05
    61 1    7.734548   2.53 5.11917    5.129   4123. 1.132e-07  2.97e+00    .90000000 2.8842563712e+05
    62 1    7.694422   2.53 5.10398    5.114   4124. 1.134e-07  2.98e+00    .90000000 2.9010670378e+05
    63 1    7.652327   2.54 5.08916    5.099   4124. 1.138e-07  2.98e+00    .90000000 2.9172214608e+05
    64 1    7.614425   2.55 5.07465    5.084   4124. 1.141e-07  2.98e+00    .90000000 2.9327574451e+05
    65 1    7.577683   2.55 5.06038    5.070   4125. 1.145e-07  2.98e+00    .90000000 2.9477088910e+05
    66 1    7.538710   2.56 5.04640    5.056   4126. 1.147e-07  2.99e+00    .90000000 2.9621049477e+05
    67 1    7.504274   2.56 5.03277    5.042   4126. 1.151e-07  2.99e+00    .90000000 2.9759788684e+05
    68 1    7.467259   2.57 5.01937    5.029   4127. 1.153e-07  2.99e+00    .90000000 2.9893577071e+05
    69 1    7.434822   2.57 5.00630    5.016   4127. 1.157e-07  2.99e+00    .90000000 3.0022690680e+05
    70 1    7.399904   2.58 4.99345    5.003   4128. 1.159e-07  3.00e+00    .90000000 3.0147372277e+05
    71 1    7.366162   2.58 4.98092    4.990   4128. 1.162e-07  3.00e+00    .90000000 3.0267851810e+05
    72 1    7.333215   2.59 4.96866    4.978   4129. 1.165e-07  3.00e+00    .90000000 3.0384357872e+05
    73 1    7.301092   2.59 4.95663    4.966   4129. 1.168e-07  3.00e+00    .90000000 3.0497085608e+05
    74 1    7.269880   2.60 4.94482    4.954   4130. 1.171e-07  3.00e+00    .90000000 3.0606223822e+05
    75 1    7.239550   2.60 4.93327    4.943   4130. 1.174e-07  3.01e+00    .90000000 3.0711949631e+05
    76 1    7.210188   2.61 4.92197    4.931   4130. 1.177e-07  3.01e+00    .90000000 3.0814432521e+05
    77 1    7.181551   2.61 4.91090    4.920   4131. 1.179e-07  3.01e+00    .90000000 3.0913832023e+05
    78 1    7.153765   2.61 4.90007    4.909   4132. 1.182e-07  3.01e+00    .90000000 3.1010298485e+05
    79 1    7.126728   2.62 4.88949    4.899   4132. 1.184e-07  3.01e+00    .90000000 3.1103975025e+05
    80 1    7.100629   2.62 4.87912    4.888   4132. 1.187e-07  3.02e+00    .90000000 3.1194998433e+05
    81 1    7.075046   2.63 4.86899    4.878   4133. 1.189e-07  3.02e+00    .90000000 3.1283498994e+05
    82 1    7.047164   2.63 4.85905    4.868   4133. 1.192e-07  3.02e+00    .90000000 3.1369584590e+05
    83 1    7.023257   2.63 4.84933    4.858   4134. 1.194e-07  3.02e+00    .90000000 3.1453372514e+05
    84 1    6.996405   2.64 4.83981    4.849   4134. 1.197e-07  3.02e+00    .90000000 3.1534959251e+05
    85 1    6.973878   2.64 4.83050    4.839   4134. 1.199e-07  3.02e+00    .90000000 3.1614455120e+05
    86 1    6.951756   2.64 4.82135    4.830   4135. 1.201e-07  3.03e+00    .90000000 3.1691943119e+05
    87 1    6.927218   2.65 4.81241    4.821   4135. 1.203e-07  3.03e+00    .90000000 3.1767512103e+05
    88 1    6.903029   2.65 4.80365    4.812   4135. 1.206e-07  3.03e+00    .90000000 3.1841245772e+05
    89 1    6.883130   2.66 4.79508    4.804   4136. 1.208e-07  3.03e+00    .90000000 3.1913228782e+05
    90 1    6.860187   2.66 4.78667    4.795   4136. 1.210e-07  3.03e+00    .90000000 3.1983526967e+05
    91 1    6.841257   2.66 4.77844    4.787   4141. 1.214e-07  3.03e+00    .90000000 3.2052218062e+05
    92 1    6.819478   2.67 4.77036    4.779   4137. 1.214e-07  3.03e+00    .90000000 3.2119360146e+05
    93 1    6.798163   2.67 4.76245    4.771   4143. 1.219e-07  3.04e+00    .90000000 3.2185019344e+05
    94 1    6.777393   2.67 4.75469    4.763   4143. 1.220e-07  3.04e+00    .90000000 3.2249258335e+05
    95 1    6.760741   2.68 4.74708    4.756   4144. 1.222e-07  3.04e+00    .90000000 3.2312126348e+05
    96 1    6.741017   2.68 4.73962    4.748   4144. 1.224e-07  3.04e+00    .90000000 3.2373680300e+05
    97 1    6.721770   2.68 4.73231    4.741   4144. 1.226e-07  3.04e+00    .90000000 3.2433971914e+05
    98 1    6.702964   2.68 4.72513    4.734   4144. 1.228e-07  3.04e+00    .90000000 3.2493050375e+05
    99 1    6.684566   2.69 4.71809    4.727   4144. 1.230e-07  3.04e+00    .90000000 3.2550959850e+05
   100 1    6.666647   2.69 4.71119    4.720   4145. 1.232e-07  3.05e+00    .90000000 3.2607744328e+05
   101 1    6.649137   2.69 4.70441    4.713   4145. 1.234e-07  3.05e+00    .90000000 3.2663441749e+05
   102 1    6.635708   2.70 4.69776    4.706   4146. 1.235e-07  3.05e+00    .90000000 3.2718094235e+05
   103 1    6.618998   2.70 4.69124    4.700   4146. 1.237e-07  3.05e+00    .90000000 3.2771739600e+05
   104 1    6.602754   2.70 4.68484    4.693   4146. 1.239e-07  3.05e+00    .90000000 3.2824414004e+05
   105 1    6.586942   2.70 4.67855    4.687   4147. 1.240e-07  3.05e+00    .90000000 3.2876151698e+05
   106 1    6.571448   2.71 4.67238    4.681   4147. 1.242e-07  3.05e+00    .90000000 3.2926985225e+05
   107 1    6.552789   2.71 4.66632    4.675   4147. 1.244e-07  3.05e+00    .90000000 3.2976945447e+05
   108 1    6.538019   2.71 4.66037    4.669   4147. 1.246e-07  3.06e+00    .90000000 3.3026062201e+05
   109 1    6.523592   2.71 4.65452    4.663   4147. 1.247e-07  3.06e+00    .90000000 3.3074362990e+05
   110 1    6.509494   2.72 4.64877    4.657   4147. 1.249e-07  3.06e+00    .90000000 3.3121874147e+05
   111 1    6.495660   2.72 4.64312    4.651   4148. 1.250e-07  3.06e+00    .90000000 3.3168621322e+05
   112 1    6.482195   2.72 4.63756    4.646   4148. 1.252e-07  3.06e+00    .90000000 3.3214629651e+05
   113 1    6.469033   2.72 4.63209    4.640   4148. 1.253e-07  3.06e+00    .90000000 3.3259920326e+05
   114 1    6.456148   2.73 4.62673    4.635   4149. 1.255e-07  3.06e+00    .90000000 3.3304517108e+05
   115 1    6.440046   2.73 4.62148    4.630   4148. 1.256e-07  3.06e+00    .90000000 3.3348443456e+05
   116 1    6.427383   2.73 4.61630    4.624   4149. 1.258e-07  3.06e+00    .90000000 3.3391721259e+05
   117 1    6.415851   2.73 4.61119    4.619   4149. 1.259e-07  3.06e+00    .90000000 3.3434367171e+05
   118 1    6.404109   2.73 4.60615    4.614   4150. 1.260e-07  3.07e+00    .90000000 3.3476399146e+05
   119 1    6.388994   2.74 4.60122    4.609   4149. 1.262e-07  3.07e+00    .90000000 3.3517835686e+05
   120 1    6.377847   2.74 4.59636    4.604   4150. 1.263e-07  3.07e+00    .90000000 3.3558695121e+05
   121 1    6.366897   2.74 4.59156    4.600   4150. 1.265e-07  3.07e+00    .90000000 3.3598993358e+05
   122 1    6.355176   2.74 4.58684    4.595   4150. 1.266e-07  3.07e+00    .90000000 3.3638745854e+05
   123 1    6.341982   2.74 4.58219    4.590   4150. 1.268e-07  3.07e+00    .90000000 3.3677967474e+05
   124 1    6.331621   2.75 4.57763    4.586   4150. 1.269e-07  3.07e+00    .90000000 3.3716673628e+05
   125 1    6.321227   2.75 4.57312    4.581   4151. 1.270e-07  3.07e+00    .90000000 3.3754878311e+05
   126 1    6.307800   2.75 4.56872    4.577   4151. 1.271e-07  3.07e+00    .90000000 3.3792596049e+05
   127 1    6.297577   2.75 4.56438    4.572   4151. 1.273e-07  3.07e+00    .90000000 3.3829842318e+05
   128 1    6.287134   2.75 4.56009    4.568   4151. 1.274e-07  3.07e+00    .90000000 3.3866628804e+05
   129 1    6.276470   2.76 4.55586    4.564   4151. 1.275e-07  3.07e+00    .90000000 3.3902966949e+05
   130 1    6.268021   2.76 4.55170    4.560   4152. 1.276e-07  3.08e+00    .90000000 3.3938868439e+05
   131 1    6.257132   2.76 4.54759    4.556   4152. 1.277e-07  3.08e+00    .90000000 3.3974344544e+05
   132 1    6.245913   2.76 4.54355    4.551   4152. 1.279e-07  3.08e+00    .90000000 3.4009406004e+05
   133 1    6.237180   2.76 4.53956    4.547   4152. 1.280e-07  3.08e+00    .90000000 3.4044063269e+05
   134 1    6.227735   2.76 4.53560    4.544   4152. 1.281e-07  3.08e+00    .90000000 3.4078324923e+05
   135 1    6.218724   2.77 4.53172    4.540   4153. 1.282e-07  3.08e+00    .90000000 3.4112200541e+05
   136 1    6.203472   2.77 4.52689    4.535   4152. 1.284e-07  3.08e+00    .90000000 3.4154545063e+05
   137 1    6.189227   2.77 4.52087    4.529   4153. 1.285e-07  3.08e+00    .90000000 3.4207475716e+05
   138 1    6.170282   2.77 4.51337    4.521   4153. 1.288e-07  3.08e+00    .90000000 3.4273639032e+05
   139 1    6.149218   2.78 4.50406    4.512   4154. 1.290e-07  3.08e+00    .90000000 3.4356343177e+05
   140 1    6.120110   2.78 4.49250    4.500   4154. 1.294e-07  3.09e+00    .90000000 3.4459723359e+05
   141 1    6.083345   2.79 4.47821    4.486   4154. 1.299e-07  3.09e+00    .90000000 3.4588948586e+05
   142 1    6.041547   2.80 4.46051    4.468   4155. 1.304e-07  3.09e+00    .90000000 3.4750480120e+05
   143 1    5.987923   2.81 4.43874    4.446   4156. 1.311e-07  3.10e+00    .90000000 3.4952394537e+05
   144 1    5.923996   2.82 4.41211    4.420   4157. 1.319e-07  3.10e+00    .90000000 3.5204787558e+05
   145 1    5.843515   2.83 4.37972    4.387   4158. 1.329e-07  3.11e+00    .90000000 3.5520278835e+05
   146 1    5.751185   2.85 4.34049    4.348   4160. 1.341e-07  3.12e+00    .90000000 3.5914642931e+05
   147 1    5.637089   2.87 4.29340    4.300   4161. 1.357e-07  3.13e+00    .90000000 3.6407598051e+05
   148 1    5.502448   2.90 4.23731    4.244   4163. 1.377e-07  3.14e+00    .90000000 3.7023791951e+05
   149 1    5.345432   2.93 4.17129    4.178   4165. 1.401e-07  3.15e+00    .90000000 3.7794034326e+05
   150 1    5.167933   2.97 4.09427    4.101   4169. 1.426e-07  3.17e+00    .90000000 3.8756837295e+05
   151 1    4.962524   3.01 4.00574    4.012   4169. 1.468e-07  3.19e+00    .90000000 3.9960341006e+05
   152 1    4.734240   3.06 3.90522    3.911   4176. 1.505e-07  3.21e+00    .90000000 4.1464720645e+05
   153 1    4.486007   3.12 3.79342    3.799   4179. 1.556e-07  3.23e+00    .90000000 4.3332435573e+05
   154 1    4.244616   3.18 3.68273    3.688   4181. 1.607e-07  3.26e+00    .90000000 4.5404116096e+05
   155 1    4.011667   3.24 3.57380    3.579   4187. 1.656e-07  3.29e+00    .90000000 4.7693967122e+05
   156 1    3.785599   3.30 3.46700    3.472   4186. 1.724e-07  3.31e+00    .90000000 5.0227350643e+05
   157 1    3.590489   3.36 3.37164    3.376   4189. 1.774e-07  3.34e+00    .90000000 5.2750493456e+05
   158 1    3.382948   3.43 3.26796    3.272   4196. 1.839e-07  3.36e+00    .90000000 5.5845641038e+05
   159 1    3.180469   3.49 3.16547    3.169   4197. 1.909e-07  3.39e+00    .90000000 5.9315055157e+05
   160 1    2.988772   3.56 3.06492    3.069   4200. 1.979e-07  3.42e+00    .90000000 6.3178516421e+05
   161 1    2.803088   3.63 2.96558    2.969   4201. 2.055e-07  3.45e+00    .90000000 6.7524847109e+05
   162 1    2.624521   3.70 2.86804    2.871   4203. 2.132e-07  3.48e+00    .90000000 7.2392898526e+05
   163 1    2.455429   3.77 2.77224    2.775   4203. 2.220e-07  3.51e+00    .90000000 7.7862345004e+05
   164 1    2.292983   3.85 2.67866    2.681   4210. 2.320e-07  3.54e+00    .90000000 8.3989451125e+05
   165 1    2.139094   3.92 2.58683    2.589   4209. 2.421e-07  3.57e+00    .90000000 9.0898105150e+05
   166 1    1.993954   4.00 2.49727    2.500   4209. 2.528e-07  3.60e+00    .90000000 9.8651527583e+05
   167 1    1.855662   4.08 2.40956    2.412   4208. 2.643e-07  3.63e+00    .90000000 1.0741012614e+06
   168 1    1.723374   4.16 2.32335    2.325   4206. 2.769e-07  3.66e+00    .90000000 1.1737262022e+06
   169 1    1.610531   4.23 2.24676    2.249   4204. 2.888e-07  3.69e+00    .90000000 1.2751477300e+06
   170 1    1.492451   4.32 2.16449    2.166   4204. 3.033e-07  3.72e+00    .90000000 1.4014917197e+06
   171 1    1.379426   4.40 2.08269    2.084   4201. 3.188e-07  3.75e+00    .90000000 1.5481296873e+06
   172 1    1.273573   4.49 2.00314    2.005   4197. 3.354e-07  3.79e+00    .90000000 1.7150097712e+06
   173 1    1.173999   4.58 1.92542    1.927   4193. 3.533e-07  3.82e+00    .90000000 1.9062505501e+06
   174 1    1.080587   4.67 1.84936    1.851   4195. 3.733e-07  3.86e+00    .90000000 2.1264728351e+06
   175 1     .992861   4.76 1.77500    1.776   4190. 3.943e-07  3.89e+00    .90000000 2.3806160762e+06
   176 1     .910413   4.85 1.70188    1.703   4184. 4.171e-07  3.93e+00    .90000000 2.6767639750e+06
   177 1     .833015   4.95 1.63004    1.631   4178. 4.419e-07  3.97e+00    .90000000 3.0232967799e+06
   178 1     .760503   5.05 1.55945    1.560   4171. 4.690e-07  4.01e+00    .90000000 3.4316576549e+06
   179 1     .692778   5.15 1.48998    1.491   4163. 4.985e-07  4.05e+00    .90000000 3.9173173447e+06
   180 1     .629908   5.25 1.42176    1.423   4155. 5.307e-07  4.09e+00    .90000000 4.4985387581e+06
   181 1     .577233   5.35 1.36141    1.362   4155. 5.634e-07  4.12e+00    .90000000 5.1200117264e+06
   182 1     .526596   5.45 1.29984    1.300   4147. 5.980e-07  4.16e+00    .90000000 5.8968529367e+06
   183 1     .478960   5.55 1.23813    1.239   4142. 6.357e-07  4.21e+00    .90000000 6.8679044496e+06
   184 1     .435801   5.65 1.17804    1.179   4146. 6.770e-07  4.25e+00    .90000000 8.0656934597e+06
   185 1     .398616   5.75 1.12188    1.122   4148. 7.156e-07  4.29e+00    .90000000 9.4996212439e+06
   186 1     .367671   5.84 1.07082    1.071   4157. 7.500e-07  4.33e+00    .90000000 1.1187083407e+07
   187 1     .344027   5.91 1.02748    1.028   4172. 7.756e-07  4.37e+00    .90000000 1.3047465873e+07
   188 1     .327217   5.96  .99183     .992   4195. 7.894e-07  4.40e+00    .90000000 1.5046649713e+07
   189 1     .316664   6.00  .96348     .964   4227. 7.893e-07  4.42e+00    .90000000 1.7152988354e+07
   190 1     .312073   6.01  .94200     .942   4275. 7.763e-07  4.44e+00    .90000000 1.9328430143e+07
   191 1     .313436   6.01  .92683     .927   4329. 7.447e-07  4.46e+00    .90000000 2.1533923612e+07
   192 1     .321380   5.98  .91704     .917   4393. 6.998e-07  4.47e+00    .90000000 2.3732593393e+07
   193 1     .334669   5.94  .91182     .912   4459. 6.503e-07  4.47e+00    .90000000 2.5702465549e+07
   194 1     .355344   5.87  .90860     .909   4537. 5.915e-07  4.48e+00    .90000000 2.7808571082e+07
   195 1     .381823   5.80  .90654     .907   4626. 5.323e-07  4.48e+00    .90000000 2.9879257803e+07
   196 1     .411928   5.71  .90453     .905   4735. 4.779e-07  4.48e+00    .90000000 3.1905412510e+07
   197 1     .442834   5.63  .90183     .902   4832. 4.344e-07  4.48e+00    .90000000 3.3910787422e+07
   198 1     .471957   5.57  .89752     .898   4914. 4.032e-07  4.49e+00    .90000000 3.5927377969e+07
   199 1     .493651   5.52  .88995     .890   4993. 3.806e-07  4.49e+00    .90000000 3.8022831741e+07
   200 1     .498991   5.50  .87562     .876   5047. 3.720e-07  4.51e+00    .90000000 4.0347269118e+07
   201 1     .476779   5.55  .85168     .852   5060. 3.805e-07  4.53e+00    .90000000 4.3252815840e+07
   202 1     .438197   5.65  .82498     .825   5033. 4.027e-07  4.56e+00    .90000000 4.6884749243e+07
   203 1     .407868   5.72  .80583     .806   5001. 4.245e-07  4.58e+00    .90000000 5.1424665996e+07
   204 1     .394497   5.76  .79623     .797   4988. 4.350e-07  4.59e+00    .90000000 5.7099561937e+07
   205 1     .391022   5.77  .79264     .793   4987. 4.376e-07  4.59e+00    .90000000 6.4193181864e+07
   206 1     .390955   5.77  .79126     .792   4993. 4.367e-07  4.60e+00    .90000000 7.2357766182e+07
   207 1     .391110   5.77  .79087     .791   4994. 4.363e-07  4.60e+00    .90000000 8.0538029384e+07
   208 1     .391105   5.77  .79082     .791   4994. 4.362e-07  4.60e+00    .90000000 8.8719102974e+07
   209 1     .391299   5.77  .79103     .791   4994. 4.361e-07  4.60e+00    .90000000 9.6900802661e+07
   210 1     .391385   5.77  .79131     .792   4994. 4.361e-07  4.60e+00    .90000000 1.0507621409e+08
   211 1     .391635   5.77  .79168     .792   4994. 4.360e-07  4.59e+00    .90000000 1.1324695142e+08
   212 1     .391817   5.77  .79201     .792   4993. 4.360e-07  4.59e+00    .90000000 1.2140871283e+08
   213 1     .391524   5.77  .79251     .793   4991. 4.364e-07  4.59e+00    .90000000 1.2956319478e+08
   214 1     .391786   5.77  .79287     .793   4990. 4.365e-07  4.59e+00    .90000000 1.3771870276e+08
   215 1     .391974   5.77  .79319     .793   4990. 4.364e-07  4.59e+00    .90000000 1.4586507688e+08
   216 1     .391951   5.77  .79344     .794   4989. 4.366e-07  4.59e+00    .90000000 1.5400419208e+08
   217 1     .392182   5.77  .79374     .794   4989. 4.365e-07  4.59e+00    .90000000 1.6214126258e+08
   218 1     .392253   5.77  .79422     .795   4987. 4.364e-07  4.59e+00    .90000000 1.7027046550e+08
   219 1     .392314   5.77  .79445     .795   4987. 4.367e-07  4.59e+00    .90000000 1.7839322710e+08
   220 1     .392425   5.77  .79467     .795   4987. 4.366e-07  4.59e+00    .90000000 1.8651236342e+08
   221 1     .393248   5.76  .79507     .795   4988. 4.360e-07  4.59e+00    .90000000 1.9462695637e+08
   222 1     .393462   5.76  .79529     .796   4988. 4.357e-07  4.59e+00    .90000000 2.0272053784e+08
   223 1     .393544   5.76  .79547     .796   4988. 4.357e-07  4.59e+00    .90000000 2.1080748549e+08
   224 1     .393641   5.76  .79566     .796   4987. 4.357e-07  4.59e+00    .90000000 2.1889087775e+08
   225 1     .394268   5.76  .79596     .796   4989. 4.351e-07  4.59e+00    .90000000 2.2697041975e+08
   226 1     .394533   5.76  .79615     .796   4989. 4.349e-07  4.59e+00    .90000000 2.3503398201e+08
   227 1     .394596   5.76  .79629     .797   4989. 4.349e-07  4.59e+00    .90000000 2.4309027821e+08
   228 1     .394681   5.76  .79644     .797   4988. 4.349e-07  4.59e+00    .90000000 2.5114385997e+08
   229 1     .394889   5.76  .79662     .797   4988. 4.348e-07  4.59e+00    .90000000 2.5919417811e+08
   230 1     .394947   5.76  .79701     .797   4987. 4.348e-07  4.59e+00    .90000000 2.6723840269e+08
   231 1     .395064   5.76  .79716     .797   4987. 4.348e-07  4.59e+00    .90000000 2.7527756816e+08
   232 1     .395198   5.76  .79730     .798   4987. 4.347e-07  4.59e+00    .90000000 2.8331277929e+08
   233 1     .395440   5.76  .79747     .798   4987. 4.345e-07  4.59e+00    .90000000 2.9134386102e+08
   234 1     .395641   5.76  .79761     .798   4988. 4.344e-07  4.59e+00    .90000000 2.9936835630e+08
   235 1     .395734   5.76  .79771     .798   4988. 4.343e-07  4.59e+00    .90000000 3.0738736718e+08
   236 1     .395881   5.76  .79784     .798   4988. 4.342e-07  4.59e+00    .90000000 3.1540342033e+08
   237 2     .396751   5.75  .79817     .798   4991. 4.332e-07  4.59e+00    .90000000 3.2341526967e+08
   238 2     .397018   5.75  .79834     .799   4990. 4.332e-07  4.59e+00    .90000000 3.3343008136e+08
   239 2     .397126   5.75  .79847     .799   4990. 4.331e-07  4.59e+00    .90000000 3.4594859596e+08
   240 2     .397875   5.75  .79878     .799   4992. 4.322e-07  4.59e+00    .90000000 3.6159673921e+08
   241 2     .397929   5.75  .79891     .799   4991. 4.324e-07  4.59e+00    .90000000 3.8115691828e+08
   242 2     .398119   5.75  .79912     .799   4991. 4.323e-07  4.59e+00    .90000000 4.0560714212e+08
   243 2     .398929   5.75  .79957     .800   4992. 4.316e-07  4.59e+00    .90000000 4.3616992191e+08
   244 2     .399610   5.75  .79993     .800   4993. 4.310e-07  4.59e+00    .90000000 4.7437339666e+08
   245 2     .400498   5.74  .80041     .801   4994. 4.302e-07  4.59e+00    .90000000 5.2212774008e+08
   246 2     .401121   5.74  .80089     .801   4995. 4.297e-07  4.58e+00    .90000000 5.8182066937e+08
   247 2     .402117   5.74  .80179     .802   4995. 4.291e-07  4.58e+00    .90000000 6.5643683098e+08
   248 2     .403612   5.74  .80264     .803   4997. 4.278e-07  4.58e+00    .90000000 7.4970703299e+08
   249 2     .405196   5.73  .80356     .804   4999. 4.266e-07  4.58e+00    .90000000 8.6629478550e+08
   250 2     .407077   5.73  .80466     .805   5002. 4.250e-07  4.58e+00    .90000000 1.0062947855e+09
   251 2     .409257   5.72  .80619     .806   5003. 4.231e-07  4.58e+00    .90000000 1.1462947855e+09
   252 2     .411533   5.71  .80748     .808   5007. 4.215e-07  4.58e+00    .90000000 1.2862947855e+09
   253 2     .413873   5.71  .80874     .809   5010. 4.197e-07  4.58e+00    .90000000 1.4262947855e+09
   254 2     .416202   5.70  .80996     .810   5013. 4.178e-07  4.58e+00    .90000000 1.5662947855e+09
   255 2     .418510   5.70  .81117     .811   5016. 4.160e-07  4.57e+00    .90000000 1.7062947855e+09
   256 2     .420779   5.69  .81263     .813   5019. 4.142e-07  4.57e+00    .90000000 1.8462947855e+09
   257 2     .423123   5.68  .81384     .814   5022. 4.125e-07  4.57e+00    .90000000 1.9862947855e+09
   258 2     .425480   5.68  .81504     .815   5025. 4.107e-07  4.57e+00    .90000000 2.1262947855e+09
   259 2     .427908   5.67  .81626     .817   5029. 4.088e-07  4.57e+00    .90000000 2.2662947855e+09
   260 2     .430306   5.67  .81748     .818   5032. 4.070e-07  4.57e+00    .90000000 2.4062947855e+09
   261 2     .432934   5.66  .81915     .819   5035. 4.050e-07  4.57e+00    .90000000 2.5462947855e+09
   262 2     .435389   5.65  .82029     .821   5038. 4.034e-07  4.56e+00    .90000000 2.6862947855e+09
   263 2     .438029   5.65  .82155     .822   5042. 4.015e-07  4.56e+00    .90000000 2.8262947855e+09
   264 2     .440278   5.64  .82274     .823   5045. 4.000e-07  4.56e+00    .90000000 2.9662947855e+09
   265 2     .442798   5.63  .82399     .824   5049. 3.982e-07  4.56e+00    .90000000 3.1062947855e+09
   266 2     .445455   5.63  .82561     .826   5052. 3.965e-07  4.56e+00    .90000000 3.2462947855e+09
   267 2     .448994   5.62  .82726     .828   5056. 3.942e-07  4.56e+00    .90000000 3.3862947855e+09
   268 2     .452065   5.61  .82873     .829   5061. 3.922e-07  4.56e+00    .90000000 3.5262947855e+09
   269 2     .454675   5.61  .83001     .830   5064. 3.905e-07  4.55e+00    .90000000 3.6662947855e+09
   270 2     .457729   5.60  .83135     .832   5073. 3.884e-07  4.55e+00    .90000000 3.8062947855e+09
   271 2     .459580   5.59  .83280     .833   5069. 3.877e-07  4.55e+00    .90000000 3.9462947855e+09
   272 2     .462511   5.59  .83413     .834   5073. 3.857e-07  4.55e+00    .90000000 4.0862947855e+09
   273 2     .465313   5.58  .83551     .836   5077. 3.840e-07  4.55e+00    .90000000 4.2262947855e+09
   274 2     .468116   5.57  .83687     .837   5081. 3.823e-07  4.55e+00    .90000000 4.3662947855e+09
   275 2     .470885   5.57  .83852     .839   5083. 3.808e-07  4.54e+00    .90000000 4.5062947855e+09
   276 2     .473779   5.56  .83992     .840   5087. 3.792e-07  4.54e+00    .90000000 4.6462947855e+09
   277 2     .476704   5.55  .84134     .842   5091. 3.774e-07  4.54e+00    .90000000 4.7862947855e+09
   278 2     .479594   5.55  .84312     .843   5093. 3.757e-07  4.54e+00    .90000000 4.9262947855e+09
   279 2     .483002   5.54  .84465     .845   5097. 3.740e-07  4.54e+00    .90000000 5.0662947855e+09
   280 2     .486536   5.53  .84625     .847   5102. 3.720e-07  4.54e+00    .90000000 5.2062947855e+09
   281 2     .488640   5.53  .84745     .848   5104. 3.709e-07  4.54e+00    .90000000 5.3462947855e+09
   282 2     .492325   5.52  .84915     .849   5108. 3.689e-07  4.53e+00    .90000000 5.4862947855e+09
   283 2     .496033   5.51  .85079     .851   5113. 3.670e-07  4.53e+00    .90000000 5.6262947855e+09
   284 2     .498109   5.51  .85244     .853   5114. 3.660e-07  4.53e+00    .90000000 5.7662947855e+09
   285 2     .501906   5.50  .85429     .855   5118. 3.641e-07  4.53e+00    .90000000 5.9062947855e+09
   286 2     .505758   5.49  .85606     .856   5123. 3.622e-07  4.53e+00    .90000000 6.0462947855e+09
   287 2     .509269   5.48  .85775     .858   5126. 3.604e-07  4.53e+00    .90000000 6.1862947855e+09
   288 2     .512656   5.48  .85971     .860   5127. 3.597e-07  4.52e+00    .90000000 6.3262947855e+09
   289 2     .516172   5.47  .86138     .862   5133. 3.572e-07  4.52e+00    .90000000 6.4662947855e+09
   290 2     .519593   5.46  .86302     .863   5137. 3.556e-07  4.52e+00    .90000000 6.6062947855e+09
   291 2     .523023   5.45  .86504     .865   5139. 3.539e-07  4.52e+00    .90000000 6.7462947855e+09
   292 2     .526650   5.45  .86675     .867   5143. 3.524e-07  4.52e+00    .90000000 6.8862947855e+09
   293 2     .530309   5.44  .86849     .869   5147. 3.507e-07  4.51e+00    .90000000 7.0262947855e+09
   294 2     .534450   5.43  .87080     .871   5150. 3.489e-07  4.51e+00    .90000000 7.1662947855e+09
   295 2     .538680   5.42  .87276     .873   5155. 3.471e-07  4.51e+00    .90000000 7.3062947855e+09
   296 2     .542719   5.41  .87465     .875   5159. 3.453e-07  4.51e+00    .90000000 7.4462947855e+09
   297 2     .546480   5.41  .87687     .877   5161. 3.438e-07  4.51e+00    .90000000 7.5862947855e+09
   298 2     .550513   5.40  .87876     .879   5165. 3.421e-07  4.50e+00    .90000000 7.7262947855e+09
   299 2     .554621   5.39  .88069     .881   5169. 3.405e-07  4.50e+00    .90000000 7.8662947855e+09
   300 2     .558659   5.38  .88259     .883   5173. 3.388e-07  4.50e+00    .90000000 8.0062947855e+09
   301 2     .562685   5.37  .88498     .885   5176. 3.373e-07  4.50e+00    .90000000 8.1462947855e+09
   302 2     .566935   5.37  .88697     .887   5180. 3.357e-07  4.50e+00    .90000000 8.2862947855e+09
   303 2     .571225   5.36  .88898     .889   5184. 3.340e-07  4.49e+00    .90000000 8.4262947855e+09
   304 2     .575452   5.35  .89151     .892   5186. 3.325e-07  4.49e+00    .90000000 8.5662947855e+09
   305 2     .579842   5.34  .89365     .894   5189. 3.307e-07  4.49e+00    .90000000 8.7062947855e+09
   306 2     .584309   5.33  .89584     .896   5193. 3.292e-07  4.49e+00    .90000000 8.8462947855e+09
   307 2     .588800   5.33  .89827     .899   5196. 3.276e-07  4.49e+00    .90000000 8.9862947855e+09
   308 2     .593429   5.32  .90044     .901   5200. 3.260e-07  4.48e+00    .90000000 9.1262947855e+09
   309 2     .598092   5.31  .90275     .903   5204. 3.244e-07  4.48e+00    .90000000 9.2662947855e+09
   310 2     .602770   5.30  .90534     .906   5207. 3.226e-07  4.48e+00    .90000000 9.4062947855e+09
   311 2     .607617   5.29  .90760     .908   5211. 3.212e-07  4.48e+00    .90000000 9.5462947855e+09
   312 2     .612456   5.28  .91031     .911   5214. 3.195e-07  4.47e+00    .90000000 9.6862947855e+09
   313 2     .617460   5.27  .91260     .913   5217. 3.180e-07  4.47e+00    .90000000 9.8262947855e+09
   314 2     .622442   5.26  .91532     .916   5220. 3.164e-07  4.47e+00    .90000000 9.9662947855e+09
   315 2     .627519   5.26  .91808     .919   5223. 3.148e-07  4.47e+00    .90000000 1.0106294785e+10
   316 2     .632759   5.25  .92055     .921   5227. 3.132e-07  4.46e+00    .90000000 1.0246294785e+10
   317 2     .637990   5.24  .92341     .924   5231. 3.113e-07  4.46e+00    .90000000 1.0386294785e+10
   318 2     .643412   5.23  .92593     .926   5228. 3.093e-07  4.46e+00    .90000000 1.0526294785e+10
   319 2     .648817   5.22  .92891     .929   5229. 3.071e-07  4.46e+00    .90000000 1.0666294785e+10
   320 2     .654427   5.21  .93153     .932   5232. 3.057e-07  4.45e+00    .90000000 1.0806294785e+10
   321 2     .660020   5.20  .93461     .935   5235. 3.041e-07  4.45e+00    .90000000 1.0946294785e+10
   322 2     .665738   5.19  .93767     .938   5237. 3.025e-07  4.45e+00    .90000000 1.1086294785e+10
   323 2     .671585   5.18  .94064     .941   5241. 3.009e-07  4.45e+00    .90000000 1.1226294785e+10
   324 2     .677490   5.17  .94388     .944   5244. 2.993e-07  4.44e+00    .90000000 1.1366294785e+10
   325 2     .683585   5.16  .94672     .947   5247. 2.978e-07  4.44e+00    .90000000 1.1506294785e+10
   326 2     .689680   5.15  .95011     .951   5250. 2.961e-07  4.44e+00    .90000000 1.1646294785e+10
   327 2     .695960   5.14  .95326     .954   5253. 2.946e-07  4.43e+00    .90000000 1.1786294785e+10
   328 2     .702343   5.13  .95652     .957   5256. 2.930e-07  4.43e+00    .90000000 1.1926294785e+10
   329 2     .708811   5.12  .96002     .960   5259. 2.914e-07  4.43e+00    .90000000 1.2066294785e+10
   330 2     .715480   5.11  .96325     .964   5263. 2.898e-07  4.42e+00    .90000000 1.2206294785e+10
   331 2     .722219   5.10  .96679     .967   5266. 2.882e-07  4.42e+00    .90000000 1.2346294785e+10
   332 2     .729064   5.09  .97052     .971   5268. 2.866e-07  4.42e+00    .90000000 1.2486294785e+10
   333 2     .736028   5.08  .97438     .975   5270. 2.850e-07  4.41e+00    .90000000 1.2626294785e+10
   334 2     .743213   5.07  .97805     .979   5273. 2.835e-07  4.41e+00    .90000000 1.2766294785e+10
   335 2     .750502   5.06  .98195     .982   5276. 2.819e-07  4.41e+00    .90000000 1.2906294785e+10
   336 2     .758020   5.05  .98560     .986   5279. 2.802e-07  4.40e+00    .90000000 1.3046294785e+10
   337 2     .765630   5.04  .98959     .990   5282. 2.786e-07  4.40e+00    .90000000 1.3186294785e+10
   338 2     .773374   5.03  .99380     .994   5284. 2.770e-07  4.40e+00    .90000000 1.3326294785e+10
   339 2     .781266   5.02  .99815     .999   5286. 2.753e-07  4.39e+00    .90000000 1.3466294785e+10
   340 2     .789366   5.01 1.00249    1.003   5288. 2.737e-07  4.39e+00    .90000000 1.3606294785e+10
   341 2     .797684   5.00 1.00672    1.007   5291. 2.721e-07  4.39e+00    .90000000 1.3746294785e+10
   342 2     .806132   4.98 1.01119    1.012   5293. 2.704e-07  4.38e+00    .90000000 1.3886294785e+10
   343 2     .814728   4.97 1.01587    1.016   5294. 2.685e-07  4.38e+00    .90000000 1.4026294785e+10
   344 2     .823434   4.96 1.02059    1.021   5294. 2.667e-07  4.37e+00    .90000000 1.4166294785e+10
   345 2     .832457   4.95 1.02498    1.026   5297. 2.650e-07  4.37e+00    .90000000 1.4306294785e+10
   346 2     .841545   4.94 1.02991    1.030   5303. 2.639e-07  4.37e+00    .90000000 1.4446294785e+10
   347 2     .850755   4.93 1.03529    1.036   5305. 2.624e-07  4.36e+00    .90000000 1.4586294785e+10
   348 2     .860217   4.91 1.04045    1.041   5306. 2.607e-07  4.36e+00    .90000000 1.4726294785e+10
   349 2     .869822   4.90 1.04567    1.046   5310. 2.593e-07  4.35e+00    .90000000 1.4866294785e+10
   350 2     .879684   4.89 1.05051    1.051   5311. 2.574e-07  4.35e+00    .90000000 1.5006294785e+10
   351 2     .889492   4.88 1.05630    1.057   5307. 2.554e-07  4.34e+00    .90000000 1.5146294785e+10
   352 2     .899542   4.86 1.06181    1.062   5308. 2.537e-07  4.34e+00    .90000000 1.5286294785e+10
   353 2     .909650   4.85 1.06780    1.068   5312. 2.527e-07  4.34e+00    .90000000 1.5426294785e+10
   354 2     .920131   4.84 1.07339    1.074   5312. 2.508e-07  4.33e+00    .90000000 1.5566294785e+10
   355 2     .930784   4.83 1.07953    1.080   5309. 2.489e-07  4.33e+00    .90000000 1.5706294785e+10
   356 2     .941881   4.82 1.08564    1.086   5312. 2.473e-07  4.32e+00    .90000000 1.5846294785e+10
   357 2     .953443   4.80 1.09203    1.093   5311. 2.455e-07  4.32e+00    .90000000 1.5986294785e+10
   358 2     .965392   4.79 1.09930    1.100   5309. 2.436e-07  4.31e+00    .90000000 1.6126294785e+10
   359 2     .978064   4.77 1.10622    1.107   5315. 2.425e-07  4.30e+00    .90000000 1.6266294785e+10
   360 2     .991260   4.76 1.11346    1.114   5312. 2.403e-07  4.30e+00    .90000000 1.6406294785e+10
   361 2    1.004769   4.74 1.12169    1.122   5312. 2.386e-07  4.29e+00    .90000000 1.6546294785e+10
   362 2    1.018934   4.73 1.12950    1.130   5311. 2.367e-07  4.29e+00    .90000000 1.6686294785e+10
