#  model      L (Lo)        Reff (Ro)          Teff               log g                   age (yr)
#    phase             Mbol           R* (Ro)         rho_eff                M (Mo)
#
     1 1       27.90   1.17   10.22   10.258   4031. 5.355e-08  2.46e+00   1.10000000 3.7247912498e+02
     2 1       27.66   1.18   10.18   10.212   4032. 5.376e-08  2.46e+00   1.10000000 6.4060468615e+02
     3 1       27.43   1.19   10.12   10.157   4034. 5.398e-08  2.47e+00   1.10000000 9.7576163762e+02
     4 1       27.14   1.20   10.06   10.089   4036. 5.427e-08  2.47e+00   1.10000000 1.3947078269e+03
     5 1   26.801239   1.22 9.97384   10.006   4039. 5.461e-08  2.48e+00   1.10000000 1.9183905636e+03
     6 1   26.365817   1.24 9.87477    9.906   4042. 5.507e-08  2.49e+00   1.10000000 2.5729939844e+03
     7 1   25.864796   1.26 9.75628    9.787   4046. 5.560e-08  2.50e+00   1.10000000 3.3912482605e+03
     8 1   25.271106   1.29 9.61563    9.646   4051. 5.624e-08  2.51e+00   1.10000000 4.4140661055e+03
     9 1   24.576403   1.32 9.45063    9.480   4057. 5.703e-08  2.53e+00   1.10000000 5.6925884118e+03
    10 1   23.795273   1.35 9.25890    9.287   4063. 5.794e-08  2.55e+00   1.10000000 7.2907412947e+03
    11 1   22.989515   1.39 9.06642    9.093   4070. 5.895e-08  2.56e+00   1.10000000 9.0325048857e+03
    12 1   22.249277   1.43 8.87909    8.905   4077. 5.988e-08  2.58e+00   1.10000000 1.0871195685e+04
    13 1   21.509039   1.42 8.69739    8.721   4083. 6.923e-08  2.60e+00   1.10000000 1.2701614327e+04
    14 1   20.675427   1.46 8.49420    8.516   4090. 7.071e-08  2.62e+00   1.10000000 1.4989637629e+04
    15 1   20.003254   1.50 8.32497    8.346   4096. 7.198e-08  2.64e+00   1.10000000 1.7079283153e+04
    16 1   19.309381   1.54 8.15301    8.174   4108. 7.362e-08  2.66e+00   1.10000000 1.9431703917e+04
    17 1   18.657918   1.57 7.98647    8.006   4115. 7.499e-08  2.67e+00   1.10000000 2.1982061019e+04
    18 1   18.026649   1.61 7.82319    7.842   4121. 7.642e-08  2.69e+00   1.10000000 2.4820414984e+04
    19 1   17.423746   1.65 7.66541    7.684   4128. 7.766e-08  2.71e+00   1.10000000 2.8002789518e+04
    20 1   16.841962   1.68 7.51456    7.532   4133. 7.922e-08  2.73e+00   1.10000000 3.1655698277e+04
    21 1   16.318386   1.72 7.37334    7.390   4140. 8.047e-08  2.74e+00   1.10000000 3.5951874756e+04
    22 1   15.827136   1.75 7.24249    7.259   4145. 8.180e-08  2.76e+00   1.10000000 4.1322095355e+04
    23 1   15.423187   1.78 7.13134    7.147   4150. 8.291e-08  2.77e+00   1.10000000 4.8034871103e+04
    24 1   15.107150   1.80 7.04415    7.060   4153. 8.384e-08  2.78e+00   1.10000000 5.6425840789e+04
    25 1   14.863572   1.82 6.97834    6.994   4156. 8.455e-08  2.79e+00   1.10000000 6.6914552896e+04
    26 1   14.689108   1.83 6.92872    6.944   4158. 8.517e-08  2.80e+00   1.10000000 7.8480480061e+04
    27 1   14.545908   1.84 6.88897    6.904   4159. 8.561e-08  2.80e+00   1.10000000 8.8955044808e+04
    28 1   14.417313   1.85 6.85389    6.869   4161. 8.595e-08  2.81e+00   1.10000000 9.8632184943e+04
    29 1   14.304752   1.86 6.82062    6.835   4163. 8.621e-08  2.81e+00   1.10000000 1.0764564115e+05
    30 1   14.184390   1.87 6.78885    6.803   4164. 8.663e-08  2.82e+00   1.10000000 1.1607214092e+05
    31 1   14.076513   1.88 6.75792    6.772   4165. 8.705e-08  2.82e+00   1.10000000 1.2397419875e+05
    32 1   13.971366   1.89 6.72749    6.742   4167. 8.731e-08  2.82e+00   1.10000000 1.3139375243e+05
    33 1   13.861437   1.90 6.69770    6.712   4172. 8.784e-08  2.83e+00   1.10000000 1.3836558027e+05
    34 1   13.761915   1.90 6.66829    6.682   4176. 8.817e-08  2.83e+00   1.10000000 1.4492597818e+05
    35 1   13.656861   1.91 6.63932    6.653   4176. 8.858e-08  2.83e+00   1.10000000 1.5110036665e+05
    36 1   13.561683   1.92 6.61065    6.624   4178. 8.886e-08  2.84e+00   1.10000000 1.5691774072e+05
    37 1   13.460915   1.93 6.58240    6.596   4179. 8.920e-08  2.84e+00   1.10000000 1.6239973358e+05
    38 1   13.362095   1.94 6.55452    6.568   4179. 8.963e-08  2.85e+00   1.10000000 1.6756891829e+05
    39 1   13.265984   1.94 6.52712    6.541   4180. 9.000e-08  2.85e+00   1.10000000 1.7244757712e+05
    40 1   13.171747   1.95 6.50009    6.513   4182. 9.025e-08  2.85e+00   1.10000000 1.7705488547e+05
    41 1   13.080005   1.96 6.47347    6.487   4184. 9.060e-08  2.86e+00   1.10000000 1.8140832320e+05
    42 1   12.990142   1.97 6.44723    6.460   4184. 9.104e-08  2.86e+00   1.10000000 1.8552490448e+05
    43 1   12.902232   1.97 6.42132    6.434   4185. 9.136e-08  2.86e+00   1.10000000 1.8942006775e+05
    44 1   12.816440   1.98 6.39580    6.409   4187. 9.172e-08  2.87e+00   1.10000000 1.9310758192e+05
    45 1   12.724517   1.99 6.37074    6.384   4188. 9.193e-08  2.87e+00   1.10000000 1.9660020627e+05
    46 1   12.643302   2.00 6.34610    6.359   4188. 9.237e-08  2.87e+00   1.10000000 1.9991192897e+05
    47 1   12.563710   2.00 6.32173    6.334   4191. 9.256e-08  2.88e+00   1.10000000 2.0305412029e+05
    48 1   12.477991   2.01 6.29782    6.310   4191. 9.289e-08  2.88e+00   1.10000000 2.0603628071e+05
    49 1   12.394641   2.02 6.27444    6.287   4192. 9.323e-08  2.88e+00   1.10000000 2.0886967316e+05
    50 1   12.321607   2.02 6.25133    6.264   4193. 9.358e-08  2.89e+00   1.10000000 2.1156364492e+05
    51 1   12.242001   2.03 6.22865    6.241   4194. 9.384e-08  2.89e+00   1.10000000 2.1412680851e+05
    52 1   12.164659   2.04 6.20644    6.219   4194. 9.424e-08  2.89e+00   1.10000000 2.1656730207e+05
    53 1   12.097838   2.04 6.18449    6.197   4196. 9.460e-08  2.90e+00   1.10000000 2.1889287663e+05
    54 1   12.023949   2.05 6.16296    6.175   4197. 9.474e-08  2.90e+00   1.10000000 2.2110972651e+05
    55 1   11.952499   2.06 6.14192    6.154   4198. 9.503e-08  2.90e+00   1.10000000 2.2322519799e+05
    56 1   11.883102   2.06 6.12127    6.133   4199. 9.534e-08  2.91e+00   1.10000000 2.2524552867e+05
    57 1   11.815537   2.07 6.10102    6.113   4200. 9.562e-08  2.91e+00   1.10000000 2.2717646382e+05
    58 1   11.749657   2.07 6.08111    6.093   4201. 9.591e-08  2.91e+00   1.10000000 2.2902321212e+05
    59 1   11.685505   2.08 6.06158    6.073   4201. 9.625e-08  2.91e+00   1.10000000 2.3079070120e+05
    60 1   11.623327   2.09 6.04242    6.054   4202. 9.659e-08  2.92e+00   1.10000000 2.3248367359e+05
    61 1   11.554706   2.09 6.02365    6.035   4203. 9.678e-08  2.92e+00   1.10000000 2.3410640994e+05
    62 1   11.496279   2.10 6.00527    6.017   4204. 9.712e-08  2.92e+00   1.10000000 2.3566279032e+05
    63 1   11.439464   2.10 5.98719    5.999   4206. 9.728e-08  2.92e+00   1.10000000 2.3715681329e+05
    64 1   11.378585   2.11 5.96953    5.981   4206. 9.767e-08  2.93e+00   1.10000000 2.3859168120e+05
    65 1   11.320910   2.12 5.95231    5.964   4206. 9.788e-08  2.93e+00   1.10000000 2.3997112440e+05
    66 1   11.264379   2.12 5.93535    5.946   4207. 9.810e-08  2.93e+00   1.10000000 2.4129843682e+05
    67 1   11.209686   2.13 5.91876    5.930   4208. 9.835e-08  2.93e+00   1.10000000 2.4257615888e+05
    68 1   11.156493   2.13 5.90250    5.914   4209. 9.861e-08  2.94e+00   1.10000000 2.4380706931e+05
    69 1   11.104987   2.14 5.88658    5.898   4209. 9.886e-08  2.94e+00   1.10000000 2.4499371208e+05
    70 1   11.054923   2.14 5.87099    5.882   4209. 9.916e-08  2.94e+00   1.10000000 2.4613845532e+05
    71 1   11.006174   2.15 5.85569    5.867   4210. 9.942e-08  2.94e+00   1.10000000 2.4724352909e+05
    72 1   10.954105   2.15 5.84071    5.852   4211. 9.957e-08  2.95e+00   1.10000000 2.4831081467e+05
    73 1   10.908597   2.16 5.82611    5.837   4212. 9.985e-08  2.95e+00   1.10000000 2.4934253410e+05
    74 1   10.864251   2.16 5.81175    5.822   4213. 1.000e-07  2.95e+00   1.10000000 2.5034048918e+05
    75 1   10.816521   2.16 5.79768    5.808   4213. 1.002e-07  2.95e+00   1.10000000 2.5130622711e+05
    76 1   10.769943   2.17 5.78393    5.795   4214. 1.005e-07  2.95e+00   1.10000000 2.5224144014e+05
    77 1   10.729486   2.17 5.77045    5.781   4214. 1.008e-07  2.96e+00   1.10000000 2.5314766735e+05
    78 1   10.685487   2.18 5.75726    5.768   4215. 1.009e-07  2.96e+00   1.10000000 2.5402630916e+05
    79 1   10.643090   2.18 5.74442    5.755   4215. 1.011e-07  2.96e+00   1.10000000 2.5487883882e+05
    80 1   10.601651   2.19 5.73178    5.742   4216. 1.014e-07  2.96e+00   1.10000000 2.5570647739e+05
    81 1   10.565917   2.19 5.71937    5.730   4217. 1.015e-07  2.96e+00   1.10000000 2.5651039198e+05
    82 1   10.526767   2.19 5.70724    5.718   4217. 1.018e-07  2.97e+00   1.10000000 2.5729158021e+05
    83 1   10.481599   2.20 5.69542    5.706   4217. 1.020e-07  2.97e+00   1.10000000 2.5805128111e+05
    84 1   10.451946   2.20 5.68380    5.694   4218. 1.022e-07  2.97e+00   1.10000000 2.5879036909e+05
    85 1   10.410927   2.21 5.67240    5.683   4218. 1.024e-07  2.97e+00   1.10000000 2.5950978298e+05
    86 1   10.376242   2.21 5.66131    5.671   4219. 1.025e-07  2.97e+00   1.10000000 2.6021051999e+05
    87 1   10.342242   2.21 5.65038    5.661   4220. 1.027e-07  2.97e+00   1.10000000 2.6089333867e+05
    88 1   10.309375   2.22 5.63969    5.650   4220. 1.028e-07  2.98e+00   1.10000000 2.6155897447e+05
    89 1   10.277454   2.22 5.62921    5.639   4221. 1.030e-07  2.98e+00   1.10000000 2.6220821742e+05
    90 1   10.241618   2.22 5.61901    5.629   4220. 1.033e-07  2.98e+00   1.10000000 2.6284177475e+05
    91 1   10.211490   2.23 5.60897    5.619   4221. 1.034e-07  2.98e+00   1.10000000 2.6346045143e+05
    92 1   10.181852   2.23 5.59911    5.609   4222. 1.035e-07  2.98e+00   1.10000000 2.6406469374e+05
    93 1   10.148058   2.23 5.58946    5.599   4222. 1.037e-07  2.98e+00   1.10000000 2.6465513134e+05
    94 1   10.121200   2.24 5.58003    5.590   4222. 1.039e-07  2.99e+00   1.10000000 2.6523239357e+05
    95 1   10.089385   2.24 5.57078    5.581   4223. 1.041e-07  2.99e+00   1.10000000 2.6579698872e+05
    96 1   10.063459   2.24 5.56171    5.572   4223. 1.042e-07  2.99e+00   1.10000000 2.6634942671e+05
    97 1   10.033314   2.25 5.55281    5.563   4224. 1.043e-07  2.99e+00   1.10000000 2.6689016515e+05
    98 1   10.003650   2.25 5.54408    5.554   4224. 1.045e-07  2.99e+00   1.10000000 2.6741963883e+05
    99 1    9.980087   2.25 5.53553    5.545   4225. 1.046e-07  2.99e+00   1.10000000 2.6793833499e+05
   100 1    9.951983   2.26 5.52712    5.537   4225. 1.048e-07  2.99e+00   1.10000000 2.6844660988e+05
   101 1    9.924430   2.26 5.51889    5.529   4225. 1.050e-07  3.00e+00   1.10000000 2.6894489727e+05
   102 1    9.902881   2.26 5.51081    5.520   4226. 1.050e-07  3.00e+00   1.10000000 2.6943355518e+05
   103 1    9.876583   2.26 5.50286    5.512   4226. 1.052e-07  3.00e+00   1.10000000 2.6991289745e+05
   104 1    9.850974   2.27 5.49508    5.505   4226. 1.054e-07  3.00e+00   1.10000000 2.7038328314e+05
   105 1    9.825918   2.27 5.48743    5.497   4226. 1.055e-07  3.00e+00   1.10000000 2.7084505859e+05
   106 1    9.801605   2.27 5.47993    5.489   4227. 1.057e-07  3.00e+00   1.10000000 2.7129850651e+05
   107 1    9.783014   2.27 5.47255    5.482   4228. 1.057e-07  3.00e+00   1.10000000 2.7174389129e+05
   108 1    9.759632   2.28 5.46530    5.475   4228. 1.059e-07  3.00e+00   1.10000000 2.7218150044e+05
   109 1    9.736976   2.28 5.45819    5.468   4228. 1.060e-07  3.01e+00   1.10000000 2.7261160467e+05
   110 1    9.714765   2.28 5.45120    5.461   4228. 1.062e-07  3.01e+00   1.10000000 2.7303445975e+05
   111 1    9.693096   2.28 5.44433    5.454   4228. 1.063e-07  3.01e+00   1.10000000 2.7345031678e+05
   112 1    9.671816   2.29 5.43758    5.447   4229. 1.064e-07  3.01e+00   1.10000000 2.7385938581e+05
   113 1    9.651162   2.29 5.43094    5.440   4229. 1.065e-07  3.01e+00   1.10000000 2.7426188231e+05
   114 1    9.630919   2.29 5.42442    5.434   4229. 1.067e-07  3.01e+00   1.10000000 2.7465802302e+05
   115 1    9.611101   2.29 5.41801    5.427   4229. 1.068e-07  3.01e+00   1.10000000 2.7504801442e+05
   116 1    9.591718   2.30 5.41171    5.421   4230. 1.069e-07  3.01e+00   1.10000000 2.7543204117e+05
   117 1    9.572743   2.30 5.40550    5.415   4230. 1.070e-07  3.01e+00   1.10000000 2.7581028289e+05
   118 1    9.554255   2.30 5.39940    5.409   4231. 1.071e-07  3.01e+00   1.10000000 2.7618291523e+05
   119 1    9.536112   2.30 5.39340    5.403   4231. 1.072e-07  3.02e+00   1.10000000 2.7655010138e+05
   120 1    9.518488   2.30 5.38750    5.397   4231. 1.073e-07  3.02e+00   1.10000000 2.7691201683e+05
   121 1    9.495866   2.31 5.38170    5.391   4231. 1.075e-07  3.02e+00   1.10000000 2.7726881685e+05
   122 1    9.478950   2.31 5.37599    5.385   4231. 1.075e-07  3.02e+00   1.10000000 2.7762065304e+05
   123 1    9.462427   2.31 5.37037    5.380   4232. 1.076e-07  3.02e+00   1.10000000 2.7796766208e+05
   124 1    9.446223   2.31 5.36485    5.374   4232. 1.078e-07  3.02e+00   1.10000000 2.7830998358e+05
   125 1    9.430448   2.31 5.35939    5.369   4233. 1.079e-07  3.02e+00   1.10000000 2.7864776557e+05
   126 1    9.414959   2.32 5.35401    5.363   4233. 1.079e-07  3.02e+00   1.10000000 2.7898110314e+05
   127 1    9.394518   2.32 5.34875    5.358   4238. 1.082e-07  3.02e+00   1.10000000 2.7931012894e+05
   128 1    9.379819   2.32 5.34355    5.353   4238. 1.083e-07  3.02e+00   1.10000000 2.7963497723e+05
   129 1    9.365249   2.32 5.33843    5.347   4235. 1.083e-07  3.02e+00   1.10000000 2.7995574433e+05
   130 1    9.351080   2.32 5.33336    5.342   4240. 1.085e-07  3.03e+00   1.10000000 2.8027254371e+05
   131 1    9.332009   2.33 5.32841    5.337   4239. 1.086e-07  3.03e+00   1.10000000 2.8058547010e+05
   132 1    9.318487   2.33 5.32353    5.333   4240. 1.087e-07  3.03e+00   1.10000000 2.8089464714e+05
   133 1    9.305171   2.33 5.31869    5.328   4240. 1.088e-07  3.03e+00   1.10000000 2.8120016025e+05
   134 1    9.286746   2.33 5.31390    5.323   4240. 1.089e-07  3.03e+00   1.10000000 2.8150209122e+05
   135 1    9.274032   2.33 5.30922    5.318   4240. 1.090e-07  3.03e+00   1.10000000 2.8180052808e+05
   136 1    9.261575   2.33 5.30458    5.314   4241. 1.091e-07  3.03e+00   1.10000000 2.8209556772e+05
   137 1    9.249324   2.33 5.29998    5.309   4241. 1.092e-07  3.03e+00   1.10000000 2.8238728070e+05
   138 1    9.231935   2.34 5.29547    5.304   4241. 1.093e-07  3.03e+00   1.10000000 2.8267573902e+05
   139 1    9.215751   2.34 5.28986    5.299   4241. 1.094e-07  3.03e+00   1.10000000 2.8303631193e+05
   140 1    9.194166   2.34 5.28282    5.292   4241. 1.095e-07  3.03e+00   1.10000000 2.8348702805e+05
   141 1    9.165975   2.34 5.27410    5.283   4242. 1.097e-07  3.03e+00   1.10000000 2.8405042321e+05
   142 1    9.135431   2.35 5.26329    5.272   4243. 1.099e-07  3.04e+00   1.10000000 2.8475466715e+05
   143 1    9.095000   2.35 5.24987    5.259   4244. 1.101e-07  3.04e+00   1.10000000 2.8563497209e+05
   144 1    9.042662   2.36 5.23330    5.242   4244. 1.105e-07  3.04e+00   1.10000000 2.8673535325e+05
   145 1    8.981155   2.37 5.21284    5.221   4244. 1.110e-07  3.04e+00   1.10000000 2.8811082971e+05
   146 1    8.901745   2.38 5.18758    5.196   4245. 1.115e-07  3.05e+00   1.10000000 2.8983017528e+05
   147 1    8.812466   2.39 5.15666    5.165   4248. 1.120e-07  3.05e+00   1.10000000 2.9197935725e+05
   148 1    8.698296   2.40 5.11893    5.127   4249. 1.128e-07  3.06e+00   1.10000000 2.9466583471e+05
   149 1    8.561204   2.42 5.07326    5.081   4252. 1.137e-07  3.07e+00   1.10000000 2.9802393153e+05
   150 1    8.397363   2.44 5.01844    5.026   4253. 1.151e-07  3.08e+00   1.10000000 3.0222155255e+05
   151 1    8.202738   2.47 4.95320    4.961   4255. 1.166e-07  3.09e+00   1.10000000 3.0746857883e+05
   152 1    7.980355   2.49 4.87623    4.884   4259. 1.183e-07  3.10e+00   1.10000000 3.1402736169e+05
   153 1    7.722088   2.53 4.78630    4.794   4265. 1.202e-07  3.12e+00   1.10000000 3.2222584025e+05
   154 1    7.421282   2.57 4.68277    4.690   4267. 1.231e-07  3.14e+00   1.10000000 3.3247393846e+05
   155 1    7.091331   2.62 4.56514    4.572   4274. 1.264e-07  3.16e+00   1.10000000 3.4528406122e+05
   156 1    6.761744   2.67 4.44661    4.453   4279. 1.297e-07  3.18e+00   1.10000000 3.5954494530e+05
   157 1    6.476150   2.72 4.34027    4.346   4285. 1.326e-07  3.20e+00   1.10000000 3.7358910504e+05
   158 1    6.164689   2.78 4.22554    4.231   4288. 1.364e-07  3.23e+00   1.10000000 3.9035078482e+05
   159 1    5.870369   2.83 4.11328    4.119   4290. 1.398e-07  3.25e+00   1.10000000 4.0853577534e+05
   160 1    5.588100   2.88 4.00197    4.007   4295. 1.436e-07  3.27e+00   1.10000000 4.2852997355e+05
   161 1    5.304591   2.94 3.89197    3.897   4306. 1.481e-07  3.30e+00   1.10000000 4.5053721541e+05
   162 1    5.038274   2.99 3.78540    3.790   4309. 1.526e-07  3.32e+00   1.10000000 4.7429424034e+05
   163 1    4.780857   3.05 3.67973    3.684   4313. 1.571e-07  3.35e+00   1.10000000 5.0055359555e+05
   164 1    4.529777   3.11 3.57539    3.579   4317. 1.619e-07  3.37e+00   1.10000000 5.2953693534e+05
   165 1    4.290543   3.17 3.47309    3.477   4320. 1.670e-07  3.40e+00   1.10000000 5.6133389991e+05
   166 1    4.058699   3.23 3.37208    3.376   4323. 1.723e-07  3.42e+00   1.10000000 5.9653821535e+05
   167 1    3.834562   3.29 3.27256    3.276   4325. 1.781e-07  3.45e+00   1.10000000 6.3552221338e+05
   168 1    3.618807   3.35 3.17493    3.178   4327. 1.841e-07  3.48e+00   1.10000000 6.7857331408e+05
   169 1    3.431286   3.41 3.08727    3.090   4336. 1.905e-07  3.50e+00   1.10000000 7.2175439633e+05
   170 1    3.230447   3.48 2.99257    2.995   4337. 1.975e-07  3.53e+00   1.10000000 7.7438476621e+05
   171 1    3.038449   3.54 2.89963    2.902   4336. 2.056e-07  3.55e+00   1.10000000 8.3294666235e+05
   172 1    2.853928   3.61 2.80779    2.810   4342. 2.126e-07  3.58e+00   1.10000000 8.9858443514e+05
   173 1    2.675993   3.68 2.71690    2.719   4345. 2.203e-07  3.61e+00   1.10000000 9.7246439023e+05
   174 1    2.503757   3.75 2.62763    2.630   4344. 2.296e-07  3.64e+00   1.10000000 1.0553952263e+06
   175 1    2.341352   3.83 2.54006    2.542   4340. 2.405e-07  3.67e+00   1.10000000 1.1484799704e+06
   176 1    2.183374   3.90 2.45358    2.455   4342. 2.501e-07  3.70e+00   1.10000000 1.2539864321e+06
   177 1    2.034756   3.98 2.36880    2.371   4342. 2.606e-07  3.73e+00   1.10000000 1.3730052166e+06
   178 1    1.891637   4.06 2.28484    2.286   4340. 2.728e-07  3.76e+00   1.10000000 1.5092008123e+06
   179 1    1.754873   4.14 2.20208    2.204   4339. 2.857e-07  3.79e+00   1.10000000 1.6647750270e+06
   180 1    1.626273   4.22 2.12112    2.123   4344. 3.005e-07  3.83e+00   1.10000000 1.8418089402e+06
   181 1    1.515284   4.30 2.04951    2.051   4341. 3.145e-07  3.86e+00   1.10000000 2.0222704669e+06
   182 1    1.401411   4.38 1.97291    1.974   4338. 3.307e-07  3.89e+00   1.10000000 2.2478473754e+06
   183 1    1.293469   4.47 1.89762    1.899   4335. 3.482e-07  3.92e+00   1.10000000 2.5087840948e+06
   184 1    1.192519   4.56 1.82405    1.825   4331. 3.670e-07  3.96e+00   1.10000000 2.8107575589e+06
   185 1    1.098424   4.65 1.75250    1.753   4327. 3.869e-07  3.99e+00   1.10000000 3.1603185027e+06
   186 1    1.011830   4.74 1.68295    1.684   4329. 4.081e-07  4.03e+00   1.10000000 3.5672911731e+06
   187 1     .932677   4.83 1.61623    1.617   4327. 4.296e-07  4.06e+00   1.10000000 4.0376836345e+06
   188 1     .860818   4.91 1.55197    1.553   4326. 4.514e-07  4.10e+00   1.10000000 4.5872510599e+06
   189 1     .796969   5.00 1.49121    1.492   4327. 4.725e-07  4.13e+00   1.10000000 5.2213778807e+06
   190 1     .741140   5.08 1.43408    1.435   4338. 4.932e-07  4.17e+00   1.10000000 5.9539902455e+06
   191 1     .693421   5.15 1.38115    1.382   4347. 5.103e-07  4.20e+00   1.10000000 6.7943019582e+06
   192 1     .654438   5.21 1.33290    1.333   4361. 5.231e-07  4.23e+00   1.10000000 7.7513870453e+06
   193 1     .627155   5.26 1.29407    1.295   4379. 5.294e-07  4.26e+00   1.10000000 8.7069284240e+06
   194 1     .606872   5.29 1.25690    1.257   4407. 5.284e-07  4.28e+00   1.10000000 9.8702722568e+06
   195 1     .597477   5.31 1.22610    1.227   4446. 5.177e-07  4.30e+00   1.10000000 1.1128426389e+07
   196 1     .600625   5.30 1.20204    1.203   4495. 4.972e-07  4.32e+00   1.10000000 1.2448807196e+07
   197 1     .616715   5.27 1.18480    1.185   4564. 4.692e-07  4.33e+00   1.10000000 1.3768329711e+07
   198 1     .645294   5.23 1.17348    1.174   4630. 4.375e-07  4.34e+00   1.10000000 1.5061444699e+07
   199 1     .685135   5.16 1.16715    1.168   4710. 4.012e-07  4.34e+00   1.10000000 1.6314396204e+07
   200 1     .735881   5.08 1.16487    1.165   4822. 3.611e-07  4.35e+00   1.10000000 1.7515478333e+07
   201 1     .796162   5.00 1.16573    1.166   4909. 3.323e-07  4.35e+00   1.10000000 1.8654619194e+07
   202 1     .863996   4.91 1.16919    1.170   5005. 3.070e-07  4.34e+00   1.10000000 1.9733457612e+07
   203 1     .938415   4.82 1.17451    1.175   5101. 2.857e-07  4.34e+00   1.10000000 2.0747852373e+07
   204 1    1.016662   4.73 1.18106    1.182   5191. 2.687e-07  4.33e+00   1.10000000 2.1705863636e+07
   205 1    1.091919   4.65 1.18719    1.188   5275. 2.557e-07  4.33e+00   1.10000000 2.2533297731e+07
   206 1    1.170890   4.58 1.19277    1.193   5357. 2.448e-07  4.33e+00   1.10000000 2.3387157130e+07
   207 1    1.244904   4.51 1.19540    1.196   5442. 2.359e-07  4.32e+00   1.10000000 2.4216726909e+07
   208 1    1.301699   4.46 1.19316    1.194   5498. 2.309e-07  4.33e+00   1.10000000 2.5035970526e+07
   209 1    1.329255   4.44 1.18151    1.182   5553. 2.285e-07  4.33e+00   1.10000000 2.5886316605e+07
   210 1    1.308123   4.46 1.15565    1.156   5592. 2.307e-07  4.35e+00   1.10000000 2.6876217061e+07
   211 1    1.260974   4.50 1.12672    1.127   5613. 2.354e-07  4.38e+00   1.10000000 2.7789305121e+07
   212 1    1.210012   4.54 1.09958    1.100   5623. 2.408e-07  4.40e+00   1.10000000 2.8672198767e+07
   213 1    1.159778   4.59 1.07444    1.075   5627. 2.465e-07  4.42e+00   1.10000000 2.9636863109e+07
   214 1    1.113526   4.63 1.05121    1.052   5631. 2.521e-07  4.44e+00   1.10000000 3.0801746645e+07
   215 1    1.074593   4.67 1.03184    1.032   5633. 2.570e-07  4.45e+00   1.10000000 3.2257851065e+07
   216 1    1.043911   4.70 1.01698    1.017   5632. 2.611e-07  4.46e+00   1.10000000 3.4077981591e+07
   217 1    1.020526   4.73 1.00614    1.007   5630. 2.644e-07  4.47e+00   1.10000000 3.6353144747e+07
   218 1    1.004800   4.74  .99927    1.000   5629. 2.669e-07  4.48e+00   1.10000000 3.9197098693e+07
   219 1     .995383   4.76  .99607     .997   5633. 2.692e-07  4.48e+00   1.10000000 4.2752041125e+07
   220 1     .991613   4.76  .99509     .996   5630. 2.697e-07  4.48e+00   1.10000000 4.6564485129e+07
   221 1     .991054   4.76  .99517     .996   5629. 2.698e-07  4.48e+00   1.10000000 5.0395196265e+07
   222 1     .992083   4.76  .99567     .996   5629. 2.696e-07  4.48e+00   1.10000000 5.4227757221e+07
   223 1     .993876   4.76  .99627     .997   5630. 2.694e-07  4.48e+00   1.10000000 5.8054452036e+07
   224 1     .996315   4.75  .99693     .997   5631. 2.690e-07  4.48e+00   1.10000000 6.1871941252e+07
   225 1     .998778   4.75  .99750     .998   5634. 2.687e-07  4.48e+00   1.10000000 6.5677568473e+07
   226 1    1.000967   4.75  .99796     .998   5637. 2.684e-07  4.48e+00   1.10000000 6.9471613517e+07
   227 1    1.003822   4.75  .99852     .999   5640. 2.680e-07  4.48e+00   1.10000000 7.3255621842e+07
   228 1    1.006519   4.74  .99899     .999   5642. 2.676e-07  4.48e+00   1.10000000 7.7026747285e+07
   229 1    1.008517   4.74  .99929    1.000   5642. 2.672e-07  4.48e+00   1.10000000 8.0785991859e+07
   230 1    1.011168   4.74  .99969    1.000   5644. 2.669e-07  4.48e+00   1.10000000 8.4536679469e+07
   231 1    1.013890   4.74 1.00011    1.001   5647. 2.665e-07  4.48e+00   1.10000000 8.8276014915e+07
   232 1    1.016233   4.73 1.00043    1.001   5650. 2.661e-07  4.48e+00   1.10000000 9.2003756178e+07
   233 1    1.018229   4.73 1.00068    1.001   5652. 2.658e-07  4.48e+00   1.10000000 9.5721708444e+07
   234 1    1.020830   4.73 1.00108    1.002   5654. 2.655e-07  4.48e+00   1.10000000 9.9431436669e+07
   235 1    1.023606   4.72 1.00152    1.002   5657. 2.651e-07  4.48e+00   1.10000000 1.0313025322e+08
   236 1    1.025923   4.72 1.00145    1.002   5660. 2.648e-07  4.48e+00   1.10000000 1.0681741926e+08
   237 1    1.027371   4.72 1.00168    1.002   5662. 2.645e-07  4.48e+00   1.10000000 1.1049650567e+08
   238 1    1.028946   4.72 1.00186    1.002   5663. 2.643e-07  4.48e+00   1.10000000 1.1416957797e+08
   239 1    1.030438   4.72 1.00204    1.002   5665. 2.641e-07  4.48e+00   1.10000000 1.1783634069e+08
   240 1    1.031848   4.72 1.00222    1.003   5666. 2.639e-07  4.48e+00   1.10000000 1.2149713569e+08
   241 1    1.033169   4.71 1.00238    1.003   5668. 2.637e-07  4.48e+00   1.10000000 1.2515229502e+08
   242 1    1.034473   4.71 1.00255    1.003   5669. 2.635e-07  4.48e+00   1.10000000 1.2880218517e+08
   243 1    1.035638   4.71 1.00271    1.003   5670. 2.634e-07  4.48e+00   1.10000000 1.3244684704e+08
   244 1    1.036696   4.71 1.00285    1.003   5671. 2.632e-07  4.48e+00   1.10000000 1.3608685107e+08
   245 1    1.037671   4.71 1.00298    1.003   5672. 2.631e-07  4.48e+00   1.10000000 1.3972262594e+08
   246 1    1.038575   4.71 1.00311    1.004   5673. 2.630e-07  4.48e+00   1.10000000 1.4335449388e+08
   247 1    1.039419   4.71 1.00324    1.004   5674. 2.628e-07  4.48e+00   1.10000000 1.4698272453e+08
   248 1    1.040193   4.71 1.00337    1.004   5675. 2.627e-07  4.48e+00   1.10000000 1.5060754069e+08
   249 1    1.040942   4.71 1.00350    1.004   5675. 2.626e-07  4.48e+00   1.10000000 1.5422921896e+08
   250 1    1.041648   4.71 1.00363    1.004   5676. 2.625e-07  4.48e+00   1.10000000 1.5784779630e+08
   251 1    1.042286   4.71 1.00375    1.004   5676. 2.624e-07  4.48e+00   1.10000000 1.6146347285e+08
   252 1    1.042891   4.70 1.00386    1.004   5677. 2.624e-07  4.48e+00   1.10000000 1.6507650536e+08
   253 1    1.043448   4.70 1.00398    1.004   5678. 2.623e-07  4.48e+00   1.10000000 1.6868701890e+08
   254 1    1.043990   4.70 1.00410    1.005   5678. 2.622e-07  4.48e+00   1.10000000 1.7229518428e+08
   255 2    1.044522   4.70 1.00422    1.005   5678. 2.621e-07  4.48e+00   1.10000000 1.7590105429e+08
   256 2    1.045118   4.70 1.00435    1.005   5679. 2.621e-07  4.48e+00   1.10000000 1.8040839180e+08
   257 2    1.045682   4.70 1.00449    1.005   5679. 2.620e-07  4.48e+00   1.10000000 1.8604256369e+08
   258 2    1.046328   4.70 1.00466    1.005   5679. 2.619e-07  4.48e+00   1.10000000 1.9308527856e+08
   259 2    1.047075   4.70 1.00488    1.005   5680. 2.618e-07  4.47e+00   1.10000000 2.0188867213e+08
   260 2    1.047972   4.70 1.00514    1.006   5680. 2.617e-07  4.47e+00   1.10000000 2.1289291410e+08
   261 2    1.049041   4.70 1.00552    1.006   5680. 2.615e-07  4.47e+00   1.10000000 2.2664821657e+08
   262 2    1.050317   4.70 1.00597    1.006   5681. 2.613e-07  4.47e+00   1.10000000 2.4384234465e+08
   263 2    1.051896   4.70 1.00653    1.007   5681. 2.611e-07  4.47e+00   1.10000000 2.6533500475e+08
   264 2    1.053773   4.69 1.00721    1.008   5682. 2.609e-07  4.47e+00   1.10000000 2.9220082987e+08
   265 2    1.056027   4.69 1.00804    1.008   5683. 2.606e-07  4.47e+00   1.10000000 3.2578311128e+08
   266 2    1.058776   4.69 1.00905    1.010   5684. 2.602e-07  4.47e+00   1.10000000 3.6776096304e+08
   267 2    1.062086   4.68 1.01092    1.011   5684. 2.597e-07  4.47e+00   1.10000000 4.2023327773e+08
   268 2    1.066349   4.68 1.01260    1.013   5684. 2.591e-07  4.47e+00   1.10000000 4.8582367110e+08
   269 2    1.071468   4.68 1.01446    1.015   5686. 2.585e-07  4.47e+00   1.10000000 5.6082367110e+08
   270 2    1.077328   4.67 1.01656    1.017   5687. 2.577e-07  4.46e+00   1.10000000 6.3582367110e+08
   271 2    1.083413   4.66 1.01930    1.020   5688. 2.568e-07  4.46e+00   1.10000000 7.1082367110e+08
   272 2    1.089738   4.66 1.02149    1.022   5684. 2.553e-07  4.46e+00   1.10000000 7.8582367110e+08
   273 2    1.096424   4.65 1.02364    1.024   5684. 2.543e-07  4.46e+00   1.10000000 8.6082367110e+08
   274 2    1.102848   4.64 1.02570    1.026   5686. 2.533e-07  4.46e+00   1.10000000 9.3582367110e+08
   275 2    1.110225   4.64 1.02801    1.028   5689. 2.524e-07  4.46e+00   1.10000000 1.0108236711e+09
   276 2    1.116902   4.63 1.03067    1.031   5690. 2.516e-07  4.45e+00   1.10000000 1.0858236711e+09
   277 2    1.123445   4.62 1.03288    1.033   5693. 2.507e-07  4.45e+00   1.10000000 1.1608236711e+09
   278 2    1.130542   4.62 1.03508    1.036   5695. 2.499e-07  4.45e+00   1.10000000 1.2358236711e+09
   279 2    1.137949   4.61 1.03737    1.038   5699. 2.490e-07  4.45e+00   1.10000000 1.3108236711e+09
   280 2    1.144842   4.60 1.04013    1.041   5700. 2.481e-07  4.44e+00   1.10000000 1.3858236711e+09
   281 2    1.151781   4.60 1.04232    1.043   5702. 2.474e-07  4.44e+00   1.10000000 1.4608236711e+09
   282 2    1.158944   4.59 1.04454    1.045   5705. 2.465e-07  4.44e+00   1.10000000 1.5358236711e+09
   283 2    1.166389   4.58 1.04684    1.047   5708. 2.456e-07  4.44e+00   1.10000000 1.6108236711e+09
   284 2    1.173608   4.58 1.04980    1.050   5710. 2.447e-07  4.44e+00   1.10000000 1.6858236711e+09
   285 2    1.180957   4.57 1.05208    1.053   5712. 2.440e-07  4.44e+00   1.10000000 1.7608236711e+09
   286 2    1.188427   4.56 1.05438    1.055   5715. 2.431e-07  4.43e+00   1.10000000 1.8358236711e+09
   287 2    1.196576   4.56 1.05682    1.057   5718. 2.422e-07  4.43e+00   1.10000000 1.9108236711e+09
   288 2    1.203795   4.55 1.05982    1.060   5719. 2.413e-07  4.43e+00   1.10000000 1.9858236711e+09
   289 2    1.212336   4.54 1.06242    1.063   5722. 2.404e-07  4.43e+00   1.10000000 2.0608236711e+09
   290 2    1.220219   4.53 1.06475    1.065   5725. 2.396e-07  4.42e+00   1.10000000 2.1358236711e+09
   291 2    1.228431   4.53 1.06797    1.068   5726. 2.386e-07  4.42e+00   1.10000000 2.2108236711e+09
   292 2    1.235882   4.52 1.07036    1.071   5728. 2.379e-07  4.42e+00   1.10000000 2.2858236711e+09
   293 2    1.243914   4.51 1.07285    1.073   5731. 2.370e-07  4.42e+00   1.10000000 2.3608236711e+09
   294 2    1.252463   4.51 1.07549    1.076   5734. 2.361e-07  4.42e+00   1.10000000 2.4358236711e+09
   295 2    1.260643   4.50 1.07874    1.079   5736. 2.354e-07  4.41e+00   1.10000000 2.5108236711e+09
   296 2    1.268941   4.49 1.08131    1.082   5744. 2.351e-07  4.41e+00   1.10000000 2.5858236711e+09
   297 2    1.277722   4.48 1.08401    1.085   5747. 2.342e-07  4.41e+00   1.10000000 2.6608236711e+09
   298 2    1.286226   4.48 1.08735    1.088   5744. 2.330e-07  4.41e+00   1.10000000 2.7358236711e+09
   299 2    1.295671   4.47 1.09024    1.091   5744. 2.318e-07  4.40e+00   1.10000000 2.8108236711e+09
   300 2    1.304592   4.46 1.09287    1.093   5747. 2.308e-07  4.40e+00   1.10000000 2.8858236711e+09
   301 2    1.313016   4.45 1.09629    1.097   5747. 2.300e-07  4.40e+00   1.10000000 2.9608236711e+09
   302 2    1.322112   4.45 1.09910    1.100   5750. 2.291e-07  4.40e+00   1.10000000 3.0358236711e+09
   303 2    1.331033   4.44 1.10259    1.103   5751. 2.283e-07  4.39e+00   1.10000000 3.1108236711e+09
   304 2    1.340801   4.43 1.10561    1.106   5753. 2.274e-07  4.39e+00   1.10000000 3.1858236711e+09
   305 2    1.350060   4.42 1.10849    1.109   5756. 2.265e-07  4.39e+00   1.10000000 3.2608236711e+09
   306 2    1.359301   4.42 1.11207    1.113   5757. 2.256e-07  4.39e+00   1.10000000 3.3358236711e+09
   307 2    1.368830   4.41 1.11507    1.116   5759. 2.248e-07  4.38e+00   1.10000000 3.4108236711e+09
   308 2    1.378622   4.40 1.11879    1.119   5760. 2.238e-07  4.38e+00   1.10000000 3.4858236711e+09
   309 2    1.388378   4.39 1.12185    1.122   5762. 2.230e-07  4.38e+00   1.10000000 3.5608236711e+09
   310 2    1.398887   4.39 1.12579    1.126   5763. 2.221e-07  4.38e+00   1.10000000 3.6358236711e+09
   311 2    1.408857   4.38 1.12890    1.129   5765. 2.212e-07  4.37e+00   1.10000000 3.7108236711e+09
   312 2    1.419405   4.37 1.13216    1.133   5768. 2.203e-07  4.37e+00   1.10000000 3.7858236711e+09
   313 2    1.428910   4.36 1.13593    1.137   5768. 2.195e-07  4.37e+00   1.10000000 3.8608236711e+09
   314 2    1.439208   4.35 1.13921    1.140   5770. 2.186e-07  4.37e+00   1.10000000 3.9358236711e+09
   315 2    1.450039   4.35 1.14331    1.144   5771. 2.177e-07  4.36e+00   1.10000000 4.0108236711e+09
   316 2    1.460443   4.34 1.14729    1.148   5771. 2.168e-07  4.36e+00   1.10000000 4.0858236711e+09
   317 2    1.470928   4.33 1.15069    1.151   5773. 2.160e-07  4.36e+00   1.10000000 4.1608236711e+09
   318 2    1.481571   4.32 1.15478    1.155   5773. 2.151e-07  4.35e+00   1.10000000 4.2358236711e+09
   319 2    1.492950   4.31 1.15839    1.159   5775. 2.142e-07  4.35e+00   1.10000000 4.3108236711e+09
   320 2    1.503479   4.31 1.16250    1.163   5776. 2.134e-07  4.35e+00   1.10000000 4.3858236711e+09
   321 2    1.514418   4.30 1.16610    1.167   5777. 2.125e-07  4.35e+00   1.10000000 4.4608236711e+09
   322 2    1.525807   4.29 1.17050    1.171   5777. 2.117e-07  4.34e+00   1.10000000 4.5358236711e+09
   323 2    1.536961   4.28 1.17484    1.175   5777. 2.108e-07  4.34e+00   1.10000000 4.6108236711e+09
   324 2    1.548161   4.28 1.17858    1.179   5778. 2.100e-07  4.34e+00   1.10000000 4.6858236711e+09
   325 2    1.559479   4.27 1.18295    1.184   5779. 2.091e-07  4.33e+00   1.10000000 4.7608236711e+09
   326 2    1.571192   4.26 1.18746    1.188   5779. 2.082e-07  4.33e+00   1.10000000 4.8358236711e+09
   327 2    1.582850   4.25 1.19140    1.192   5779. 2.075e-07  4.33e+00   1.10000000 4.9108236711e+09
   328 2    1.594184   4.24 1.19596    1.197   5779. 2.066e-07  4.32e+00   1.10000000 4.9858236711e+09
   329 2    1.605917   4.24 1.20057    1.201   5779. 2.058e-07  4.32e+00   1.10000000 5.0608236711e+09
   330 2    1.617673   4.23 1.20524    1.206   5778. 2.050e-07  4.32e+00   1.10000000 5.1358236711e+09
   331 2    1.630414   4.22 1.21024    1.211   5777. 2.041e-07  4.31e+00   1.10000000 5.2108236711e+09
   332 2    1.641493   4.21 1.21429    1.215   5776. 2.033e-07  4.31e+00   1.10000000 5.2858236711e+09
   333 2    1.653479   4.20 1.21930    1.220   5774. 2.024e-07  4.31e+00   1.10000000 5.3608236711e+09
   334 2    1.666287   4.20 1.22457    1.225   5779. 2.019e-07  4.30e+00   1.10000000 5.4358236711e+09
   335 2    1.677431   4.19 1.22883    1.229   5776. 2.011e-07  4.30e+00   1.10000000 5.5108236711e+09
   336 2    1.690534   4.18 1.23432    1.235   5773. 2.001e-07  4.30e+00   1.10000000 5.5858236711e+09
   337 2    1.702846   4.17 1.23954    1.240   5772. 1.993e-07  4.29e+00   1.10000000 5.6608236711e+09
   338 2    1.713926   4.17 1.24465    1.245   5770. 1.988e-07  4.29e+00   1.10000000 5.7358236711e+09
   339 2    1.726284   4.16 1.25006    1.251   5768. 1.979e-07  4.29e+00   1.10000000 5.8108236711e+09
   340 2    1.738212   4.15 1.25554    1.256   5761. 1.970e-07  4.28e+00   1.10000000 5.8858236711e+09
   341 2    1.750403   4.14 1.26107    1.262   5759. 1.963e-07  4.28e+00   1.10000000 5.9608236711e+09
   342 2    1.763213   4.13 1.26680    1.268   5757. 1.954e-07  4.27e+00   1.10000000 6.0358236711e+09
   343 2    1.775667   4.13 1.27263    1.273   5751. 1.946e-07  4.27e+00   1.10000000 6.1108236711e+09
   344 2    1.786473   4.12 1.27744    1.278   5749. 1.940e-07  4.27e+00   1.10000000 6.1858236711e+09
   345 2    1.799104   4.11 1.28349    1.284   5749. 1.934e-07  4.26e+00   1.10000000 6.2608236711e+09
   346 2    1.810829   4.11 1.29007    1.291   5743. 1.927e-07  4.26e+00   1.10000000 6.3358236711e+09
   347 2    1.821441   4.10 1.29586    1.297   5740. 1.923e-07  4.25e+00   1.10000000 6.4108236711e+09
   348 2    1.833535   4.09 1.30218    1.303   5731. 1.912e-07  4.25e+00   1.10000000 6.4858236711e+09
   349 2    1.843930   4.09 1.30830    1.309   5732. 1.911e-07  4.25e+00   1.10000000 6.5608236711e+09
   350 2    1.854123   4.08 1.31453    1.315   5722. 1.903e-07  4.24e+00   1.10000000 6.6358236711e+09
   351 2    1.863749   4.07 1.32088    1.322   5717. 1.898e-07  4.24e+00   1.10000000 6.7108236711e+09
   352 2    1.867735   4.07 1.32643    1.327   5706. 1.894e-07  4.23e+00   1.10000000 6.7858236711e+09
   353 2    1.881902   4.06 1.33366    1.334   5704. 1.888e-07  4.23e+00   1.10000000 6.8608236711e+09
   354 2    1.890188   4.06 1.34018    1.341   5696. 1.884e-07  4.22e+00   1.10000000 6.9358236711e+09
   355 2    1.898151   4.05 1.34728    1.348   5687. 1.880e-07  4.22e+00   1.10000000 7.0108236711e+09
   356 2    1.904971   4.05 1.35443    1.355   5673. 1.873e-07  4.22e+00   1.10000000 7.0858236711e+09
   357 2    1.911577   4.05 1.36196    1.363   5664. 1.870e-07  4.21e+00   1.10000000 7.1608236711e+09
   358 2    1.917680   4.04 1.36861    1.369   5655. 1.867e-07  4.21e+00   1.10000000 7.2358236711e+09
   359 2    1.922983   4.04 1.37712    1.378   5637. 1.861e-07  4.20e+00   1.10000000 7.3108236711e+09
   360 2    1.928130   4.04 1.38356    1.384   5633. 1.862e-07  4.20e+00   1.10000000 7.3858236711e+09
   361 2    1.932588   4.03 1.39205    1.393   5617. 1.856e-07  4.19e+00   1.10000000 7.4608236711e+09
   362 2    1.937097   4.03 1.39838    1.399   5605. 1.853e-07  4.19e+00   1.10000000 7.5358236711e+09
   363 2    1.941187   4.03 1.40622    1.407   5599. 1.855e-07  4.18e+00   1.10000000 7.6108236711e+09
   364 2    1.945207   4.03 1.41505    1.416   5580. 1.848e-07  4.18e+00   1.10000000 7.6858236711e+09
   365 2    1.948480   4.03 1.42268    1.424   5570. 1.849e-07  4.17e+00   1.10000000 7.7608236711e+09
   366 2    1.952916   4.02 1.43131    1.432   5548. 1.839e-07  4.17e+00   1.10000000 7.8358236711e+09
   367 2    1.958332   4.02 1.43961    1.440   5538. 1.837e-07  4.16e+00   1.10000000 7.9108236711e+09
   368 2    1.965331   4.02 1.44874    1.450   5525. 1.833e-07  4.16e+00   1.10000000 7.9858236711e+09
   369 2    1.974938   4.01 1.45775    1.459   5519. 1.829e-07  4.15e+00   1.10000000 8.0608236711e+09
   370 2    1.989107   4.00 1.46742    1.468   5511. 1.823e-07  4.15e+00   1.10000000 8.1358236711e+09
   371 2    2.010259   3.99 1.47808    1.479   5500. 1.808e-07  4.14e+00   1.10000000 8.2108236711e+09
   372 2    2.044099   3.97 1.48917    1.490   5504. 1.793e-07  4.13e+00   1.10000000 8.2858236711e+09
   373 2    2.108804   3.94 1.50459    1.506   5517. 1.763e-07  4.12e+00   1.10000000 8.3608236711e+09
   374 2    2.242300   3.87 1.53128    1.532   5554. 1.699e-07  4.11e+00   1.10000000 8.4358236711e+09
