#  model      L (Lo)        Reff (Ro)          Teff               log g                   age (yr)
#    phase             Mbol           R* (Ro)         rho_eff                M (Mo)
#
     1 1       41.46    .73   13.53   13.593   3871. 4.271e-08  2.18e+00   1.00000000 2.7867586580e+02
     2 1       40.99    .75   13.43   13.489   3871. 4.285e-08  2.18e+00   1.00000000 4.7223981023e+02
     3 1       40.42    .76   13.30   13.363   3875. 4.316e-08  2.19e+00   1.00000000 7.1419474077e+02
     4 1       39.69    .78   13.15   13.212   3879. 4.356e-08  2.20e+00   1.00000000 1.0166384039e+03
     5 1       38.86    .81   12.97   13.031   3883. 4.405e-08  2.21e+00   1.00000000 1.3946929829e+03
     6 1       37.87    .84   12.76   12.819   3889. 4.464e-08  2.23e+00   1.00000000 1.8672612066e+03
     7 1       36.74    .87   12.52   12.571   3896. 4.534e-08  2.24e+00   1.00000000 2.4556288317e+03
     8 1       35.62    .90   12.27   12.326   3903. 4.606e-08  2.26e+00   1.00000000 3.0811688164e+03
     9 1       34.54    .94   12.04   12.086   3916. 4.692e-08  2.28e+00   1.00000000 3.7410918676e+03
    10 1       33.49    .97   11.80   11.848   3923. 4.766e-08  2.29e+00   1.00000000 4.4405030953e+03
    11 1       32.46   1.01   11.57   11.613   3931. 4.842e-08  2.31e+00   1.00000000 5.1850527894e+03
    12 1       31.45   1.04   11.34   11.381   3937. 4.922e-08  2.33e+00   1.00000000 5.9704465476e+03
    13 1       30.44   1.04   11.12   11.160   3943. 5.496e-08  2.35e+00   1.00000000 6.7304123932e+03
    14 1       29.37   1.08   10.87   10.912   3949. 5.609e-08  2.37e+00   1.00000000 7.6803697001e+03
    15 1       28.44   1.12   10.66   10.698   3956. 5.706e-08  2.38e+00   1.00000000 8.5581818089e+03
    16 1       27.53   1.15   10.45   10.484   3962. 5.813e-08  2.40e+00   1.00000000 9.5029360385e+03
    17 1       26.63   1.19   10.24   10.273   3969. 5.920e-08  2.42e+00   1.00000000 1.0510123251e+04
    18 1       25.76   1.22   10.03   10.064   3976. 6.028e-08  2.44e+00   1.00000000 1.1578901788e+04
    19 1   24.920004   1.26 9.82651    9.858   3984. 6.128e-08  2.45e+00   1.00000000 1.2713330185e+04
    20 1   24.082966   1.30 9.62418    9.655   3997. 6.262e-08  2.47e+00   1.00000000 1.3924444403e+04
    21 1   23.276963   1.33 9.42707    9.457   4003. 6.385e-08  2.49e+00   1.00000000 1.5199220630e+04
    22 1   22.486071   1.37 9.23246    9.261   4010. 6.503e-08  2.51e+00   1.00000000 1.6558163367e+04
    23 1   21.730364   1.41 9.04096    9.068   4017. 6.626e-08  2.53e+00   1.00000000 1.8001379595e+04
    24 1   20.984842   1.45 8.85138    8.878   4025. 6.750e-08  2.54e+00   1.00000000 1.9547236765e+04
    25 1   20.313419   1.48 8.68038    8.706   4030. 6.873e-08  2.56e+00   1.00000000 2.1050410260e+04
    26 1   19.622234   1.52 8.49842    8.523   4038. 7.003e-08  2.58e+00   1.00000000 2.2782002513e+04
    27 1   18.924543   1.56 8.31758    8.341   4043. 7.148e-08  2.60e+00   1.00000000 2.4655782009e+04
    28 1   18.264779   1.60 8.14118    8.163   4050. 7.289e-08  2.62e+00   1.00000000 2.6647411390e+04
    29 1   17.613315   1.64 7.96728    7.989   4055. 7.449e-08  2.64e+00   1.00000000 2.8797560309e+04
    30 1   16.984090   1.67 7.79709    7.818   4068. 7.614e-08  2.65e+00   1.00000000 3.1112326699e+04
    31 1   16.376476   1.71 7.63073    7.650   4072. 7.790e-08  2.67e+00   1.00000000 3.3619631072e+04
    32 1   15.801970   1.75 7.46801    7.487   4081. 7.915e-08  2.69e+00   1.00000000 3.6363247190e+04
    33 1   15.233642   1.79 7.30869    7.327   4083. 8.075e-08  2.71e+00   1.00000000 3.9410728807e+04
    34 1   14.696560   1.83 7.15607    7.173   4088. 8.249e-08  2.73e+00   1.00000000 4.2796934539e+04
    35 1   14.188659   1.87 7.00985    7.027   4101. 8.413e-08  2.75e+00   1.00000000 4.6682807941e+04
    36 1   13.726831   1.91 6.87148    6.888   4109. 8.542e-08  2.76e+00   1.00000000 5.1273251834e+04
    37 1   13.322368   1.94 6.75314    6.769   4114. 8.680e-08  2.78e+00   1.00000000 5.6422850780e+04
    38 1   12.972718   1.97 6.64897    6.664   4118. 8.813e-08  2.79e+00   1.00000000 6.2859849463e+04
    39 1   12.691551   1.99 6.56459    6.579   4120. 8.930e-08  2.80e+00   1.00000000 7.0906097816e+04
    40 1   12.482482   2.01 6.49990    6.514   4124. 8.999e-08  2.81e+00   1.00000000 8.0963908258e+04
    41 1   12.315002   2.02 6.44958    6.464   4122. 9.079e-08  2.82e+00   1.00000000 9.3536171310e+04
    42 1   12.189271   2.04 6.41075    6.425   4127. 9.109e-08  2.82e+00   1.00000000 1.0533309942e+05
    43 1   12.078805   2.04 6.37715    6.391   4133. 9.167e-08  2.83e+00   1.00000000 1.1617730720e+05
    44 1   11.979931   2.05 6.34619    6.360   4134. 9.207e-08  2.83e+00   1.00000000 1.2626193044e+05
    45 1   11.879518   2.06 6.31643    6.330   4134. 9.255e-08  2.84e+00   1.00000000 1.3568556327e+05
    46 1   11.789576   2.07 6.28742    6.301   4137. 9.288e-08  2.84e+00   1.00000000 1.4451663160e+05
    47 1   11.695863   2.08 6.25909    6.273   4137. 9.335e-08  2.84e+00   1.00000000 1.5280140944e+05
    48 1   11.604345   2.09 6.23121    6.245   4138. 9.372e-08  2.85e+00   1.00000000 1.6058608163e+05
    49 1   11.521887   2.10 6.20364    6.217   4140. 9.407e-08  2.85e+00   1.00000000 1.6790532313e+05
    50 1   11.434104   2.10 6.17651    6.190   4142. 9.444e-08  2.86e+00   1.00000000 1.7479031231e+05
    51 1   11.348571   2.11 6.14980    6.163   4143. 9.484e-08  2.86e+00   1.00000000 1.8127129340e+05
    52 1   11.265106   2.12 6.12344    6.136   4144. 9.523e-08  2.86e+00   1.00000000 1.8737716605e+05
    53 1   11.179612   2.13 6.09746    6.110   4144. 9.570e-08  2.87e+00   1.00000000 1.9313300532e+05
    54 1   11.099436   2.14 6.07176    6.084   4146. 9.600e-08  2.87e+00   1.00000000 1.9856325241e+05
    55 1   11.021332   2.14 6.04646    6.059   4147. 9.637e-08  2.87e+00   1.00000000 2.0368728091e+05
    56 1   10.939433   2.15 6.02154    6.034   4147. 9.682e-08  2.88e+00   1.00000000 2.0852633385e+05
    57 1   10.864742   2.16 5.99695    6.009   4149. 9.712e-08  2.88e+00   1.00000000 2.1310021272e+05
    58 1   10.786367   2.17 5.97276    5.985   4149. 9.758e-08  2.89e+00   1.00000000 2.1742455428e+05
    59 1   10.715283   2.17 5.94886    5.961   4151. 9.788e-08  2.89e+00   1.00000000 2.2151716735e+05
    60 1   10.640336   2.18 5.92537    5.937   4151. 9.844e-08  2.89e+00   1.00000000 2.2539169222e+05
    61 1   10.567296   2.19 5.90225    5.914   4152. 9.872e-08  2.90e+00   1.00000000 2.2906254984e+05
    62 1   10.495846   2.20 5.87950    5.891   4154. 9.902e-08  2.90e+00   1.00000000 2.3254359282e+05
    63 1   10.426285   2.20 5.85713    5.869   4155. 9.938e-08  2.90e+00   1.00000000 2.3584628844e+05
    64 1   10.358336   2.21 5.83514    5.847   4155. 9.974e-08  2.91e+00   1.00000000 2.3898229141e+05
    65 1   10.292423   2.22 5.81351    5.825   4156. 1.001e-07  2.91e+00   1.00000000 2.4196213163e+05
    66 1   10.227767   2.23 5.79224    5.804   4157. 1.004e-07  2.91e+00   1.00000000 2.4479555853e+05
    67 1   10.165083   2.23 5.77134    5.783   4158. 1.008e-07  2.92e+00   1.00000000 2.4749172971e+05
    68 1   10.103871   2.24 5.75075    5.762   4159. 1.012e-07  2.92e+00   1.00000000 2.5005911317e+05
    69 1   10.038301   2.25 5.73058    5.742   4160. 1.014e-07  2.92e+00   1.00000000 2.5250529796e+05
    70 1    9.980852   2.25 5.71083    5.722   4161. 1.019e-07  2.92e+00   1.00000000 2.5483812738e+05
    71 1    9.918629   2.26 5.69139    5.703   4162. 1.021e-07  2.93e+00   1.00000000 2.5706439781e+05
    72 1    9.864295   2.26 5.67238    5.683   4162. 1.025e-07  2.93e+00   1.00000000 2.5919087887e+05
    73 1    9.805356   2.27 5.65365    5.665   4164. 1.028e-07  2.93e+00   1.00000000 2.6122326771e+05
    74 1    9.748289   2.28 5.63538    5.646   4164. 1.031e-07  2.94e+00   1.00000000 2.6316743027e+05
    75 1    9.698294   2.28 5.61737    5.628   4165. 1.035e-07  2.94e+00   1.00000000 2.6502845917e+05
    76 1    9.643927   2.29 5.59971    5.611   4166. 1.037e-07  2.94e+00   1.00000000 2.6681103788e+05
    77 1    9.591353   2.30 5.58248    5.593   4167. 1.040e-07  2.94e+00   1.00000000 2.6851999587e+05
    78 1    9.540316   2.30 5.56560    5.576   4167. 1.043e-07  2.95e+00   1.00000000 2.7015972275e+05
    79 1    9.490601   2.31 5.54905    5.560   4168. 1.046e-07  2.95e+00   1.00000000 2.7173416336e+05
    80 1    9.442052   2.31 5.53277    5.543   4169. 1.049e-07  2.95e+00   1.00000000 2.7324683746e+05
    81 1    9.394932   2.32 5.51683    5.527   4170. 1.052e-07  2.95e+00   1.00000000 2.7470115385e+05
    82 1    9.349312   2.32 5.50121    5.512   4170. 1.055e-07  2.96e+00   1.00000000 2.7610037980e+05
    83 1    9.305167   2.33 5.48597    5.496   4171. 1.058e-07  2.96e+00   1.00000000 2.7744768996e+05
    84 1    9.255897   2.33 5.47105    5.481   4171. 1.061e-07  2.96e+00   1.00000000 2.7874579878e+05
    85 1    9.214240   2.34 5.45643    5.467   4172. 1.063e-07  2.96e+00   1.00000000 2.7999769149e+05
    86 1    9.173741   2.34 5.44206    5.452   4173. 1.066e-07  2.97e+00   1.00000000 2.8120552791e+05
    87 1    9.128195   2.35 5.42800    5.438   4173. 1.069e-07  2.97e+00   1.00000000 2.8237161433e+05
    88 1    9.090379   2.35 5.41426    5.424   4174. 1.071e-07  2.97e+00   1.00000000 2.8349831757e+05
    89 1    9.053597   2.36 5.40078    5.411   4174. 1.074e-07  2.97e+00   1.00000000 2.8458752546e+05
    90 1    9.011519   2.36 5.38763    5.398   4175. 1.077e-07  2.97e+00   1.00000000 2.8564130170e+05
    91 1    8.974822   2.37 5.37472    5.385   4175. 1.079e-07  2.98e+00   1.00000000 2.8666142709e+05
    92 1    8.937142   2.37 5.36209    5.372   4176. 1.081e-07  2.98e+00   1.00000000 2.8764948832e+05
    93 1    8.900670   2.38 5.34978    5.360   4177. 1.084e-07  2.98e+00   1.00000000 2.8860719502e+05
    94 1    8.865125   2.38 5.33766    5.348   4177. 1.086e-07  2.98e+00   1.00000000 2.8953600205e+05
    95 1    8.830597   2.39 5.32580    5.336   4178. 1.088e-07  2.98e+00   1.00000000 2.9043727832e+05
    96 1    8.797078   2.39 5.31419    5.324   4178. 1.091e-07  2.99e+00   1.00000000 2.9131235345e+05
    97 1    8.764358   2.39 5.30282    5.313   4179. 1.093e-07  2.99e+00   1.00000000 2.9216247751e+05
    98 1    8.732651   2.40 5.29169    5.301   4179. 1.095e-07  2.99e+00   1.00000000 2.9298882289e+05
    99 1    8.701812   2.40 5.28079    5.290   4180. 1.097e-07  2.99e+00   1.00000000 2.9379249437e+05
   100 1    8.667714   2.41 5.27016    5.280   4180. 1.100e-07  2.99e+00   1.00000000 2.9457453175e+05
   101 1    8.638850   2.41 5.25974    5.269   4180. 1.101e-07  3.00e+00   1.00000000 2.9533606505e+05
   102 1    8.610770   2.41 5.24950    5.259   4181. 1.103e-07  3.00e+00   1.00000000 2.9607787204e+05
   103 1    8.579012   2.42 5.23948    5.249   4181. 1.106e-07  3.00e+00   1.00000000 2.9680083059e+05
   104 1    8.552678   2.42 5.22970    5.239   4182. 1.108e-07  3.00e+00   1.00000000 2.9750583497e+05
   105 1    8.526918   2.42 5.22008    5.230   4183. 1.111e-07  3.00e+00   1.00000000 2.9819359964e+05
   106 1    8.497613   2.43 5.21068    5.220   4185. 1.113e-07  3.00e+00   1.00000000 2.9886491323e+05
   107 1    8.473263   2.43 5.20145    5.211   4186. 1.115e-07  3.01e+00   1.00000000 2.9952044551e+05
   108 1    8.445448   2.43 5.19242    5.202   4186. 1.116e-07  3.01e+00   1.00000000 3.0016084387e+05
   109 1    8.418169   2.44 5.18356    5.193   4186. 1.118e-07  3.01e+00   1.00000000 3.0078670953e+05
   110 1    8.396122   2.44 5.17489    5.184   4187. 1.120e-07  3.01e+00   1.00000000 3.0139870271e+05
   111 1    8.370201   2.44 5.16637    5.176   4187. 1.122e-07  3.01e+00   1.00000000 3.0199730156e+05
   112 1    8.344951   2.45 5.15803    5.167   4187. 1.124e-07  3.01e+00   1.00000000 3.0258310376e+05
   113 1    8.324866   2.45 5.14985    5.159   4188. 1.125e-07  3.01e+00   1.00000000 3.0315658815e+05
   114 1    8.300879   2.45 5.14182    5.151   4188. 1.127e-07  3.02e+00   1.00000000 3.0371819380e+05
   115 1    8.277402   2.46 5.13395    5.143   4188. 1.129e-07  3.02e+00   1.00000000 3.0426840683e+05
   116 1    8.254633   2.46 5.12624    5.135   4188. 1.131e-07  3.02e+00   1.00000000 3.0480769195e+05
   117 1    8.236702   2.46 5.11867    5.128   4189. 1.132e-07  3.02e+00   1.00000000 3.0533643380e+05
   118 1    8.214974   2.46 5.11123    5.120   4190. 1.133e-07  3.02e+00   1.00000000 3.0585498574e+05
   119 1    8.193639   2.47 5.10394    5.113   4190. 1.135e-07  3.02e+00   1.00000000 3.0636374178e+05
   120 1    8.172938   2.47 5.09679    5.106   4190. 1.136e-07  3.02e+00   1.00000000 3.0686306202e+05
   121 1    8.152607   2.47 5.08976    5.099   4190. 1.138e-07  3.02e+00   1.00000000 3.0735328120e+05
   122 1    8.132819   2.47 5.08285    5.092   4191. 1.140e-07  3.03e+00   1.00000000 3.0783472636e+05
   123 1    8.113419   2.48 5.07607    5.085   4192. 1.142e-07  3.03e+00   1.00000000 3.0830768037e+05
   124 1    8.094620   2.48 5.06942    5.078   4193. 1.143e-07  3.03e+00   1.00000000 3.0877244507e+05
   125 1    8.076191   2.48 5.06289    5.072   4193. 1.145e-07  3.03e+00   1.00000000 3.0922929884e+05
   126 1    8.058310   2.48 5.05647    5.065   4193. 1.146e-07  3.03e+00   1.00000000 3.0967850540e+05
   127 1    8.040582   2.49 5.05015    5.059   4193. 1.147e-07  3.03e+00   1.00000000 3.1012030301e+05
   128 1    8.023462   2.49 5.04394    5.053   4194. 1.149e-07  3.03e+00   1.00000000 3.1055493206e+05
   129 1    8.006626   2.49 5.03784    5.047   4194. 1.150e-07  3.03e+00   1.00000000 3.1098262640e+05
   130 1    7.990227   2.49 5.03185    5.041   4195. 1.151e-07  3.03e+00   1.00000000 3.1140360438e+05
   131 1    7.974304   2.50 5.02597    5.035   4195. 1.153e-07  3.04e+00   1.00000000 3.1181809207e+05
   132 1    7.954177   2.50 5.02022    5.029   4195. 1.154e-07  3.04e+00   1.00000000 3.1222630738e+05
   133 1    7.938958   2.50 5.01453    5.023   4195. 1.155e-07  3.04e+00   1.00000000 3.1262845350e+05
   134 1    7.923986   2.50 5.00893    5.018   4195. 1.157e-07  3.04e+00   1.00000000 3.1302468442e+05
   135 1    7.909398   2.50 5.00341    5.012   4196. 1.158e-07  3.04e+00   1.00000000 3.1341518098e+05
   136 1    7.895153   2.51 4.99797    5.007   4196. 1.159e-07  3.04e+00   1.00000000 3.1380009712e+05
   137 1    7.876478   2.51 4.99264    5.001   4196. 1.160e-07  3.04e+00   1.00000000 3.1417959880e+05
   138 1    7.862982   2.51 4.98740    4.996   4196. 1.162e-07  3.04e+00   1.00000000 3.1455385825e+05
   139 1    7.849624   2.51 4.98223    4.991   4196. 1.163e-07  3.04e+00   1.00000000 3.1492301825e+05
   140 1    7.836551   2.51 4.97713    4.986   4197. 1.163e-07  3.04e+00   1.00000000 3.1528722094e+05
   141 1    7.819127   2.52 4.97212    4.981   4197. 1.165e-07  3.04e+00   1.00000000 3.1564659849e+05
   142 1    7.806718   2.52 4.96719    4.976   4197. 1.166e-07  3.05e+00   1.00000000 3.1600129501e+05
   143 1    7.794626   2.52 4.96234    4.971   4197. 1.167e-07  3.05e+00   1.00000000 3.1635143873e+05
   144 1    7.782697   2.52 4.95755    4.966   4198. 1.168e-07  3.05e+00   1.00000000 3.1669715537e+05
   145 1    7.766431   2.52 4.95286    4.961   4198. 1.169e-07  3.05e+00   1.00000000 3.1703855681e+05
   146 1    7.754550   2.53 4.94823    4.957   4198. 1.170e-07  3.05e+00   1.00000000 3.1737578064e+05
   147 1    7.743988   2.53 4.94364    4.952   4199. 1.171e-07  3.05e+00   1.00000000 3.1770892106e+05
   148 1    7.728365   2.53 4.93915    4.948   4198. 1.173e-07  3.05e+00   1.00000000 3.1803807072e+05
   149 1    7.717701   2.53 4.93472    4.943   4199. 1.173e-07  3.05e+00   1.00000000 3.1836335244e+05
   150 1    7.702509   2.53 4.93032    4.939   4199. 1.175e-07  3.05e+00   1.00000000 3.1868484759e+05
   151 1    7.692407   2.53 4.92601    4.934   4199. 1.176e-07  3.05e+00   1.00000000 3.1900265066e+05
   152 1    7.682302   2.54 4.92175    4.930   4199. 1.176e-07  3.05e+00   1.00000000 3.1931686046e+05
   153 1    7.667810   2.54 4.91757    4.926   4199. 1.178e-07  3.05e+00   1.00000000 3.1962756375e+05
   154 1    7.653627   2.54 4.91234    4.921   4199. 1.179e-07  3.06e+00   1.00000000 3.2001594286e+05
   155 1    7.634484   2.54 4.90582    4.914   4200. 1.181e-07  3.06e+00   1.00000000 3.2050141674e+05
   156 1    7.614369   2.55 4.89771    4.906   4200. 1.182e-07  3.06e+00   1.00000000 3.2110825910e+05
   157 1    7.584061   2.55 4.88764    4.896   4200. 1.185e-07  3.06e+00   1.00000000 3.2186681204e+05
   158 1    7.550580   2.56 4.87514    4.883   4201. 1.188e-07  3.06e+00   1.00000000 3.2281500322e+05
   159 1    7.508925   2.56 4.85960    4.868   4201. 1.192e-07  3.06e+00   1.00000000 3.2400024220e+05
   160 1    7.456219   2.57 4.84046    4.849   4202. 1.196e-07  3.07e+00   1.00000000 3.2548179091e+05
   161 1    7.390600   2.58 4.81694    4.825   4201. 1.202e-07  3.07e+00   1.00000000 3.2733372681e+05
   162 1    7.312406   2.59 4.78813    4.796   4202. 1.210e-07  3.08e+00   1.00000000 3.2964864668e+05
   163 1    7.218303   2.60 4.75301    4.761   4205. 1.217e-07  3.08e+00   1.00000000 3.3254229653e+05
   164 1    7.100513   2.62 4.71051    4.718   4205. 1.230e-07  3.09e+00   1.00000000 3.3615935883e+05
   165 1    6.965457   2.64 4.65954    4.667   4208. 1.242e-07  3.10e+00   1.00000000 3.4068068670e+05
   166 1    6.800188   2.67 4.59877    4.606   4210. 1.260e-07  3.11e+00   1.00000000 3.4633234655e+05
   167 1    6.612424   2.70 4.52721    4.534   4211. 1.282e-07  3.13e+00   1.00000000 3.5339692136e+05
   168 1    6.394586   2.74 4.44374    4.451   4219. 1.314e-07  3.14e+00   1.00000000 3.6222763987e+05
   169 1    6.146997   2.78 4.34753    4.354   4228. 1.334e-07  3.16e+00   1.00000000 3.7326603800e+05
   170 1    5.867014   2.83 4.23837    4.245   4227. 1.380e-07  3.18e+00   1.00000000 3.8706403567e+05
   171 1    5.582637   2.88 4.12374    4.130   4232. 1.413e-07  3.21e+00   1.00000000 4.0313543547e+05
   172 1    5.303803   2.94 4.00986    4.015   4238. 1.448e-07  3.23e+00   1.00000000 4.2087702230e+05
   173 1    5.032946   3.00 3.89829    3.904   4239. 1.498e-07  3.26e+00   1.00000000 4.4028176184e+05
   174 1    4.772676   3.05 3.78891    3.794   4250. 1.544e-07  3.28e+00   1.00000000 4.6151182922e+05
   175 1    4.524983   3.11 3.68136    3.686   4253. 1.596e-07  3.31e+00   1.00000000 4.8484965550e+05
   176 1    4.283718   3.17 3.57481    3.579   4256. 1.646e-07  3.33e+00   1.00000000 5.1073321615e+05
   177 1    4.050561   3.23 3.46999    3.474   4263. 1.693e-07  3.36e+00   1.00000000 5.3928999126e+05
   178 1    3.825387   3.29 3.36727    3.371   4262. 1.757e-07  3.38e+00   1.00000000 5.7080894854e+05
   179 1    3.610558   3.36 3.26623    3.270   4267. 1.812e-07  3.41e+00   1.00000000 6.0568371868e+05
   180 1    3.400002   3.42 3.16664    3.170   4265. 1.884e-07  3.44e+00   1.00000000 6.4455634968e+05
   181 1    3.218851   3.48 3.07788    3.081   4266. 1.949e-07  3.46e+00   1.00000000 6.8336725620e+05
   182 1    3.026109   3.55 2.98155    2.985   4272. 2.017e-07  3.49e+00   1.00000000 7.3097616283e+05
   183 1    2.842325   3.62 2.88641    2.889   4272. 2.101e-07  3.52e+00   1.00000000 7.8442296008e+05
   184 1    2.662881   3.69 2.79225    2.795   4273. 2.183e-07  3.55e+00   1.00000000 8.4473015129e+05
   185 1    2.491989   3.76 2.69987    2.702   4274. 2.266e-07  3.58e+00   1.00000000 9.1231333038e+05
   186 1    2.328224   3.83 2.60868    2.611   4281. 2.368e-07  3.60e+00   1.00000000 9.8872705881e+05
   187 1    2.170224   3.91 2.51880    2.521   4282. 2.467e-07  3.64e+00   1.00000000 1.0753268259e+06
   188 1    2.020601   3.99 2.43058    2.433   4281. 2.578e-07  3.67e+00   1.00000000 1.1733560947e+06
   189 1    1.879031   4.07 2.34461    2.347   4280. 2.698e-07  3.70e+00   1.00000000 1.2837094299e+06
   190 1    1.745034   4.15 2.26038    2.262   4278. 2.825e-07  3.73e+00   1.00000000 1.4088789657e+06
   191 1    1.617497   4.23 2.17797    2.180   4275. 2.964e-07  3.76e+00   1.00000000 1.5510116222e+06
   192 1    1.497495   4.31 2.09703    2.099   4273. 3.112e-07  3.79e+00   1.00000000 1.7136424321e+06
   193 1    1.394325   4.39 2.02557    2.027   4277. 3.265e-07  3.82e+00   1.00000000 1.8790897398e+06
   194 1    1.287989   4.48 1.94899    1.950   4273. 3.435e-07  3.86e+00   1.00000000 2.0858988743e+06
   195 1    1.186150   4.56 1.87290    1.874   4269. 3.622e-07  3.89e+00   1.00000000 2.3274453730e+06
   196 1    1.090515   4.66 1.79824    1.799   4261. 3.821e-07  3.93e+00   1.00000000 2.6074131976e+06
   197 1    1.001462   4.75 1.72573    1.727   4263. 4.046e-07  3.96e+00   1.00000000 2.9302214175e+06
   198 1     .918711   4.84 1.65502    1.656   4258. 4.280e-07  4.00e+00   1.00000000 3.3059400911e+06
   199 1     .842043   4.94 1.58627    1.587   4252. 4.530e-07  4.04e+00   1.00000000 3.7443965962e+06
   200 1     .771472   5.03 1.51943    1.520   4247. 4.793e-07  4.07e+00   1.00000000 4.2596193781e+06
   201 1     .707210   5.13 1.45499    1.456   4243. 5.068e-07  4.11e+00   1.00000000 4.8639385987e+06
   202 1     .648945   5.22 1.39288    1.394   4240. 5.351e-07  4.15e+00   1.00000000 5.5784333127e+06
   203 1     .597054   5.31 1.33378    1.334   4239. 5.631e-07  4.19e+00   1.00000000 6.4190304678e+06
   204 1     .551919   5.40 1.27835    1.279   4249. 5.914e-07  4.22e+00   1.00000000 7.4013713080e+06
   205 1     .516899   5.47 1.23189    1.232   4256. 6.132e-07  4.26e+00   1.00000000 8.4174929129e+06
   206 1     .485367   5.53 1.18585    1.186   4269. 6.318e-07  4.29e+00   1.00000000 9.6876449190e+06
   207 1     .461200   5.59 1.14547    1.146   4290. 6.425e-07  4.32e+00   1.00000000 1.1114487384e+07
   208 1     .445002   5.63 1.11184    1.112   4319. 6.425e-07  4.35e+00   1.00000000 1.2661933554e+07
   209 1     .437434   5.65 1.08506    1.085   4359. 6.304e-07  4.37e+00   1.00000000 1.4303211516e+07
   210 1     .439096   5.64 1.06511    1.066   4417. 6.068e-07  4.38e+00   1.00000000 1.5986756607e+07
   211 1     .450453   5.62 1.05125    1.052   4478. 5.705e-07  4.39e+00   1.00000000 1.7668656220e+07
   212 1     .471550   5.57 1.04239    1.043   4547. 5.274e-07  4.40e+00   1.00000000 1.9318152769e+07
   213 1     .501892   5.50 1.03724    1.038   4625. 4.819e-07  4.41e+00   1.00000000 2.0919191575e+07
   214 1     .540161   5.42 1.03465    1.035   4718. 4.346e-07  4.41e+00   1.00000000 2.2463289464e+07
   215 1     .583944   5.33 1.03399    1.034   4828. 3.903e-07  4.41e+00   1.00000000 2.3946234225e+07
   216 1     .632552   5.25 1.03441    1.035   4916. 3.583e-07  4.41e+00   1.00000000 2.5364449363e+07
   217 1     .680034   5.17 1.03510    1.036   5005. 3.339e-07  4.41e+00   1.00000000 2.6613266364e+07
   218 1     .730705   5.09 1.03540    1.036   5110. 3.111e-07  4.41e+00   1.00000000 2.7931648105e+07
   219 1     .778374   5.02 1.03446    1.035   5187. 2.962e-07  4.41e+00   1.00000000 2.9223802453e+07
   220 1     .816191   4.97 1.02972    1.030   5261. 2.856e-07  4.41e+00   1.00000000 3.0522220714e+07
   221 1     .832345   4.95 1.01687    1.017   5314. 2.816e-07  4.42e+00   1.00000000 3.1915635390e+07
   222 1     .808030   4.98  .99062     .991   5350. 2.854e-07  4.45e+00   1.00000000 3.3632925965e+07
   223 1     .762257   5.04  .96145     .962   5350. 2.948e-07  4.47e+00   1.00000000 3.5358021021e+07
   224 1     .715219   5.11  .93470     .935   5350. 3.069e-07  4.50e+00   1.00000000 3.7294467806e+07
   225 1     .678162   5.17  .91367     .914   5339. 3.164e-07  4.52e+00   1.00000000 3.9715026287e+07
   226 1     .658205   5.20  .90073     .901   5336. 3.218e-07  4.53e+00   1.00000000 4.2740724389e+07
   227 1     .648584   5.22  .89357     .894   5338. 3.243e-07  4.54e+00   1.00000000 4.6522847016e+07
   228 1     .643355   5.23  .88953     .890   5340. 3.258e-07  4.54e+00   1.00000000 5.1250500300e+07
   229 1     .641382   5.23  .88753     .888   5341. 3.263e-07  4.54e+00   1.00000000 5.6709377464e+07
   230 1     .640010   5.23  .88685     .887   5340. 3.267e-07  4.54e+00   1.00000000 6.2197386053e+07
   231 1     .639371   5.24  .88678     .887   5339. 3.269e-07  4.54e+00   1.00000000 6.7701320411e+07
   232 1     .639148   5.24  .88697     .887   5338. 3.270e-07  4.54e+00   1.00000000 7.3211249003e+07
   233 1     .639527   5.24  .88737     .888   5338. 3.269e-07  4.54e+00   1.00000000 7.8721873247e+07
   234 1     .639870   5.23  .88775     .888   5337. 3.268e-07  4.54e+00   1.00000000 8.4226763197e+07
   235 1     .639928   5.23  .88805     .888   5337. 3.268e-07  4.54e+00   1.00000000 8.9726357603e+07
   236 1     .640313   5.23  .88875     .889   5335. 3.267e-07  4.54e+00   1.00000000 9.5223625876e+07
   237 1     .640904   5.23  .88914     .889   5335. 3.265e-07  4.54e+00   1.00000000 1.0071321116e+08
   238 1     .641164   5.23  .88941     .890   5335. 3.265e-07  4.54e+00   1.00000000 1.0619536534e+08
   239 1     .641961   5.23  .88979     .890   5336. 3.262e-07  4.54e+00   1.00000000 1.1167363093e+08
   240 1     .642611   5.23  .89010     .890   5336. 3.260e-07  4.54e+00   1.00000000 1.1714275113e+08
   241 1     .642837   5.23  .89029     .891   5336. 3.260e-07  4.54e+00   1.00000000 1.2260444107e+08
   242 1     .643540   5.23  .89058     .891   5337. 3.258e-07  4.54e+00   1.00000000 1.2806305694e+08
   243 1     .644199   5.23  .89082     .891   5337. 3.256e-07  4.54e+00   1.00000000 1.3351388616e+08
   244 1     .644500   5.23  .89101     .891   5337. 3.255e-07  4.54e+00   1.00000000 1.3895767541e+08
   245 1     .644945   5.23  .89120     .892   5338. 3.253e-07  4.54e+00   1.00000000 1.4439779551e+08
   246 1     .645645   5.23  .89146     .892   5338. 3.251e-07  4.54e+00   1.00000000 1.4983296029e+08
   247 1     .646259   5.22  .89167     .892   5339. 3.250e-07  4.54e+00   1.00000000 1.5526068272e+08
   248 1     .646625   5.22  .89182     .892   5339. 3.248e-07  4.54e+00   1.00000000 1.6068195862e+08
   249 1     .647088   5.22  .89198     .892   5340. 3.247e-07  4.54e+00   1.00000000 1.6609927830e+08
   250 1     .648031   5.22  .89226     .893   5342. 3.244e-07  4.54e+00   1.00000000 1.7151170660e+08
   251 1     .648434   5.22  .89239     .893   5341. 3.243e-07  4.54e+00   1.00000000 1.7691458911e+08
   252 1     .648753   5.22  .89250     .893   5342. 3.242e-07  4.54e+00   1.00000000 1.8231333403e+08
   253 1     .649504   5.22  .89273     .893   5342. 3.240e-07  4.54e+00   1.00000000 1.8770873538e+08
   254 1     .650174   5.22  .89292     .893   5344. 3.238e-07  4.54e+00   1.00000000 1.9309652902e+08
   255 1     .650404   5.22  .89300     .893   5344. 3.237e-07  4.54e+00   1.00000000 1.9847763226e+08
   256 1     .651039   5.22  .89319     .894   5344. 3.235e-07  4.54e+00   1.00000000 2.0385634714e+08
   257 1     .651598   5.22  .89335     .894   5346. 3.234e-07  4.54e+00   1.00000000 2.0922866291e+08
   258 1     .651860   5.21  .89344     .894   5345. 3.233e-07  4.54e+00   1.00000000 2.1459537946e+08
   259 1     .652609   5.21  .89366     .894   5347. 3.231e-07  4.54e+00   1.00000000 2.1995939332e+08
   260 1     .653238   5.21  .89383     .894   5348. 3.229e-07  4.54e+00   1.00000000 2.2531592698e+08
   261 1     .653408   5.21  .89390     .894   5347. 3.228e-07  4.54e+00   1.00000000 2.3066629672e+08
   262 1     .653763   5.21  .89401     .894   5348. 3.227e-07  4.54e+00   1.00000000 2.3601489839e+08
   263 2     .654085   5.21  .89456     .895   5337. 3.242e-07  4.53e+00   1.00000000 2.4135990808e+08
   264 2     .654654   5.21  .89483     .895   5345. 3.228e-07  4.53e+00   1.00000000 2.4804117018e+08
   265 2     .655036   5.21  .89501     .895   5347. 3.224e-07  4.53e+00   1.00000000 2.5639274782e+08
   266 2     .655612   5.21  .89519     .896   5347. 3.222e-07  4.53e+00   1.00000000 2.6683221986e+08
   267 2     .656273   5.21  .89541     .896   5348. 3.220e-07  4.53e+00   1.00000000 2.7988155992e+08
   268 2     .657199   5.21  .89572     .896   5349. 3.217e-07  4.53e+00   1.00000000 2.9619323499e+08
   269 2     .658988   5.20  .89631     .897   5351. 3.212e-07  4.53e+00   1.00000000 3.1658282882e+08
   270 2     .660143   5.20  .89672     .897   5353. 3.209e-07  4.53e+00   1.00000000 3.4206982112e+08
   271 2     .661382   5.20  .89718     .898   5354. 3.205e-07  4.53e+00   1.00000000 3.7392856148e+08
   272 2     .662887   5.20  .89753     .898   5356. 3.202e-07  4.53e+00   1.00000000 3.9941555378e+08
   273 2     .664230   5.19  .89832     .899   5356. 3.197e-07  4.53e+00   1.00000000 4.3127429415e+08
   274 2     .665817   5.19  .89859     .899   5359. 3.193e-07  4.53e+00   1.00000000 4.7109771961e+08
   275 2     .668285   5.19  .89982     .900   5360. 3.186e-07  4.53e+00   1.00000000 5.2087700143e+08
   276 2     .670268   5.18  .90036     .901   5362. 3.180e-07  4.53e+00   1.00000000 5.8310110371e+08
   277 2     .672366   5.18  .90198     .902   5362. 3.175e-07  4.53e+00   1.00000000 6.6088123156e+08
   278 2     .675388   5.18  .90300     .903   5365. 3.166e-07  4.53e+00   1.00000000 7.5810639138e+08
   279 2     .678571   5.17  .90517     .906   5364. 3.158e-07  4.52e+00   1.00000000 8.2210639138e+08
   280 2     .681401   5.17  .90622     .907   5367. 3.150e-07  4.52e+00   1.00000000 9.0210639138e+08
   281 2     .684493   5.16  .90755     .908   5369. 3.142e-07  4.52e+00   1.00000000 1.0021063914e+09
   282 2     .688125   5.16  .90881     .909   5373. 3.132e-07  4.52e+00   1.00000000 1.1021063914e+09
   283 2     .691754   5.15  .91110     .911   5374. 3.122e-07  4.52e+00   1.00000000 1.2021063914e+09
   284 2     .695741   5.14  .91233     .913   5378. 3.113e-07  4.52e+00   1.00000000 1.3021063914e+09
   285 2     .699638   5.14  .91424     .915   5379. 3.103e-07  4.52e+00   1.00000000 1.4021063914e+09
   286 2     .703695   5.13  .91551     .916   5383. 3.092e-07  4.51e+00   1.00000000 1.5021063914e+09
   287 2     .707565   5.13  .91794     .918   5384. 3.083e-07  4.51e+00   1.00000000 1.6021063914e+09
   288 2     .712097   5.12  .91944     .920   5388. 3.072e-07  4.51e+00   1.00000000 1.7021063914e+09
   289 2     .716051   5.11  .92070     .921   5392. 3.062e-07  4.51e+00   1.00000000 1.8021063914e+09
   290 2     .720586   5.11  .92325     .924   5393. 3.051e-07  4.51e+00   1.00000000 1.9021063914e+09
   291 2     .724935   5.10  .92442     .925   5398. 3.040e-07  4.51e+00   1.00000000 2.0021063914e+09
   292 2     .729356   5.09  .92654     .927   5400. 3.030e-07  4.50e+00   1.00000000 2.1021063914e+09
   293 2     .733265   5.09  .92837     .929   5402. 3.020e-07  4.50e+00   1.00000000 2.2021063914e+09
   294 2     .737565   5.08  .93022     .931   5404. 3.011e-07  4.50e+00   1.00000000 2.3021063914e+09
   295 2     .742153   5.07  .93227     .933   5407. 3.000e-07  4.50e+00   1.00000000 2.4021063914e+09
   296 2     .746607   5.07  .93397     .934   5410. 2.990e-07  4.50e+00   1.00000000 2.5021063914e+09
   297 2     .752082   5.06  .93621     .937   5414. 2.977e-07  4.49e+00   1.00000000 2.6021063914e+09
   298 2     .756066   5.05  .93780     .938   5416. 2.969e-07  4.49e+00   1.00000000 2.7021063914e+09
   299 2     .760963   5.05  .93986     .940   5419. 2.958e-07  4.49e+00   1.00000000 2.8021063914e+09
   300 2     .765616   5.04  .94195     .942   5422. 2.948e-07  4.49e+00   1.00000000 2.9021063914e+09
   301 2     .770405   5.03  .94381     .944   5425. 2.938e-07  4.49e+00   1.00000000 3.0021063914e+09
   302 2     .775238   5.03  .94564     .946   5428. 2.927e-07  4.49e+00   1.00000000 3.1021063914e+09
   303 2     .779916   5.02  .94807     .948   5429. 2.917e-07  4.48e+00   1.00000000 3.2021063914e+09
   304 2     .784877   5.01  .94976     .950   5433. 2.907e-07  4.48e+00   1.00000000 3.3021063914e+09
   305 2     .790341   5.01  .95208     .952   5436. 2.896e-07  4.48e+00   1.00000000 3.4021063914e+09
   306 2     .795063   5.00  .95392     .954   5439. 2.886e-07  4.48e+00   1.00000000 3.5021063914e+09
   307 2     .800796   4.99  .95623     .957   5442. 2.875e-07  4.48e+00   1.00000000 3.6021063914e+09
   308 2     .805999   4.98  .95858     .959   5445. 2.864e-07  4.47e+00   1.00000000 3.7021063914e+09
   309 2     .811558   4.98  .96077     .961   5447. 2.853e-07  4.47e+00   1.00000000 3.8021063914e+09
   310 2     .818665   4.97  .96360     .964   5451. 2.840e-07  4.47e+00   1.00000000 3.9021063914e+09
   311 2     .825009   4.96  .96594     .966   5455. 2.828e-07  4.47e+00   1.00000000 4.0021063914e+09
   312 2     .830902   4.95  .96861     .969   5458. 2.817e-07  4.47e+00   1.00000000 4.1021063914e+09
   313 2     .836852   4.94  .97084     .971   5461. 2.805e-07  4.46e+00   1.00000000 4.2021063914e+09
   314 2     .841801   4.94  .97300     .973   5454. 2.785e-07  4.46e+00   1.00000000 4.3021063914e+09
   315 2     .847644   4.93  .97564     .976   5456. 2.774e-07  4.46e+00   1.00000000 4.4021063914e+09
   316 2     .853412   4.92  .97796     .978   5459. 2.764e-07  4.46e+00   1.00000000 4.5021063914e+09
   317 2     .859890   4.91  .98055     .981   5462. 2.752e-07  4.45e+00   1.00000000 4.6021063914e+09
   318 2     .865782   4.91  .98278     .983   5466. 2.742e-07  4.45e+00   1.00000000 4.7021063914e+09
   319 2     .871679   4.90  .98547     .986   5468. 2.731e-07  4.45e+00   1.00000000 4.8021063914e+09
   320 2     .877886   4.89  .98797     .988   5470. 2.721e-07  4.45e+00   1.00000000 4.9021063914e+09
   321 2     .884165   4.88  .99034     .991   5474. 2.711e-07  4.45e+00   1.00000000 5.0021063914e+09
   322 2     .890419   4.88  .99325     .994   5477. 2.699e-07  4.44e+00   1.00000000 5.1021063914e+09
   323 2     .896843   4.87  .99584     .996   5478. 2.689e-07  4.44e+00   1.00000000 5.2021063914e+09
   324 2     .903359   4.86  .99830     .999   5482. 2.679e-07  4.44e+00   1.00000000 5.3021063914e+09
   325 2     .909835   4.85 1.00145    1.002   5484. 2.667e-07  4.44e+00   1.00000000 5.4021063914e+09
   326 2     .917286   4.84 1.00418    1.005   5487. 2.657e-07  4.43e+00   1.00000000 5.5021063914e+09
   327 2     .923304   4.84 1.00655    1.007   5490. 2.647e-07  4.43e+00   1.00000000 5.6021063914e+09
   328 2     .930077   4.83 1.00984    1.010   5499. 2.643e-07  4.43e+00   1.00000000 5.7021063914e+09
   329 2     .937079   4.82 1.01251    1.013   5500. 2.633e-07  4.43e+00   1.00000000 5.8021063914e+09
   330 2     .943991   4.81 1.01584    1.016   5498. 2.617e-07  4.42e+00   1.00000000 5.9021063914e+09
   331 2     .951117   4.80 1.01856    1.019   5498. 2.604e-07  4.42e+00   1.00000000 6.0021063914e+09
   332 2     .958892   4.80 1.02148    1.022   5507. 2.599e-07  4.42e+00   1.00000000 6.1021063914e+09
   333 2     .967102   4.79 1.02506    1.026   5510. 2.586e-07  4.42e+00   1.00000000 6.2021063914e+09
   334 2     .973763   4.78 1.02726    1.028   5511. 2.575e-07  4.41e+00   1.00000000 6.3021063914e+09
   335 2     .981572   4.77 1.03130    1.032   5508. 2.559e-07  4.41e+00   1.00000000 6.4021063914e+09
   336 2     .989235   4.76 1.03383    1.034   5512. 2.549e-07  4.41e+00   1.00000000 6.5021063914e+09
   337 2     .996695   4.75 1.03783    1.038   5512. 2.537e-07  4.41e+00   1.00000000 6.6021063914e+09
   338 2    1.004655   4.74 1.04050    1.041   5516. 2.527e-07  4.40e+00   1.00000000 6.7021063914e+09
   339 2    1.012621   4.74 1.04356    1.044   5519. 2.516e-07  4.40e+00   1.00000000 6.8021063914e+09
   340 2    1.020557   4.73 1.04731    1.048   5520. 2.505e-07  4.40e+00   1.00000000 6.9021063914e+09
   341 2    1.028573   4.72 1.05141    1.052   5520. 2.494e-07  4.39e+00   1.00000000 7.0021063914e+09
   342 2    1.036932   4.71 1.05417    1.055   5525. 2.485e-07  4.39e+00   1.00000000 7.1021063914e+09
   343 2    1.045208   4.70 1.05801    1.059   5532. 2.480e-07  4.39e+00   1.00000000 7.2021063914e+09
   344 2    1.053696   4.69 1.06131    1.062   5531. 2.466e-07  4.39e+00   1.00000000 7.3021063914e+09
   345 2    1.062093   4.68 1.06581    1.066   5529. 2.454e-07  4.38e+00   1.00000000 7.4021063914e+09
   346 2    1.070691   4.68 1.06988    1.070   5533. 2.446e-07  4.38e+00   1.00000000 7.5021063914e+09
   347 2    1.077902   4.67 1.07298    1.074   5531. 2.434e-07  4.38e+00   1.00000000 7.5283207914e+09
   348 2    1.083648   4.66 1.07514    1.076   5531. 2.425e-07  4.37e+00   1.00000000 7.5610887914e+09
   349 2    1.087685   4.66 1.07582    1.076   5534. 2.420e-07  4.37e+00   1.00000000 7.6020487914e+09
   350 2    1.091255   4.66 1.07762    1.078   5534. 2.415e-07  4.37e+00   1.00000000 7.6532487914e+09
   351 2    1.095770   4.65 1.07941    1.080   5535. 2.410e-07  4.37e+00   1.00000000 7.7172487914e+09
   352 2    1.101188   4.65 1.08244    1.083   5535. 2.403e-07  4.37e+00   1.00000000 7.7972487914e+09
   353 2    1.108192   4.64 1.08477    1.085   5542. 2.399e-07  4.37e+00   1.00000000 7.8972487914e+09
   354 2    1.116468   4.63 1.08974    1.090   5538. 2.388e-07  4.36e+00   1.00000000 7.9972487914e+09
   355 2    1.125615   4.62 1.09326    1.094   5538. 2.374e-07  4.36e+00   1.00000000 8.0972487914e+09
   356 2    1.134945   4.61 1.09773    1.098   5538. 2.364e-07  4.36e+00   1.00000000 8.1972487914e+09
   357 2    1.144407   4.60 1.10223    1.103   5538. 2.353e-07  4.35e+00   1.00000000 8.2972487914e+09
   358 2    1.153931   4.59 1.10724    1.108   5537. 2.342e-07  4.35e+00   1.00000000 8.3972487914e+09
   359 2    1.163846   4.59 1.11081    1.111   5540. 2.331e-07  4.35e+00   1.00000000 8.4972487914e+09
   360 2    1.174881   4.58 1.11589    1.116   5541. 2.319e-07  4.34e+00   1.00000000 8.5972487914e+09
   361 2    1.183572   4.57 1.12085    1.121   5540. 2.310e-07  4.34e+00   1.00000000 8.6972487914e+09
   362 2    1.194251   4.56 1.12584    1.126   5541. 2.300e-07  4.33e+00   1.00000000 8.7972487914e+09
   363 2    1.204682   4.55 1.13094    1.132   5538. 2.285e-07  4.33e+00   1.00000000 8.8972487914e+09
   364 2    1.214397   4.54 1.13478    1.135   5539. 2.275e-07  4.33e+00   1.00000000 8.9972487914e+09
   365 2    1.224588   4.53 1.13979    1.140   5538. 2.265e-07  4.32e+00   1.00000000 9.0972487914e+09
   366 2    1.235161   4.52 1.14612    1.147   5532. 2.251e-07  4.32e+00   1.00000000 9.1972487914e+09
   367 2    1.244992   4.51 1.15105    1.152   5531. 2.241e-07  4.32e+00   1.00000000 9.2972487914e+09
   368 2    1.254606   4.50 1.15493    1.156   5534. 2.233e-07  4.31e+00   1.00000000 9.3972487914e+09
   369 2    1.264075   4.50 1.16093    1.162   5536. 2.229e-07  4.31e+00   1.00000000 9.4972487914e+09
   370 2    1.268746   4.49 1.16518    1.166   5528. 2.221e-07  4.30e+00   1.00000000 9.5972487914e+09
   371 2    1.280903   4.48 1.17136    1.172   5527. 2.211e-07  4.30e+00   1.00000000 9.6972487914e+09
   372 2    1.289877   4.47 1.17673    1.177   5521. 2.199e-07  4.30e+00   1.00000000 9.7972487914e+09
   373 2    1.297650   4.47 1.18184    1.183   5517. 2.191e-07  4.29e+00   1.00000000 9.8972487914e+09
   374 2    1.300726   4.46 1.18594    1.187   5513. 2.190e-07  4.29e+00   1.00000000 9.9972487914e+09
   375 2    1.310975   4.46 1.19157    1.192   5512. 2.182e-07  4.29e+00   1.00000000 1.0097248791e+10
   376 2    1.317836   4.45 1.19813    1.199   5504. 2.174e-07  4.28e+00   1.00000000 1.0197248791e+10
   377 2    1.317130   4.45 1.20147    1.202   5491. 2.171e-07  4.28e+00   1.00000000 1.0297248791e+10
   378 2    1.328318   4.44 1.20907    1.210   5490. 2.166e-07  4.27e+00   1.00000000 1.0397248791e+10
   379 2    1.335226   4.44 1.21507    1.216   5481. 2.156e-07  4.27e+00   1.00000000 1.0497248791e+10
   380 2    1.340884   4.43 1.22078    1.221   5473. 2.150e-07  4.26e+00   1.00000000 1.0597248791e+10
   381 2    1.348128   4.43 1.22687    1.228   5469. 2.145e-07  4.26e+00   1.00000000 1.0697248791e+10
   382 2    1.355886   4.42 1.23362    1.234   5463. 2.140e-07  4.26e+00   1.00000000 1.0797248791e+10
   383 2    1.365536   4.41 1.24093    1.242   5454. 2.128e-07  4.25e+00   1.00000000 1.0897248791e+10
   384 2    1.378040   4.40 1.24852    1.249   5447. 2.114e-07  4.24e+00   1.00000000 1.0997248791e+10
   385 2    1.394488   4.39 1.25653    1.257   5446. 2.101e-07  4.24e+00   1.00000000 1.1047248791e+10
   386 2    1.405716   4.38 1.26119    1.262   5448. 2.093e-07  4.24e+00   1.00000000 1.1097248791e+10
   387 2    1.420007   4.37 1.26668    1.267   5452. 2.083e-07  4.23e+00   1.00000000 1.1147248791e+10
   388 2    1.441201   4.35 1.27377    1.275   5457. 2.067e-07  4.23e+00   1.00000000 1.1197248791e+10
   389 2    1.472985   4.33 1.28322    1.284   5466. 2.041e-07  4.22e+00   1.00000000 1.1247248791e+10
   390 2    1.517646   4.30 1.29603    1.297   5473. 2.002e-07  4.21e+00   1.00000000 1.1297248791e+10
   391 2    1.582231   4.25 1.31639    1.317   5489. 1.959e-07  4.20e+00   1.00000000 1.1347248791e+10
