#  model      L (Lo)        Reff (Ro)          Teff               log g                   age (yr)
#    phase             Mbol           R* (Ro)         rho_eff                M (Mo)
#
     1 1       43.70    .68   13.13   13.185   3985. 4.389e-08  2.28e+00   1.20000000 1.4884354519e+03
     2 1       40.56    .77   12.53   12.574   4002. 4.552e-08  2.32e+00   1.20000000 3.3489797668e+03
     3 1       38.81    .81   12.18   12.226   4012. 4.653e-08  2.35e+00   1.20000000 4.5397281283e+03
     4 1       37.63    .85   11.94   11.986   4019. 4.723e-08  2.36e+00   1.20000000 5.4230430785e+03
     5 1       36.49    .88   11.72   11.756   4025. 4.794e-08  2.38e+00   1.20000000 6.3371714601e+03
     6 1       35.39    .92   11.49   11.529   4032. 4.866e-08  2.40e+00   1.20000000 7.3020903589e+03
     7 1       34.33    .95   11.27   11.305   4039. 4.936e-08  2.41e+00   1.20000000 8.3250187454e+03
     8 1       33.27    .99   11.05   11.084   4046. 5.013e-08  2.43e+00   1.20000000 9.4123452035e+03
     9 1       32.26   1.02   10.83   10.866   4052. 5.086e-08  2.45e+00   1.20000000 1.0557455922e+04
    10 1       31.26   1.06   10.62   10.651   4066. 5.176e-08  2.46e+00   1.20000000 1.1778480106e+04
    11 1       30.29   1.09   10.41   10.439   4073. 5.256e-08  2.48e+00   1.20000000 1.3072539891e+04
    12 1       29.34   1.13   10.20   10.231   4079. 5.339e-08  2.50e+00   1.20000000 1.4443604303e+04
    13 1       28.39   1.12   10.00   10.030   4084. 6.167e-08  2.52e+00   1.20000000 1.5775416733e+04
    14 1   27.339338   1.16 9.77774    9.805   4090. 6.296e-08  2.54e+00   1.20000000 1.7440182269e+04
    15 1   26.492105   1.19 9.59117    9.617   4097. 6.402e-08  2.55e+00   1.20000000 1.8935345662e+04
    16 1   25.642512   1.23 9.40075    9.426   4104. 6.513e-08  2.57e+00   1.20000000 2.0589296451e+04
    17 1   24.798368   1.26 9.21262    9.237   4110. 6.625e-08  2.59e+00   1.20000000 2.2366481626e+04
    18 1   23.984560   1.30 9.02852    9.052   4117. 6.749e-08  2.61e+00   1.20000000 2.4263686769e+04
    19 1   23.209893   1.34 8.84810    8.870   4124. 6.862e-08  2.62e+00   1.20000000 2.6304883678e+04
    20 1   22.439152   1.37 8.67009    8.692   4136. 7.006e-08  2.64e+00   1.20000000 2.8532027462e+04
    21 1   21.703687   1.41 8.49796    8.519   4142. 7.130e-08  2.66e+00   1.20000000 3.0943846998e+04
    22 1   20.993505   1.44 8.33027    8.350   4149. 7.257e-08  2.68e+00   1.20000000 3.3615570236e+04
    23 1   20.315345   1.48 8.16842    8.188   4155. 7.377e-08  2.69e+00   1.20000000 3.6612559635e+04
    24 1   19.689171   1.51 8.01349    8.032   4162. 7.493e-08  2.71e+00   1.20000000 4.0055655677e+04
    25 1   19.129751   1.55 7.87811    7.896   4168. 7.602e-08  2.72e+00   1.20000000 4.3771623467e+04
    26 1   18.617321   1.58 7.74978    7.767   4173. 7.712e-08  2.74e+00   1.20000000 4.8416583205e+04
    27 1   18.162091   1.60 7.63750    7.654   4177. 7.809e-08  2.75e+00   1.20000000 5.4222782876e+04
    28 1   17.795327   1.62 7.54648    7.563   4180. 7.902e-08  2.76e+00   1.20000000 6.1480532466e+04
    29 1   17.518934   1.64 7.47592    7.492   4183. 7.972e-08  2.77e+00   1.20000000 7.0552719453e+04
    30 1   17.302614   1.65 7.42032    7.436   4187. 8.010e-08  2.78e+00   1.20000000 8.1445590718e+04
    31 1   17.130449   1.67 7.37677    7.392   4188. 8.052e-08  2.78e+00   1.20000000 9.1267656694e+04
    32 1   16.985202   1.67 7.33861    7.354   4190. 8.085e-08  2.79e+00   1.20000000 1.0032899712e+05
    33 1   16.843685   1.68 7.30272    7.318   4191. 8.120e-08  2.79e+00   1.20000000 1.0876037218e+05
    34 1   16.711227   1.69 7.26849    7.284   4193. 8.153e-08  2.79e+00   1.20000000 1.1664127430e+05
    35 1   16.583385   1.70 7.23516    7.250   4194. 8.187e-08  2.80e+00   1.20000000 1.2402866104e+05
    36 1   16.451088   1.71 7.20257    7.218   4195. 8.223e-08  2.80e+00   1.20000000 1.3096413976e+05
    37 1   16.331636   1.72 7.17057    7.185   4201. 8.261e-08  2.81e+00   1.20000000 1.3748390468e+05
    38 1   16.205758   1.73 7.13911    7.154   4203. 8.300e-08  2.81e+00   1.20000000 1.4361664486e+05
    39 1   16.092398   1.73 7.10805    7.123   4206. 8.328e-08  2.81e+00   1.20000000 1.4939227458e+05
    40 1   15.971725   1.74 7.07743    7.092   4206. 8.363e-08  2.82e+00   1.20000000 1.5483241240e+05
    41 1   15.854036   1.75 7.04726    7.062   4207. 8.394e-08  2.82e+00   1.20000000 1.5996192565e+05
    42 1   15.748200   1.76 7.01739    7.032   4209. 8.423e-08  2.82e+00   1.20000000 1.6480066721e+05
    43 1   15.635209   1.76 6.98796    7.002   4211. 8.453e-08  2.83e+00   1.20000000 1.6936700014e+05
    44 1   15.525100   1.77 6.95903    6.973   4212. 8.485e-08  2.83e+00   1.20000000 1.7367899805e+05
    45 1   15.417774   1.78 6.93050    6.944   4213. 8.516e-08  2.84e+00   1.20000000 1.7775433282e+05
    46 1   15.312531   1.79 6.90237    6.916   4214. 8.547e-08  2.84e+00   1.20000000 1.8160839822e+05
    47 1   15.199801   1.80 6.87472    6.888   4215. 8.580e-08  2.84e+00   1.20000000 1.8525579252e+05
    48 1   15.100051   1.80 6.84749    6.861   4216. 8.610e-08  2.85e+00   1.20000000 1.8871001335e+05
    49 1   15.002673   1.81 6.82064    6.834   4217. 8.646e-08  2.85e+00   1.20000000 1.9198330285e+05
    50 1   14.907314   1.82 6.79417    6.808   4219. 8.666e-08  2.85e+00   1.20000000 1.9508722803e+05
    51 1   14.804181   1.82 6.76815    6.781   4220. 8.697e-08  2.86e+00   1.20000000 1.9803166209e+05
    52 1   14.714395   1.83 6.74262    6.756   4220. 8.741e-08  2.86e+00   1.20000000 2.0082765019e+05
    53 1   14.616301   1.84 6.71747    6.731   4222. 8.755e-08  2.86e+00   1.20000000 2.0348420829e+05
    54 1   14.520943   1.85 6.69285    6.706   4222. 8.794e-08  2.87e+00   1.20000000 2.0601056782e+05
    55 1   14.438038   1.85 6.66852    6.681   4223. 8.827e-08  2.87e+00   1.20000000 2.0841502320e+05
    56 1   14.346962   1.86 6.64466    6.657   4225. 8.840e-08  2.87e+00   1.20000000 2.1070407825e+05
    57 1   14.258862   1.86 6.62132    6.634   4226. 8.868e-08  2.88e+00   1.20000000 2.1288572188e+05
    58 1   14.172613   1.87 6.59831    6.611   4226. 8.905e-08  2.88e+00   1.20000000 2.1496633424e+05
    59 1   14.099432   1.88 6.57568    6.588   4228. 8.930e-08  2.88e+00   1.20000000 2.1695223823e+05
    60 1   14.017560   1.88 6.55347    6.566   4230. 8.946e-08  2.88e+00   1.20000000 2.1884855284e+05
    61 1   13.938613   1.89 6.53182    6.544   4231. 8.972e-08  2.89e+00   1.20000000 2.2066064998e+05
    62 1   13.861804   1.90 6.51054    6.523   4231. 8.999e-08  2.89e+00   1.20000000 2.2239416489e+05
    63 1   13.776016   1.90 6.48968    6.502   4231. 9.035e-08  2.89e+00   1.20000000 2.2405378171e+05
    64 1   13.703526   1.91 6.46923    6.481   4232. 9.059e-08  2.90e+00   1.20000000 2.2564387936e+05
    65 1   13.632642   1.91 6.44907    6.461   4234. 9.076e-08  2.90e+00   1.20000000 2.2716806876e+05
    66 1   13.564529   1.92 6.42939    6.441   4235. 9.099e-08  2.90e+00   1.20000000 2.2863010690e+05
    67 1   13.497612   1.92 6.41007    6.422   4236. 9.121e-08  2.90e+00   1.20000000 2.3003373101e+05
    68 1   13.423326   1.93 6.39112    6.403   4236. 9.149e-08  2.91e+00   1.20000000 2.3138206540e+05
    69 1   13.359961   1.94 6.37262    6.384   4237. 9.171e-08  2.91e+00   1.20000000 2.3267839383e+05
    70 1   13.289690   1.94 6.35450    6.366   4237. 9.210e-08  2.91e+00   1.20000000 2.3392561928e+05
    71 1   13.231502   1.95 6.33674    6.348   4237. 9.239e-08  2.91e+00   1.20000000 2.3512672382e+05
    72 1   13.167653   1.95 6.31929    6.331   4240. 9.241e-08  2.92e+00   1.20000000 2.3628366535e+05
    73 1   13.109026   1.96 6.30230    6.314   4240. 9.271e-08  2.92e+00   1.20000000 2.3739902379e+05
    74 1   13.048659   1.96 6.28559    6.297   4241. 9.284e-08  2.92e+00   1.20000000 2.3847520510e+05
    75 1   12.986336   1.97 6.26921    6.281   4241. 9.308e-08  2.92e+00   1.20000000 2.3951416772e+05
    76 1   12.931332   1.97 6.25324    6.265   4241. 9.338e-08  2.92e+00   1.20000000 2.4051790120e+05
    77 1   12.877859   1.98 6.23756    6.249   4243. 9.349e-08  2.93e+00   1.20000000 2.4148832579e+05
    78 1   12.820221   1.98 6.22219    6.233   4243. 9.369e-08  2.93e+00   1.20000000 2.4242690812e+05
    79 1   12.761207   1.99 6.20714    6.218   4244. 9.396e-08  2.93e+00   1.20000000 2.4333533451e+05
    80 1   12.715893   1.99 6.19247    6.204   4244. 9.417e-08  2.93e+00   1.20000000 2.4421526983e+05
    81 1   12.662727   1.99 6.17803    6.189   4245. 9.430e-08  2.94e+00   1.20000000 2.4506804303e+05
    82 1   12.616921   2.00 6.16389    6.175   4246. 9.459e-08  2.94e+00   1.20000000 2.4589487951e+05
    83 1   12.567034   2.00 6.15008    6.161   4247. 9.466e-08  2.94e+00   1.20000000 2.4669718800e+05
    84 1   12.515519   2.01 6.13654    6.148   4247. 9.490e-08  2.94e+00   1.20000000 2.4747600549e+05
    85 1   12.471477   2.01 6.12336    6.134   4248. 9.506e-08  2.94e+00   1.20000000 2.4823263947e+05
    86 1   12.425800   2.01 6.11042    6.121   4248. 9.522e-08  2.94e+00   1.20000000 2.4896807599e+05
    87 1   12.381179   2.02 6.09771    6.109   4249. 9.540e-08  2.95e+00   1.20000000 2.4968326189e+05
    88 1   12.337722   2.02 6.08526    6.096   4249. 9.557e-08  2.95e+00   1.20000000 2.5037910873e+05
    89 1   12.295695   2.03 6.07307    6.084   4250. 9.574e-08  2.95e+00   1.20000000 2.5105649504e+05
    90 1   12.254823   2.03 6.06113    6.072   4251. 9.590e-08  2.95e+00   1.20000000 2.5171625350e+05
    91 1   12.215072   2.03 6.04943    6.060   4252. 9.609e-08  2.95e+00   1.20000000 2.5235916693e+05
    92 1   12.167887   2.04 6.03804    6.049   4253. 9.634e-08  2.96e+00   1.20000000 2.5298602603e+05
    93 1   12.133392   2.04 6.02682    6.037   4254. 9.649e-08  2.96e+00   1.20000000 2.5359751660e+05
    94 1   12.097029   2.04 6.01580    6.026   4255. 9.661e-08  2.96e+00   1.20000000 2.5419424645e+05
    95 1   12.061680   2.05 6.00503    6.016   4256. 9.676e-08  2.96e+00   1.20000000 2.5477683398e+05
    96 1   12.021579   2.05 5.99452    6.005   4256. 9.696e-08  2.96e+00   1.20000000 2.5534589306e+05
    97 1   11.988446   2.05 5.98419    5.995   4257. 9.706e-08  2.96e+00   1.20000000 2.5590207653e+05
    98 1   11.950088   2.06 5.97404    5.984   4257. 9.726e-08  2.96e+00   1.20000000 2.5644579001e+05
    99 1   11.919019   2.06 5.96415    5.975   4258. 9.735e-08  2.97e+00   1.20000000 2.5697762287e+05
   100 1   11.882462   2.06 5.95440    5.965   4258. 9.755e-08  2.97e+00   1.20000000 2.5749796961e+05
   101 1   11.853244   2.07 5.94489    5.955   4259. 9.763e-08  2.97e+00   1.20000000 2.5800735745e+05
   102 1   11.818277   2.07 5.93551    5.946   4258. 9.782e-08  2.97e+00   1.20000000 2.5850615027e+05
   103 1   11.784398   2.07 5.92633    5.937   4259. 9.796e-08  2.97e+00   1.20000000 2.5899478176e+05
   104 1   11.757675   2.07 5.91735    5.928   4260. 9.804e-08  2.97e+00   1.20000000 2.5947364622e+05
   105 1   11.725268   2.08 5.90850    5.919   4260. 9.823e-08  2.97e+00   1.20000000 2.5994307997e+05
   106 1   11.693902   2.08 5.89985    5.910   4260. 9.836e-08  2.98e+00   1.20000000 2.6040345757e+05
   107 1   11.669431   2.08 5.89136    5.901   4261. 9.842e-08  2.98e+00   1.20000000 2.6085510548e+05
   108 1   11.639393   2.09 5.88299    5.893   4261. 9.856e-08  2.98e+00   1.20000000 2.6129831273e+05
   109 1   11.610051   2.09 5.87479    5.885   4261. 9.874e-08  2.98e+00   1.20000000 2.6173338951e+05
   110 1   11.581360   2.09 5.86674    5.877   4261. 9.885e-08  2.98e+00   1.20000000 2.6216064877e+05
   111 1   11.553420   2.09 5.85885    5.869   4262. 9.896e-08  2.98e+00   1.20000000 2.6258034368e+05
   112 1   11.532380   2.10 5.85108    5.861   4263. 9.902e-08  2.98e+00   1.20000000 2.6299271137e+05
   113 1   11.505715   2.10 5.84344    5.853   4263. 9.914e-08  2.98e+00   1.20000000 2.6339800608e+05
   114 1   11.479623   2.10 5.83595    5.846   4263. 9.926e-08  2.98e+00   1.20000000 2.6379647147e+05
   115 1   11.454139   2.10 5.82858    5.839   4264. 9.938e-08  2.99e+00   1.20000000 2.6418833600e+05
   116 1   11.429271   2.10 5.82135    5.831   4264. 9.949e-08  2.99e+00   1.20000000 2.6457381530e+05
   117 1   11.404964   2.11 5.81423    5.824   4264. 9.960e-08  2.99e+00   1.20000000 2.6495311680e+05
   118 1   11.381227   2.11 5.80724    5.817   4265. 9.971e-08  2.99e+00   1.20000000 2.6532643732e+05
   119 1   11.357961   2.11 5.80037    5.810   4265. 9.981e-08  2.99e+00   1.20000000 2.6569396366e+05
   120 1   11.335323   2.11 5.79361    5.803   4265. 9.991e-08  2.99e+00   1.20000000 2.6605587783e+05
   121 1   11.313082   2.12 5.78696    5.797   4266. 1.000e-07  2.99e+00   1.20000000 2.6641235164e+05
   122 1   11.291476   2.12 5.78042    5.790   4266. 1.001e-07  2.99e+00   1.20000000 2.6676354911e+05
   123 1   11.262166   2.12 5.77400    5.784   4266. 1.003e-07  2.99e+00   1.20000000 2.6710963012e+05
   124 1   11.243050   2.12 5.76767    5.777   4266. 1.004e-07  2.99e+00   1.20000000 2.6745075122e+05
   125 1   11.222754   2.12 5.76144    5.771   4266. 1.005e-07  3.00e+00   1.20000000 2.6778704983e+05
   126 1   11.202874   2.13 5.75530    5.765   4267. 1.005e-07  3.00e+00   1.20000000 2.6811866367e+05
   127 1   11.183519   2.13 5.74926    5.759   4267. 1.006e-07  3.00e+00   1.20000000 2.6844572591e+05
   128 1   11.164521   2.13 5.74332    5.753   4267. 1.007e-07  3.00e+00   1.20000000 2.6876837854e+05
   129 1   11.145916   2.13 5.73745    5.747   4268. 1.008e-07  3.00e+00   1.20000000 2.6908672641e+05
   130 1   11.121283   2.13 5.73170    5.741   4268. 1.009e-07  3.00e+00   1.20000000 2.6940088684e+05
   131 1   11.103570   2.14 5.72603    5.736   4268. 1.010e-07  3.00e+00   1.20000000 2.6971098746e+05
   132 1   11.086314   2.14 5.72045    5.730   4268. 1.011e-07  3.00e+00   1.20000000 2.7001713767e+05
   133 1   11.069311   2.14 5.71494    5.724   4269. 1.012e-07  3.00e+00   1.20000000 2.7031945646e+05
   134 1   11.046317   2.14 5.70955    5.719   4269. 1.013e-07  3.00e+00   1.20000000 2.7061802741e+05
   135 1   11.030282   2.14 5.70423    5.714   4269. 1.014e-07  3.00e+00   1.20000000 2.7091297097e+05
   136 1   11.014346   2.15 5.69896    5.708   4269. 1.014e-07  3.01e+00   1.20000000 2.7120437336e+05
   137 1   10.998728   2.15 5.69376    5.703   4270. 1.015e-07  3.01e+00   1.20000000 2.7149231948e+05
   138 1   10.977098   2.15 5.68867    5.698   4270. 1.016e-07  3.01e+00   1.20000000 2.7177688606e+05
   139 1   10.962218   2.15 5.68364    5.693   4270. 1.017e-07  3.01e+00   1.20000000 2.7205817821e+05
   140 1   10.947702   2.15 5.67866    5.688   4271. 1.017e-07  3.01e+00   1.20000000 2.7233626652e+05
   141 1   10.926981   2.15 5.67377    5.683   4270. 1.019e-07  3.01e+00   1.20000000 2.7261122898e+05
   142 1   10.913054   2.16 5.66895    5.678   4271. 1.019e-07  3.01e+00   1.20000000 2.7288314885e+05
   143 1   10.893938   2.16 5.66289    5.672   4271. 1.020e-07  3.01e+00   1.20000000 2.7322304869e+05
   144 1   10.868753   2.16 5.65536    5.665   4271. 1.021e-07  3.01e+00   1.20000000 2.7364792349e+05
   145 1   10.835746   2.16 5.64603    5.655   4271. 1.023e-07  3.01e+00   1.20000000 2.7417901698e+05
   146 1   10.799693   2.17 5.63440    5.644   4273. 1.025e-07  3.02e+00   1.20000000 2.7484288385e+05
   147 1   10.752938   2.17 5.62012    5.629   4273. 1.027e-07  3.02e+00   1.20000000 2.7567271744e+05
   148 1   10.691084   2.18 5.60229    5.611   4274. 1.030e-07  3.02e+00   1.20000000 2.7671000943e+05
   149 1   10.618768   2.18 5.58033    5.589   4274. 1.035e-07  3.02e+00   1.20000000 2.7800662441e+05
   150 1   10.525570   2.19 5.55322    5.562   4275. 1.039e-07  3.03e+00   1.20000000 2.7962739314e+05
   151 1   10.420944   2.21 5.52002    5.529   4278. 1.044e-07  3.03e+00   1.20000000 2.8165335405e+05
   152 1   10.286758   2.22 5.47956    5.488   4279. 1.051e-07  3.04e+00   1.20000000 2.8418580519e+05
   153 1   10.125505   2.24 5.43050    5.439   4286. 1.060e-07  3.05e+00   1.20000000 2.8735136911e+05
   154 1    9.932712   2.26 5.37157    5.380   4287. 1.072e-07  3.06e+00   1.20000000 2.9130832401e+05
   155 1    9.703768   2.28 5.30146    5.310   4290. 1.086e-07  3.07e+00   1.20000000 2.9625451764e+05
   156 1    9.442421   2.31 5.21879    5.227   4295. 1.101e-07  3.08e+00   1.20000000 3.0243725967e+05
   157 1    9.138882   2.35 5.12220    5.130   4299. 1.120e-07  3.10e+00   1.20000000 3.1016568721e+05
   158 1    8.788203   2.39 5.01097    5.018   4304. 1.142e-07  3.12e+00   1.20000000 3.1982622164e+05
   159 1    8.406572   2.44 4.88817    4.895   4308. 1.171e-07  3.14e+00   1.20000000 3.3152818887e+05
   160 1    8.043045   2.49 4.76688    4.774   4314. 1.198e-07  3.16e+00   1.20000000 3.4424240222e+05
   161 1    7.685421   2.54 4.64666    4.653   4320. 1.227e-07  3.18e+00   1.20000000 3.5810928919e+05
   162 1    7.340348   2.59 4.52887    4.535   4326. 1.256e-07  3.20e+00   1.20000000 3.7309143944e+05
   163 1    7.001916   2.64 4.41296    4.419   4329. 1.289e-07  3.23e+00   1.20000000 3.8936526805e+05
   164 1    6.681399   2.69 4.29944    4.305   4337. 1.322e-07  3.25e+00   1.20000000 4.0697505140e+05
   165 1    6.364754   2.74 4.18671    4.192   4345. 1.358e-07  3.27e+00   1.20000000 4.2630813363e+05
   166 1    6.067899   2.79 4.07667    4.082   4346. 1.393e-07  3.30e+00   1.20000000 4.4720941374e+05
   167 1    5.774934   2.85 3.96699    3.972   4353. 1.426e-07  3.32e+00   1.20000000 4.7030436765e+05
   168 1    5.489342   2.90 3.85952    3.864   4364. 1.469e-07  3.34e+00   1.20000000 4.9545298298e+05
   169 1    5.238166   2.95 3.76328    3.767   4366. 1.510e-07  3.37e+00   1.20000000 5.2031427742e+05
   170 1    4.977368   3.01 3.65989    3.664   4371. 1.552e-07  3.39e+00   1.20000000 5.5000888649e+05
   171 1    4.716677   3.07 3.55716    3.561   4373. 1.600e-07  3.41e+00   1.20000000 5.8296449485e+05
   172 1    4.471965   3.12 3.45711    3.461   4375. 1.652e-07  3.44e+00   1.20000000 6.1882212659e+05
   173 1    4.237584   3.18 3.35772    3.361   4382. 1.695e-07  3.46e+00   1.20000000 6.5864319071e+05
   174 1    4.004578   3.24 3.25957    3.263   4384. 1.753e-07  3.49e+00   1.20000000 7.0279883453e+05
   175 1    3.786805   3.30 3.16403    3.167   4387. 1.807e-07  3.52e+00   1.20000000 7.5102510889e+05
   176 1    3.569573   3.37 3.06925    3.072   4387. 1.872e-07  3.54e+00   1.20000000 8.0493775976e+05
   177 1    3.366661   3.43 2.97709    2.980   4396. 1.943e-07  3.57e+00   1.20000000 8.6405292579e+05
   178 1    3.170111   3.50 2.88558    2.888   4397. 2.017e-07  3.60e+00   1.20000000 9.3037993940e+05
   179 1    2.981867   3.56 2.79547    2.798   4401. 2.084e-07  3.62e+00   1.20000000 1.0042895657e+06
   180 1    2.799030   3.63 2.70680    2.709   4399. 2.172e-07  3.65e+00   1.20000000 1.0869665852e+06
   181 1    2.639935   3.70 2.62741    2.629   4400. 2.249e-07  3.68e+00   1.20000000 1.1703431096e+06
   182 1    2.472117   3.77 2.54180    2.544   4399. 2.342e-07  3.71e+00   1.20000000 1.2727191693e+06
   183 1    2.310611   3.84 2.45724    2.459   4400. 2.431e-07  3.74e+00   1.20000000 1.3883411331e+06
   184 1    2.158407   3.91 2.37414    2.376   4401. 2.532e-07  3.77e+00   1.20000000 1.5186263062e+06
   185 1    2.009551   3.99 2.29202    2.294   4406. 2.654e-07  3.80e+00   1.20000000 1.6671319913e+06
   186 1    1.870818   4.07 2.21188    2.213   4405. 2.779e-07  3.83e+00   1.20000000 1.8347243441e+06
   187 1    1.737485   4.15 2.13272    2.134   4403. 2.908e-07  3.86e+00   1.20000000 2.0272264389e+06
   188 1    1.611105   4.23 2.05532    2.057   4396. 3.052e-07  3.89e+00   1.20000000 2.2473949203e+06
   189 1    1.492481   4.32 1.97960    1.981   4402. 3.205e-07  3.92e+00   1.20000000 2.5005868850e+06
   190 1    1.382229   4.40 1.90542    1.906   4401. 3.363e-07  3.96e+00   1.20000000 2.7939147977e+06
   191 1    1.279890   4.48 1.83390    1.835   4400. 3.528e-07  3.99e+00   1.20000000 3.1301523458e+06
   192 1    1.185784   4.56 1.76476    1.766   4399. 3.698e-07  4.02e+00   1.20000000 3.5191406801e+06
   193 1    1.108250   4.64 1.70466    1.706   4400. 3.850e-07  4.05e+00   1.20000000 3.9198887392e+06
   194 1    1.032266   4.72 1.64234    1.643   4403. 4.012e-07  4.09e+00   1.20000000 4.4208238132e+06
   195 1     .964675   4.79 1.58281    1.584   4408. 4.161e-07  4.12e+00   1.20000000 5.0036350739e+06
   196 1     .907598   4.86 1.52734    1.528   4427. 4.295e-07  4.15e+00   1.20000000 5.6699225909e+06
   197 1     .861312   4.91 1.47698    1.478   4442. 4.383e-07  4.18e+00   1.20000000 6.4179505066e+06
   198 1     .826082   4.96 1.43150    1.432   4464. 4.419e-07  4.21e+00   1.20000000 7.2637218776e+06
   199 1     .803514   4.99 1.39184    1.392   4498. 4.381e-07  4.23e+00   1.20000000 8.2026583787e+06
   200 1     .795774   5.00 1.35830    1.359   4537. 4.285e-07  4.25e+00   1.20000000 9.2388737870e+06
   201 1     .804530   4.99 1.33279    1.333   4593. 4.085e-07  4.27e+00   1.20000000 1.0300703256e+07
   202 1     .829378   4.95 1.31496    1.316   4659. 3.880e-07  4.28e+00   1.20000000 1.1356107509e+07
   203 1     .869584   4.90 1.30402    1.305   4733. 3.610e-07  4.29e+00   1.20000000 1.2384576955e+07
   204 1     .925527   4.83 1.29888    1.299   4832. 3.299e-07  4.29e+00   1.20000000 1.3373294797e+07
   205 1     .988676   4.76 1.29878    1.299   4911. 3.077e-07  4.29e+00   1.20000000 1.4230593121e+07
   206 1    1.068410   4.68 1.30289    1.303   5002. 2.857e-07  4.29e+00   1.20000000 1.5115994238e+07
   207 1    1.161394   4.59 1.31071    1.311   5091. 2.663e-07  4.28e+00   1.20000000 1.5954015627e+07
   208 1    1.265671   4.49 1.32137    1.322   5180. 2.498e-07  4.27e+00   1.20000000 1.6736215057e+07
   209 1    1.378056   4.40 1.33418    1.335   5270. 2.357e-07  4.27e+00   1.20000000 1.7462188931e+07
   210 1    1.496977   4.31 1.34760    1.348   5354. 2.242e-07  4.26e+00   1.20000000 1.8130039159e+07
   211 1    1.618221   4.23 1.36075    1.361   5435. 2.146e-07  4.25e+00   1.20000000 1.8750094078e+07
   212 1    1.737151   4.15 1.37220    1.373   5502. 2.057e-07  4.24e+00   1.20000000 1.9321490637e+07
   213 1    1.847980   4.08 1.38069    1.381   5574. 1.991e-07  4.24e+00   1.20000000 1.9856340942e+07
   214 1    1.944500   4.03 1.38438    1.385   5637. 1.939e-07  4.23e+00   1.20000000 2.0367183619e+07
   215 1    2.016897   3.99 1.38124    1.382   5694. 1.901e-07  4.24e+00   1.20000000 2.0869599745e+07
   216 1    2.051567   3.97 1.36870    1.369   5744. 1.881e-07  4.24e+00   1.20000000 2.1387183441e+07
   217 1    2.042307   3.97 1.34739    1.348   5793. 1.891e-07  4.26e+00   1.20000000 2.1908567026e+07
   218 1    1.998994   4.00 1.31955    1.320   5823. 1.909e-07  4.28e+00   1.20000000 2.2426265559e+07
   219 1    1.947267   4.03 1.29262    1.293   5844. 1.934e-07  4.29e+00   1.20000000 2.2905148214e+07
   220 1    1.892440   4.06 1.26740    1.268   5859. 1.963e-07  4.31e+00   1.20000000 2.3383400051e+07
   221 1    1.837022   4.09 1.24236    1.243   5870. 1.997e-07  4.33e+00   1.20000000 2.3887138005e+07
   222 1    1.778213   4.13 1.21846    1.219   5882. 2.027e-07  4.35e+00   1.20000000 2.4456923328e+07
   223 1    1.719712   4.16 1.19483    1.195   5890. 2.063e-07  4.36e+00   1.20000000 2.5109163472e+07
   224 1    1.656979   4.20 1.17178    1.172   5892. 2.105e-07  4.38e+00   1.20000000 2.5924463652e+07
   225 1    1.594453   4.24 1.15092    1.151   5888. 2.151e-07  4.39e+00   1.20000000 2.6943588877e+07
   226 1    1.538741   4.28 1.13334    1.134   5880. 2.194e-07  4.41e+00   1.20000000 2.8217495408e+07
   227 1    1.497429   4.31 1.12116    1.122   5871. 2.229e-07  4.42e+00   1.20000000 2.9809878572e+07
   228 1    1.473880   4.33 1.11512    1.116   5864. 2.249e-07  4.42e+00   1.20000000 3.1800357526e+07
   229 1    1.466726   4.33 1.11365    1.114   5870. 2.265e-07  4.42e+00   1.20000000 3.4288456220e+07
   230 1    1.469414   4.33 1.11430    1.115   5872. 2.262e-07  4.42e+00   1.20000000 3.7042409779e+07
   231 1    1.476284   4.33 1.11556    1.116   5876. 2.256e-07  4.42e+00   1.20000000 3.9789703401e+07
   232 1    1.484563   4.32 1.11680    1.117   5885. 2.248e-07  4.42e+00   1.20000000 4.2521123592e+07
   233 1    1.494116   4.31 1.11805    1.119   5891. 2.238e-07  4.42e+00   1.20000000 4.5234299396e+07
   234 1    1.505762   4.31 1.11945    1.120   5900. 2.227e-07  4.42e+00   1.20000000 4.7927105314e+07
   235 1    1.515391   4.30 1.11990    1.120   5902. 2.220e-07  4.42e+00   1.20000000 5.0595744941e+07
   236 1    1.524231   4.29 1.12090    1.121   5909. 2.211e-07  4.42e+00   1.20000000 5.3246371715e+07
   237 1    1.532691   4.29 1.12075    1.121   5916. 2.203e-07  4.42e+00   1.20000000 5.5879263468e+07
   238 1    1.540834   4.28 1.12120    1.122   5924. 2.194e-07  4.42e+00   1.20000000 5.8497978381e+07
   239 1    1.549416   4.27 1.12176    1.122   5931. 2.186e-07  4.42e+00   1.20000000 6.1101800327e+07
   240 1    1.556546   4.27 1.12161    1.122   5938. 2.179e-07  4.42e+00   1.20000000 6.3689913809e+07
   241 1    1.563707   4.26 1.12169    1.122   5944. 2.173e-07  4.42e+00   1.20000000 6.6266515525e+07
   242 1    1.568666   4.26 1.12172    1.122   5949. 2.167e-07  4.42e+00   1.20000000 6.8831122754e+07
   243 1    1.573495   4.26 1.12183    1.122   5954. 2.162e-07  4.42e+00   1.20000000 7.1387549036e+07
   244 1    1.577596   4.26 1.12188    1.122   5957. 2.158e-07  4.42e+00   1.20000000 7.3935895135e+07
   245 1    1.581139   4.25 1.12194    1.122   5961. 2.155e-07  4.42e+00   1.20000000 7.6477493945e+07
   246 1    1.584109   4.25 1.12150    1.122   5965. 2.152e-07  4.42e+00   1.20000000 7.9013271902e+07
   247 1    1.586267   4.25 1.12184    1.122   5964. 2.148e-07  4.42e+00   1.20000000 8.1545280470e+07
   248 1    1.588158   4.25 1.12147    1.122   5969. 2.148e-07  4.42e+00   1.20000000 8.4073071765e+07
   249 1    1.589451   4.25 1.12144    1.122   5970. 2.146e-07  4.42e+00   1.20000000 8.6598689221e+07
   250 1    1.590607   4.25 1.12144    1.122   5971. 2.145e-07  4.42e+00   1.20000000 8.9122336179e+07
   251 1    1.591579   4.25 1.12145    1.122   5972. 2.144e-07  4.42e+00   1.20000000 9.1644144844e+07
   252 1    1.592471   4.24 1.12149    1.122   5972. 2.143e-07  4.42e+00   1.20000000 9.4164381680e+07
   253 1    1.593225   4.24 1.12154    1.122   5973. 2.143e-07  4.42e+00   1.20000000 9.6683109955e+07
   254 1    1.593886   4.24 1.12161    1.122   5973. 2.142e-07  4.42e+00   1.20000000 9.9200535349e+07
   255 1    1.594505   4.24 1.12169    1.122   5974. 2.141e-07  4.42e+00   1.20000000 1.0171676846e+08
   256 1    1.595083   4.24 1.12179    1.122   5974. 2.141e-07  4.42e+00   1.20000000 1.0423184213e+08
   257 1    1.595642   4.24 1.12189    1.122   5974. 2.140e-07  4.42e+00   1.20000000 1.0674579008e+08
   258 1    1.596218   4.24 1.12201    1.123   5974. 2.140e-07  4.42e+00   1.20000000 1.0925862224e+08
   259 1    1.596774   4.24 1.12214    1.123   5975. 2.140e-07  4.42e+00   1.20000000 1.1177028022e+08
   260 1    1.597314   4.24 1.12227    1.123   5975. 2.139e-07  4.42e+00   1.20000000 1.1428078172e+08
   261 1    1.597816   4.24 1.12239    1.123   5975. 2.139e-07  4.42e+00   1.20000000 1.1679014289e+08
   262 1    1.598327   4.24 1.12252    1.123   5975. 2.138e-07  4.42e+00   1.20000000 1.1929843272e+08
   263 1    1.598836   4.24 1.12266    1.123   5975. 2.138e-07  4.42e+00   1.20000000 1.2180562896e+08
   264 1    1.599324   4.24 1.12279    1.123   5975. 2.138e-07  4.42e+00   1.20000000 1.2431172433e+08
   265 1    1.599868   4.24 1.12294    1.123   5975. 2.137e-07  4.42e+00   1.20000000 1.2681676618e+08
   266 1    1.600402   4.24 1.12308    1.124   5976. 2.137e-07  4.42e+00   1.20000000 1.2932062778e+08
   267 2    1.600868   4.24 1.12358    1.124   5974. 2.131e-07  4.42e+00   1.20000000 1.3182332974e+08
   268 2    1.601694   4.24 1.12342    1.124   5976. 2.136e-07  4.42e+00   1.20000000 1.3495170719e+08
   269 2    1.602295   4.24 1.12395    1.124   5974. 2.130e-07  4.42e+00   1.20000000 1.3886217901e+08
   270 2    1.603115   4.24 1.12382    1.124   5976. 2.134e-07  4.42e+00   1.20000000 1.4375026878e+08
   271 2    1.603967   4.24 1.12443    1.125   5971. 2.132e-07  4.42e+00   1.20000000 1.4986038099e+08
   272 2    1.605140   4.24 1.12478    1.125   5971. 2.130e-07  4.41e+00   1.20000000 1.5749802126e+08
   273 2    1.606544   4.24 1.12520    1.126   5971. 2.129e-07  4.41e+00   1.20000000 1.6704507159e+08
   274 2    1.608290   4.23 1.12571    1.126   5971. 2.127e-07  4.41e+00   1.20000000 1.7897888450e+08
   275 2    1.610438   4.23 1.12634    1.127   5970. 2.125e-07  4.41e+00   1.20000000 1.9389615065e+08
   276 2    1.613062   4.23 1.12711    1.128   5970. 2.122e-07  4.41e+00   1.20000000 2.1254273333e+08
   277 2    1.616287   4.23 1.12805    1.129   5969. 2.119e-07  4.41e+00   1.20000000 2.3585096168e+08
   278 2    1.620329   4.23 1.12922    1.130   5968. 2.115e-07  4.41e+00   1.20000000 2.6498624712e+08
   279 2    1.625268   4.22 1.13064    1.131   5968. 2.110e-07  4.41e+00   1.20000000 3.0140535391e+08
   280 2    1.631302   4.22 1.13237    1.133   5969. 2.107e-07  4.41e+00   1.20000000 3.4692923741e+08
   281 2    1.638738   4.21 1.13523    1.136   5969. 2.098e-07  4.41e+00   1.20000000 4.0383409178e+08
   282 2    1.647837   4.21 1.13787    1.138   5972. 2.096e-07  4.40e+00   1.20000000 4.6183409178e+08
   283 2    1.657750   4.20 1.14056    1.141   5971. 2.086e-07  4.40e+00   1.20000000 5.1983409178e+08
   284 2    1.667956   4.19 1.14325    1.144   5975. 2.082e-07  4.40e+00   1.20000000 5.7783409178e+08
   285 2    1.678189   4.19 1.14668    1.147   5973. 2.071e-07  4.40e+00   1.20000000 6.3583409178e+08
   286 2    1.688636   4.18 1.14935    1.150   5976. 2.063e-07  4.40e+00   1.20000000 6.9383409178e+08
   287 2    1.699457   4.17 1.15207    1.153   5979. 2.057e-07  4.39e+00   1.20000000 7.5183409178e+08
   288 2    1.710123   4.17 1.15476    1.155   5984. 2.053e-07  4.39e+00   1.20000000 8.0983409178e+08
   289 2    1.721822   4.16 1.15841    1.159   5982. 2.039e-07  4.39e+00   1.20000000 8.6783409178e+08
   290 2    1.732806   4.15 1.16108    1.162   5985. 2.031e-07  4.39e+00   1.20000000 9.2583409178e+08
   291 2    1.744325   4.15 1.16392    1.164   5990. 2.027e-07  4.39e+00   1.20000000 9.8383409178e+08
   292 2    1.754767   4.14 1.16735    1.168   5984. 2.016e-07  4.38e+00   1.20000000 1.0418340918e+09
   293 2    1.765940   4.13 1.17018    1.171   5990. 2.008e-07  4.38e+00   1.20000000 1.0998340918e+09
   294 2    1.777764   4.13 1.17314    1.174   5995. 2.003e-07  4.38e+00   1.20000000 1.1578340918e+09
   295 2    1.789161   4.12 1.17602    1.177   5999. 1.999e-07  4.38e+00   1.20000000 1.2158340918e+09
   296 2    1.800591   4.11 1.17962    1.180   5999. 1.984e-07  4.37e+00   1.20000000 1.2738340918e+09
   297 2    1.812609   4.10 1.18265    1.183   6000. 1.980e-07  4.37e+00   1.20000000 1.3318340918e+09
   298 2    1.824379   4.10 1.18561    1.186   6005. 1.976e-07  4.37e+00   1.20000000 1.3898340918e+09
   299 2    1.836219   4.09 1.18934    1.190   6000. 1.961e-07  4.37e+00   1.20000000 1.4478340918e+09
   300 2    1.848263   4.08 1.19237    1.193   6006. 1.957e-07  4.36e+00   1.20000000 1.5058340918e+09
   301 2    1.861155   4.08 1.19556    1.196   6011. 1.953e-07  4.36e+00   1.20000000 1.5638340918e+09
   302 2    1.873074   4.07 1.19862    1.199   6012. 1.950e-07  4.36e+00   1.20000000 1.6218340918e+09
   303 2    1.885394   4.06 1.20249    1.203   6011. 1.935e-07  4.36e+00   1.20000000 1.6798340918e+09
   304 2    1.898415   4.05 1.20579    1.206   6015. 1.931e-07  4.35e+00   1.20000000 1.7378340918e+09
   305 2    1.910988   4.05 1.20971    1.210   6011. 1.918e-07  4.35e+00   1.20000000 1.7958340918e+09
   306 2    1.923675   4.04 1.21296    1.214   6017. 1.914e-07  4.35e+00   1.20000000 1.8538340918e+09
   307 2    1.936983   4.03 1.21636    1.217   6019. 1.911e-07  4.35e+00   1.20000000 1.9118340918e+09
   308 2    1.949957   4.02 1.22038    1.221   6018. 1.897e-07  4.34e+00   1.20000000 1.9698340918e+09
   309 2    1.964151   4.02 1.22400    1.225   6021. 1.894e-07  4.34e+00   1.20000000 2.0278340918e+09
   310 2    1.977550   4.01 1.22733    1.228   6024. 1.890e-07  4.34e+00   1.20000000 2.0858340918e+09
   311 2    1.991406   4.00 1.23159    1.232   6024. 1.877e-07  4.34e+00   1.20000000 2.1438340918e+09
   312 2    2.004148   4.00 1.23503    1.236   6025. 1.875e-07  4.33e+00   1.20000000 2.2018340918e+09
   313 2    2.017707   3.99 1.23930    1.240   6025. 1.862e-07  4.33e+00   1.20000000 2.2598340918e+09
   314 2    2.031991   3.98 1.24305    1.244   6026. 1.859e-07  4.33e+00   1.20000000 2.3178340918e+09
   315 2    2.045827   3.97 1.24738    1.248   6026. 1.846e-07  4.32e+00   1.20000000 2.3758340918e+09
   316 2    2.059752   3.97 1.25111    1.252   6028. 1.844e-07  4.32e+00   1.20000000 2.4338340918e+09
   317 2    2.074280   3.96 1.25561    1.256   6027. 1.832e-07  4.32e+00   1.20000000 2.4918340918e+09
   318 2    2.088519   3.95 1.25943    1.260   6029. 1.830e-07  4.32e+00   1.20000000 2.5498340918e+09
   319 2    2.102778   3.94 1.26395    1.265   6028. 1.818e-07  4.31e+00   1.20000000 2.6078340918e+09
   320 2    2.117800   3.94 1.26800    1.269   6029. 1.816e-07  4.31e+00   1.20000000 2.6658340918e+09
   321 2    2.132402   3.93 1.27261    1.273   6029. 1.805e-07  4.31e+00   1.20000000 2.7238340918e+09
   322 2    2.146842   3.92 1.27663    1.277   6030. 1.804e-07  4.30e+00   1.20000000 2.7818340918e+09
   323 2    2.161677   3.91 1.28140    1.282   6029. 1.793e-07  4.30e+00   1.20000000 2.8398340918e+09
   324 2    2.176543   3.91 1.28621    1.287   6028. 1.782e-07  4.30e+00   1.20000000 2.8978340918e+09
   325 2    2.191513   3.90 1.29043    1.291   6029. 1.781e-07  4.30e+00   1.20000000 2.9558340918e+09
   326 2    2.207289   3.89 1.29546    1.296   6028. 1.771e-07  4.29e+00   1.20000000 3.0138340918e+09
   327 2    2.221938   3.88 1.30037    1.301   6026. 1.762e-07  4.29e+00   1.20000000 3.0718340918e+09
   328 2    2.236889   3.88 1.30474    1.305   6026. 1.761e-07  4.29e+00   1.20000000 3.1298340918e+09
   329 2    2.252141   3.87 1.30985    1.311   6023. 1.750e-07  4.28e+00   1.20000000 3.1878340918e+09
   330 2    2.268505   3.86 1.31519    1.316   6019. 1.739e-07  4.28e+00   1.20000000 3.2458340918e+09
   331 2    2.282880   3.85 1.31969    1.320   6018. 1.738e-07  4.28e+00   1.20000000 3.3038340918e+09
   332 2    2.298457   3.85 1.32521    1.326   6013. 1.727e-07  4.27e+00   1.20000000 3.3618340918e+09
   333 2    2.315759   3.84 1.33100    1.332   6013. 1.718e-07  4.27e+00   1.20000000 3.4198340918e+09
   334 2    2.329588   3.83 1.33561    1.336   6016. 1.720e-07  4.27e+00   1.20000000 3.4778340918e+09
   335 2    2.346290   3.82 1.34132    1.342   6013. 1.711e-07  4.26e+00   1.20000000 3.5358340918e+09
   336 2    2.362520   3.82 1.34710    1.348   6007. 1.702e-07  4.26e+00   1.20000000 3.5938340918e+09
   337 2    2.376822   3.81 1.35277    1.354   6001. 1.693e-07  4.25e+00   1.20000000 3.6518340918e+09
   338 2    2.393187   3.80 1.35888    1.360   6000. 1.688e-07  4.25e+00   1.20000000 3.7098340918e+09
   339 2    2.408757   3.80 1.36447    1.365   6001. 1.684e-07  4.25e+00   1.20000000 3.7678340918e+09
   340 2    2.423275   3.79 1.37032    1.371   5996. 1.679e-07  4.24e+00   1.20000000 3.8258340918e+09
   341 2    2.438647   3.78 1.37647    1.377   5985. 1.670e-07  4.24e+00   1.20000000 3.8838340918e+09
   342 2    2.453817   3.78 1.38206    1.383   5993. 1.671e-07  4.24e+00   1.20000000 3.9418340918e+09
   343 2    2.470122   3.77 1.38824    1.389   5979. 1.662e-07  4.23e+00   1.20000000 3.9998340918e+09
   344 2    2.484033   3.76 1.39426    1.395   5976. 1.657e-07  4.23e+00   1.20000000 4.0578340918e+09
   345 2    2.498016   3.76 1.40104    1.402   5975. 1.655e-07  4.22e+00   1.20000000 4.1158340918e+09
   346 2    2.512263   3.75 1.40747    1.408   5969. 1.650e-07  4.22e+00   1.20000000 4.1738340918e+09
   347 2    2.526264   3.74 1.41403    1.415   5963. 1.646e-07  4.22e+00   1.20000000 4.2318340918e+09
   348 2    2.539953   3.74 1.42085    1.422   5956. 1.642e-07  4.21e+00   1.20000000 4.2898340918e+09
   349 2    2.541460   3.74 1.42665    1.427   5939. 1.642e-07  4.21e+00   1.20000000 4.3478340918e+09
   350 2    2.567269   3.73 1.43506    1.436   5946. 1.637e-07  4.20e+00   1.20000000 4.4058340918e+09
   351 2    2.580497   3.72 1.44212    1.443   5932. 1.631e-07  4.20e+00   1.20000000 4.4638340918e+09
   352 2    2.593081   3.72 1.44913    1.450   5924. 1.628e-07  4.19e+00   1.20000000 4.5218340918e+09
   353 2    2.604989   3.71 1.45645    1.457   5918. 1.626e-07  4.19e+00   1.20000000 4.5798340918e+09
   354 2    2.616859   3.71 1.46457    1.465   5906. 1.623e-07  4.19e+00   1.20000000 4.6378340918e+09
   355 2    2.627649   3.70 1.47196    1.473   5900. 1.623e-07  4.18e+00   1.20000000 4.6958340918e+09
   356 2    2.638049   3.70 1.48032    1.481   5893. 1.623e-07  4.18e+00   1.20000000 4.7538340918e+09
   357 2    2.647995   3.69 1.48810    1.489   5885. 1.622e-07  4.17e+00   1.20000000 4.8118340918e+09
   358 2    2.657340   3.69 1.49691    1.498   5866. 1.618e-07  4.17e+00   1.20000000 4.8698340918e+09
   359 2    2.665982   3.69 1.50478    1.506   5857. 1.617e-07  4.16e+00   1.20000000 4.9278340918e+09
   360 2    2.674151   3.68 1.51347    1.514   5842. 1.615e-07  4.16e+00   1.20000000 4.9858340918e+09
   361 2    2.681352   3.68 1.52215    1.523   5831. 1.615e-07  4.15e+00   1.20000000 5.0438340918e+09
   362 2    2.687895   3.68 1.53089    1.532   5816. 1.614e-07  4.15e+00   1.20000000 5.1018340918e+09
   363 2    2.693895   3.67 1.53974    1.541   5805. 1.614e-07  4.14e+00   1.20000000 5.1598340918e+09
   364 2    2.699473   3.67 1.54958    1.551   5790. 1.615e-07  4.14e+00   1.20000000 5.2178340918e+09
   365 2    2.704514   3.67 1.55826    1.559   5778. 1.615e-07  4.13e+00   1.20000000 5.2758340918e+09
   366 2    2.708912   3.67 1.56783    1.569   5761. 1.614e-07  4.13e+00   1.20000000 5.3338340918e+09
   367 2    2.713229   3.67 1.57714    1.578   5747. 1.615e-07  4.12e+00   1.20000000 5.3918340918e+09
   368 2    2.716985   3.66 1.58608    1.587   5734. 1.614e-07  4.12e+00   1.20000000 5.4498340918e+09
   369 2    2.720551   3.66 1.59609    1.597   5717. 1.614e-07  4.11e+00   1.20000000 5.5078340918e+09
   370 2    2.723919   3.66 1.60574    1.607   5696. 1.610e-07  4.11e+00   1.20000000 5.5658340918e+09
   371 2    2.728326   3.66 1.61599    1.617   5685. 1.612e-07  4.10e+00   1.20000000 5.6238340918e+09
   372 2    2.732105   3.66 1.62606    1.627   5670. 1.611e-07  4.09e+00   1.20000000 5.6818340918e+09
   373 2    2.739606   3.66 1.63618    1.637   5647. 1.603e-07  4.09e+00   1.20000000 5.7398340918e+09
   374 2    2.746994   3.65 1.64789    1.649   5633. 1.602e-07  4.08e+00   1.20000000 5.7978340918e+09
   375 2    2.760631   3.65 1.65883    1.660   5628. 1.600e-07  4.08e+00   1.20000000 5.8558340918e+09
   376 2    2.780469   3.64 1.67027    1.671   5609. 1.589e-07  4.07e+00   1.20000000 5.9138340918e+09
   377 2    2.812331   3.63 1.68191    1.683   5608. 1.580e-07  4.07e+00   1.20000000 5.9718340918e+09
   378 2    2.870822   3.60 1.69567    1.697   5618. 1.565e-07  4.06e+00   1.20000000 6.0298340918e+09
   379 2    2.977223   3.57 1.71359    1.715   5638. 1.538e-07  4.05e+00   1.20000000 6.0878340918e+09
